,accelerometerAccelerationX(G),accelerometerAccelerationY(G),accelerometerAccelerationZ(G)
0,0.01953125,-0.9921875,0.0546875
1,0.01953125,-0.99609375,0.078125
2,0.0234375,-0.9921875,0.0703125
3,0.01953125,-1.0078125,0.05078125
4,0.01171875,-1.00390625,0.0703125
5,0.03125,-1.01171875,0.05078125
6,0.01953125,-1.0078125,0.0390625
7,0.03125,-1.015625,0.0390625
8,0.0234375,-1.02734375,0.04296875
9,0.02734375,-1.015625,0.03515625
10,0.01953125,-1.03125,0.05859375
11,0.01953125,-1.0234375,0.046875
12,0.0234375,-1.04296875,0.0546875
13,0.0234375,-1.04296875,0.0546875
14,0.03125,-1.03125,0.03515625
15,0.0234375,-1.03515625,0.046875
16,0.01953125,-1.02734375,0.05859375
17,0.01953125,-1.02734375,0.03515625
18,0.0390625,-1.03515625,0.05078125
19,0.0390625,-1.01953125,0.05078125
20,0.0390625,-1.01953125,0.0390625
21,0.03125,-1.015625,0.05078125
22,0.02734375,-1.01171875,0.04296875
23,0.03515625,-1.01171875,0.03125
24,0.02734375,-1.0078125,0.0546875
25,0.0390625,-1.01953125,0.0390625
26,0.01953125,-1.00390625,0.04296875
27,0.03515625,-1.0078125,0.03515625
28,0.03515625,-1.0,0.04296875
29,0.03125,-0.99609375,0.0390625
30,0.02734375,-0.99609375,0.046875
31,0.0234375,-0.9921875,0.0390625
32,0.03125,-1.0,0.02734375
33,0.0234375,-0.9921875,0.0390625
34,0.01953125,-1.00390625,0.046875
35,0.0390625,-1.0,0.046875
36,0.02734375,-0.984375,0.0234375
37,0.0390625,-0.98828125,0.0390625
38,0.03515625,-0.98828125,0.03515625
39,0.0390625,-0.99609375,0.03125
40,0.0390625,-1.01171875,0.04296875
41,0.046875,-0.9921875,0.05078125
42,0.0390625,-0.99609375,0.05078125
43,0.04296875,-0.99609375,0.0546875
44,0.04296875,-0.984375,0.06640625
45,0.04296875,-0.99609375,0.05078125
46,0.04296875,-1.0,0.04296875
47,0.0390625,-0.9921875,0.05859375
48,0.05078125,-0.98828125,0.05078125
49,0.04296875,-1.00390625,0.0625
50,0.04296875,-0.99609375,0.05078125
51,0.02734375,-1.0,0.0546875
52,0.03515625,-1.0078125,0.046875
53,0.03515625,-0.99609375,0.04296875
54,0.01953125,-1.00390625,0.04296875
55,0.0234375,-1.00390625,0.0546875
56,0.03515625,-1.0078125,0.03515625
57,0.01953125,-1.00390625,0.03515625
58,0.03125,-1.0078125,0.03515625
59,0.02734375,-1.0078125,0.03515625
60,0.01953125,-1.00390625,0.03125
61,0.03515625,-0.99609375,0.04296875
62,0.03125,-1.00390625,0.03515625
63,0.04296875,-1.00390625,0.05859375
64,0.01953125,-1.01171875,0.03125
65,0.03515625,-1.0078125,0.03125
66,0.0234375,-0.9921875,0.03125
67,0.01953125,-1.0,0.02734375
68,0.015625,-1.00390625,0.02734375
69,0.01953125,-1.00390625,0.046875
70,0.02734375,-1.01171875,0.0390625
71,0.01953125,-0.9921875,0.05078125
72,0.01953125,-0.9921875,0.02734375
73,0.03125,-1.0078125,0.03125
74,0.015625,-0.99609375,0.0390625
75,0.015625,-0.99609375,0.03515625
76,0.02734375,-0.98828125,0.03515625
77,0.01953125,-0.98828125,0.03515625
78,0.01171875,-0.98046875,0.0390625
79,0.01953125,-0.99609375,0.04296875
80,0.0234375,-0.9921875,0.04296875
81,0.03125,-0.99609375,0.03515625
82,0.03515625,-1.0078125,0.0390625
83,0.03125,-0.9921875,0.03515625
84,0.03125,-1.0,0.03515625
85,0.03125,-1.0,0.0390625
86,0.03125,-1.0078125,0.04296875
87,0.02734375,-1.0,0.0390625
88,0.046875,-1.01171875,0.04296875
89,0.03125,-1.015625,0.02734375
90,0.03515625,-0.98828125,0.0546875
91,0.03515625,-1.0078125,0.046875
92,0.03125,-1.0,0.03125
93,0.03515625,-1.0,0.04296875
94,0.03515625,-0.99609375,0.04296875
95,0.02734375,-1.0,0.03515625
96,0.03125,-1.0,0.04296875
97,0.03125,-0.99609375,0.046875
98,0.0234375,-0.98828125,0.03125
99,0.03125,-0.99609375,0.02734375
100,0.03515625,-0.98828125,0.0390625
101,0.0234375,-0.98828125,0.0234375
102,0.03125,-0.984375,0.03125
103,0.03125,-0.9921875,0.04296875
104,0.02734375,-0.98828125,0.02734375
105,0.03125,-1.0078125,0.05078125
106,0.0234375,-1.00390625,0.04296875
107,0.02734375,-0.9921875,0.0546875
108,0.03515625,-0.9921875,0.05078125
109,0.02734375,-1.0,0.0390625
110,0.02734375,-0.984375,0.05859375
111,0.02734375,-0.99609375,0.03515625
112,0.04296875,-1.0,0.04296875
113,0.01953125,-0.9921875,0.0390625
114,0.0390625,-0.9921875,0.05078125
115,0.03515625,-0.98828125,0.05078125
116,0.0390625,-1.0,0.046875
117,0.02734375,-1.00390625,0.046875
118,0.03515625,-0.98828125,0.05859375
119,0.0390625,-1.00390625,0.046875
120,0.03125,-0.98828125,0.0390625
121,0.01171875,-1.0,0.03125
122,0.0234375,-1.0,0.04296875
123,0.0234375,-1.0078125,0.0390625
124,0.0234375,-1.015625,0.03515625
125,0.0234375,-1.00390625,0.03125
126,0.03125,-1.01171875,0.04296875
127,0.01953125,-1.01953125,0.02734375
128,0.02734375,-1.0234375,0.03515625
129,0.02734375,-1.015625,0.03125
130,0.0234375,-1.01171875,0.02734375
131,0.01953125,-1.01953125,0.0546875
132,0.0078125,-1.0078125,0.03515625
133,0.015625,-1.00390625,0.0234375
134,0.00390625,-1.01171875,0.01953125
135,0.01171875,-1.01171875,0.04296875
136,0.015625,-1.0,0.01953125
137,0.0078125,-0.99609375,0.04296875
138,0.03125,-0.9921875,0.03125
139,0.015625,-0.9921875,0.03125
140,0.03125,-0.9921875,0.03515625
141,0.02734375,-0.98046875,0.04296875
142,0.03515625,-0.9921875,0.02734375
143,0.02734375,-0.984375,0.046875
144,0.03125,-0.9921875,0.046875
145,0.0390625,-0.98828125,0.0390625
146,0.04296875,-1.00390625,0.0546875
147,0.0390625,-1.0,0.046875
148,0.0390625,-0.984375,0.0546875
149,0.03515625,-0.9921875,0.046875
150,0.04296875,-0.98046875,0.0625
151,0.03515625,-0.9921875,0.0625
152,0.0390625,-0.9921875,0.046875
153,0.0390625,-0.99609375,0.04296875
154,0.0390625,-1.00390625,0.0390625
155,0.0390625,-0.99609375,0.02734375
156,0.0390625,-0.98828125,0.0390625
157,0.04296875,-1.0,0.02734375
158,0.0390625,-1.00390625,0.04296875
159,0.02734375,-0.99609375,0.0546875
160,0.03125,-0.99609375,0.05859375
161,0.04296875,-1.0078125,0.05859375
162,0.04296875,-1.00390625,0.05078125
163,0.04296875,-0.984375,0.05078125
164,0.0390625,-0.99609375,0.05078125
165,0.03515625,-0.98828125,0.05859375
166,0.0234375,-0.984375,0.0546875
167,0.02734375,-0.984375,0.0546875
168,0.03125,-0.98828125,0.06640625
169,0.03515625,-0.99609375,0.046875
170,0.03125,-0.9921875,0.04296875
171,0.03125,-0.984375,0.05078125
172,0.0234375,-0.98828125,0.046875
173,0.0234375,-0.99609375,0.0625
174,0.03125,-1.0,0.046875
175,0.01953125,-1.0,0.05859375
176,0.0234375,-1.01171875,0.0546875
177,0.03515625,-1.02734375,0.0546875
178,0.03125,-1.0078125,0.0234375
179,0.02734375,-0.99609375,0.046875
180,0.01953125,-0.99609375,0.0390625
181,0.015625,-1.0,0.0546875
182,0.01953125,-0.9921875,0.05859375
183,0.015625,-0.99609375,0.0703125
184,0.015625,-0.99609375,0.06640625
185,0.03125,-0.9921875,0.05078125
186,0.0234375,-0.98828125,0.0546875
187,0.0234375,-0.98828125,0.0546875
188,0.0234375,-0.98828125,0.05078125
189,0.015625,-0.9921875,0.05078125
190,0.03125,-0.984375,0.0703125
191,0.015625,-0.9921875,0.05078125
192,0.0234375,-0.99609375,0.06640625
193,0.0234375,-0.9921875,0.0546875
194,0.02734375,-0.99609375,0.0546875
195,0.01953125,-0.984375,0.0390625
196,0.02734375,-0.9921875,0.05859375
197,0.02734375,-0.99609375,0.0703125
198,0.0234375,-1.0,0.05078125
199,0.03515625,-1.00390625,0.0546875
200,0.0078125,-1.01171875,0.05078125
201,0.04296875,-1.01953125,0.0546875
202,0.03125,-1.0078125,0.05859375
203,0.03125,-1.00390625,0.05859375
204,0.03125,-1.00390625,0.05078125
205,0.0234375,-0.9921875,0.0546875
206,0.0234375,-0.98828125,0.0546875
207,0.02734375,-1.00390625,0.04296875
208,0.0234375,-0.99609375,0.046875
209,0.0234375,-1.0078125,0.05859375
210,0.03125,-1.0,0.05859375
211,0.02734375,-0.9921875,0.05859375
212,0.01953125,-0.98828125,0.046875
213,0.0234375,-1.00390625,0.046875
214,0.03125,-0.98046875,0.05078125
215,0.03515625,-0.99609375,0.0625
216,0.0234375,-0.98828125,0.0546875
217,0.03125,-1.0,0.07421875
218,0.0234375,-0.98046875,0.05078125
219,0.0234375,-0.98828125,0.05859375
220,0.02734375,-0.9921875,0.05078125
221,0.03125,-0.99609375,0.0546875
222,0.04296875,-0.98828125,0.046875
223,0.0234375,-0.98828125,0.046875
224,0.01953125,-0.9921875,0.05078125
225,0.0234375,-0.984375,0.05859375
226,0.02734375,-1.0,0.04296875
227,0.02734375,-0.9921875,0.0625
228,0.015625,-0.984375,0.05859375
229,0.03125,-0.98046875,0.04296875
230,0.0234375,-0.99609375,0.06640625
231,0.0234375,-0.98046875,0.05078125
232,0.01171875,-0.99609375,0.0625
233,0.0234375,-0.9921875,0.05859375
234,0.00390625,-0.99609375,0.05859375
235,0.015625,-1.0,0.05859375
236,0.01953125,-0.99609375,0.0546875
237,0.0234375,-1.00390625,0.046875
238,0.0234375,-0.99609375,0.0625
239,0.01953125,-0.98828125,0.046875
240,0.03515625,-0.9921875,0.0625
241,0.0234375,-0.984375,0.05859375
242,0.01953125,-1.0,0.0390625
243,0.03125,-0.99609375,0.0625
244,0.0234375,-0.984375,0.05078125
245,0.03125,-0.99609375,0.0390625
246,0.02734375,-0.9921875,0.0625
247,0.02734375,-1.00390625,0.0546875
248,0.03125,-1.00390625,0.05078125
249,0.0234375,-0.99609375,0.05859375
250,0.01953125,-1.00390625,0.05078125
251,0.03515625,-1.0,0.04296875
252,0.03125,-1.00390625,0.0625
253,0.01953125,-0.99609375,0.046875
254,0.0234375,-0.99609375,0.046875
255,0.02734375,-0.99609375,0.0625
256,0.0234375,-1.0078125,0.0546875
257,0.02734375,-0.99609375,0.0390625
258,0.0390625,-1.0,0.06640625
259,0.01953125,-0.99609375,0.0625
260,0.02734375,-0.9921875,0.05078125
261,0.01953125,-0.99609375,0.04296875
262,0.01953125,-0.98828125,0.05078125
263,0.02734375,-1.0078125,0.046875
264,0.02734375,-0.99609375,0.0546875
265,0.03125,-0.98828125,0.046875
266,0.0390625,-0.9921875,0.0390625
267,0.0234375,-1.0,0.05078125
268,0.03125,-0.9921875,0.05078125
269,0.01953125,-0.99609375,0.02734375
270,0.0390625,-1.0078125,0.04296875
271,0.0234375,-1.01171875,0.0546875
272,0.02734375,-1.00390625,0.046875
273,0.02734375,-1.015625,0.05859375
274,0.0234375,-1.01171875,0.0390625
275,0.01953125,-0.984375,0.03125
276,0.0234375,-1.0078125,0.046875
277,0.01953125,-1.00390625,0.04296875
278,0.02734375,-0.99609375,0.046875
279,0.0234375,-0.98828125,0.0546875
280,0.03125,-1.0,0.046875
281,0.02734375,-0.98828125,0.046875
282,0.02734375,-0.99609375,0.0625
283,0.01953125,-0.98828125,0.0390625
284,0.02734375,-1.0,0.046875
285,0.03515625,-1.0078125,0.04296875
286,0.03515625,-1.00390625,0.02734375
287,0.02734375,-1.0078125,0.046875
288,0.03125,-1.0,0.04296875
289,0.03125,-1.0078125,0.04296875
290,0.0234375,-1.0,0.0546875
291,0.0234375,-1.0,0.05078125
292,0.02734375,-1.00390625,0.0546875
293,0.0234375,-0.98828125,0.0546875
294,0.0234375,-0.99609375,0.03515625
295,0.02734375,-0.98828125,0.05859375
296,0.03125,-0.98828125,0.0546875
297,0.03515625,-0.984375,0.04296875
298,0.0390625,-1.00390625,0.0390625
299,0.03515625,-0.984375,0.04296875
300,0.01953125,-0.98828125,0.03515625
301,0.02734375,-0.9921875,0.05859375
302,0.03125,-1.00390625,0.05859375
303,0.03515625,-1.00390625,0.05078125
304,0.03125,-1.0078125,0.046875
305,0.02734375,-1.0,0.0625
306,0.01953125,-1.0,0.04296875
307,0.02734375,-1.00390625,0.05078125
308,0.03515625,-1.00390625,0.07421875
309,0.0390625,-1.015625,0.04296875
310,0.02734375,-1.0078125,0.0546875
311,0.02734375,-0.9921875,0.0546875
312,0.03125,-0.98828125,0.04296875
313,0.02734375,-1.0,0.05859375
314,0.0234375,-1.0,0.04296875
315,0.02734375,-1.00390625,0.05078125
316,0.02734375,-0.9921875,0.0390625
317,0.0234375,-0.98828125,0.05078125
318,0.0234375,-0.9921875,0.04296875
319,0.015625,-0.984375,0.0390625
320,0.0234375,-0.99609375,0.046875
321,0.0234375,-1.01171875,0.02734375
322,0.0234375,-0.9921875,0.04296875
323,0.02734375,-0.99609375,0.03125
324,0.0234375,-0.99609375,0.05078125
325,0.01953125,-0.9921875,0.0546875
326,0.03515625,-0.98828125,0.0546875
327,0.0234375,-0.984375,0.05078125
328,0.03125,-0.99609375,0.046875
329,0.0234375,-0.98046875,0.0546875
330,0.0390625,-0.9921875,0.04296875
331,0.015625,-1.0,0.046875
332,0.015625,-0.99609375,0.05078125
333,0.0234375,-0.99609375,0.05078125
334,0.0234375,-1.0,0.05859375
335,0.02734375,-0.98828125,0.046875
336,0.01953125,-1.0,0.05078125
337,0.0234375,-0.99609375,0.046875
338,0.03515625,-1.01171875,0.03515625
339,0.02734375,-0.9921875,0.04296875
340,0.02734375,-0.98828125,0.0546875
341,0.02734375,-0.9921875,0.05078125
342,0.02734375,-1.00390625,0.06640625
343,0.0390625,-1.00390625,0.04296875
344,0.02734375,-0.98828125,0.04296875
345,0.03515625,-1.00390625,0.0390625
346,0.04296875,-0.99609375,0.04296875
347,0.02734375,-0.98828125,0.04296875
348,0.03125,-1.0,0.05078125
349,0.0390625,-0.98828125,0.03125
350,0.03125,-0.9921875,0.05078125
351,0.02734375,-0.9921875,0.046875
352,0.03515625,-1.00390625,0.03515625
353,0.02734375,-0.9921875,0.0390625
354,0.04296875,-0.9921875,0.05078125
355,0.03515625,-1.00390625,0.0546875
356,0.0390625,-1.0078125,0.05078125
357,0.03515625,-1.00390625,0.04296875
358,0.03515625,-1.0078125,0.04296875
359,0.0390625,-1.00390625,0.046875
360,0.03515625,-1.00390625,0.04296875
361,0.03125,-1.00390625,0.02734375
362,0.0234375,-0.99609375,0.05859375
363,0.03515625,-0.99609375,0.05859375
364,0.03515625,-0.9921875,0.03125
365,0.04296875,-1.0,0.05078125
366,0.03125,-1.0,0.04296875
367,0.03515625,-1.0,0.046875
368,0.0234375,-1.0,0.0546875
369,0.03515625,-1.0078125,0.0546875
370,0.03125,-1.0,0.04296875
371,0.0390625,-1.00390625,0.05078125
372,0.04296875,-1.0078125,0.06640625
373,0.03125,-0.99609375,0.0546875
374,0.03515625,-1.0234375,0.03125
375,0.04296875,-1.0,0.06640625
376,0.02734375,-0.98828125,0.05078125
377,0.03125,-0.9921875,0.0625
378,0.03515625,-0.98828125,0.05859375
379,0.03515625,-0.99609375,0.05078125
380,0.02734375,-0.98828125,0.05078125
381,0.03515625,-1.0,0.03515625
382,0.02734375,-1.0,0.0390625
383,0.02734375,-1.00390625,0.046875
384,0.015625,-1.0,0.0546875
385,0.03125,-1.0078125,0.05078125
386,0.0234375,-0.98828125,0.03515625
387,0.02734375,-1.0078125,0.046875
388,0.0234375,-1.00390625,0.05078125
389,0.03125,-1.0,0.0390625
390,0.02734375,-0.99609375,0.03125
391,0.03125,-1.0078125,0.05078125
392,0.02734375,-1.00390625,0.04296875
393,0.0234375,-1.0078125,0.05859375
394,0.01953125,-0.99609375,0.05859375
395,0.03515625,-1.00390625,0.05078125
396,0.0234375,-0.9921875,0.0546875
397,0.0234375,-0.98046875,0.046875
398,0.03125,-0.99609375,0.05078125
399,0.02734375,-1.00390625,0.03515625
400,0.03125,-1.0,0.05859375
401,0.02734375,-0.9921875,0.0390625
402,0.02734375,-0.99609375,0.0390625
403,0.01953125,-1.0,0.046875
404,0.02734375,-1.0,0.046875
405,0.02734375,-1.0,0.0546875
406,0.0234375,-0.99609375,0.0546875
407,0.0234375,-0.99609375,0.046875
408,0.01953125,-1.00390625,0.0546875
409,0.015625,-1.00390625,0.05859375
410,0.015625,-0.9921875,0.0390625
411,0.0234375,-0.99609375,0.05859375
412,0.02734375,-0.99609375,0.0546875
413,0.02734375,-0.98828125,0.03515625
414,0.02734375,-0.984375,0.046875
415,0.03125,-0.984375,0.0390625
416,0.015625,-0.98828125,0.04296875
417,0.05078125,-0.98046875,0.03515625
418,0.03515625,-0.984375,0.046875
419,0.02734375,-0.984375,0.046875
420,0.03515625,-0.98828125,0.0546875
421,0.03125,-0.98828125,0.03515625
422,0.02734375,-0.9921875,0.04296875
423,0.0234375,-1.0,0.0546875
424,0.02734375,-0.9921875,0.04296875
425,0.01171875,-0.98828125,0.04296875
426,0.0234375,-0.99609375,0.0390625
427,0.02734375,-0.98828125,0.0390625
428,0.02734375,-0.9921875,0.0546875
429,0.0234375,-0.99609375,0.03515625
430,0.02734375,-1.0,0.04296875
431,0.02734375,-1.0,0.03515625
432,0.0234375,-0.984375,0.0390625
433,0.02734375,-0.99609375,0.0390625
434,0.02734375,-0.9921875,0.03515625
435,0.0234375,-0.984375,0.0390625
436,0.03125,-0.984375,0.04296875
437,0.03515625,-1.0,0.03125
438,0.03515625,-0.98828125,0.03515625
439,0.03515625,-0.984375,0.05078125
440,0.0390625,-0.9921875,0.0234375
441,0.0390625,-1.0,0.04296875
442,0.0390625,-1.00390625,0.04296875
443,0.03515625,-1.01171875,0.0546875
444,0.02734375,-1.015625,0.0546875
445,0.03125,-0.99609375,0.03125
446,0.03125,-1.015625,0.0390625
447,0.03125,-1.01953125,0.046875
448,0.02734375,-1.00390625,0.015625
449,0.02734375,-1.00390625,0.0390625
450,0.02734375,-0.98828125,0.04296875
451,0.0390625,-0.99609375,0.03515625
452,0.03515625,-0.9921875,0.02734375
453,0.0234375,-0.98828125,0.03125
454,0.03515625,-0.98828125,0.0390625
455,0.03125,-0.9921875,0.03515625
456,0.03125,-0.98828125,0.03125
457,0.03515625,-1.00390625,0.05078125
458,0.046875,-0.99609375,0.015625
459,0.03515625,-0.9921875,0.03125
460,0.02734375,-0.99609375,0.03125
461,0.03125,-1.00390625,0.046875
462,0.02734375,-0.9921875,0.0546875
463,0.03125,-0.98828125,0.03125
464,0.02734375,-0.9921875,0.05078125
465,0.04296875,-0.9921875,0.03515625
466,0.03125,-0.9921875,0.04296875
467,0.03515625,-0.98828125,0.046875
468,0.02734375,-0.98828125,0.0390625
469,0.0234375,-0.98828125,0.046875
470,0.03125,-1.00390625,0.03125
471,0.03125,-0.99609375,0.03125
472,0.03125,-1.0,0.0390625
473,0.0234375,-1.0078125,0.03125
474,0.0234375,-1.00390625,0.03515625
475,0.03515625,-1.00390625,0.03125
476,0.03125,-1.0078125,0.0390625
477,0.03125,-0.9921875,0.015625
478,0.03515625,-1.0,0.03125
479,0.03125,-0.99609375,0.01953125
480,0.0390625,-0.99609375,0.01953125
481,0.03515625,-0.98828125,0.0234375
482,0.03125,-0.98828125,0.03515625
483,0.0390625,-0.9921875,0.015625
484,0.03515625,-0.98828125,0.046875
485,0.02734375,-1.0,0.04296875
486,0.0234375,-1.0,0.03125
487,0.0234375,-0.98828125,0.0390625
488,0.01953125,-1.0,0.03125
489,0.02734375,-0.99609375,0.015625
490,0.03125,-0.984375,0.03125
491,0.0390625,-0.99609375,0.0390625
492,0.0390625,-1.00390625,0.0390625
493,0.02734375,-1.0,0.03515625
494,0.02734375,-0.99609375,0.0390625
495,0.0234375,-0.98828125,0.03515625
496,0.04296875,-1.01171875,0.046875
497,0.03125,-1.0,0.03125
498,0.03125,-1.0078125,0.03515625
499,0.03515625,-1.0,0.02734375
500,0.0390625,-1.0,0.03125
501,0.0390625,-1.0078125,0.0234375
502,0.02734375,-1.0,0.015625
503,0.04296875,-0.98828125,0.01171875
504,0.03515625,-0.9921875,0.01171875
505,0.02734375,-0.98828125,0.0234375
506,0.0390625,-0.98828125,0.0234375
507,0.02734375,-0.99609375,0.03125
508,0.02734375,-1.00390625,0.02734375
509,0.0390625,-0.99609375,0.02734375
510,0.02734375,-1.00390625,0.03125
511,0.02734375,-1.0,0.02734375
512,0.02734375,-1.00390625,0.0390625
513,0.04296875,-1.0,0.03125
514,0.02734375,-1.0,0.015625
515,0.0234375,-0.9921875,0.03125
516,0.03125,-0.99609375,0.03125
517,0.02734375,-1.0,0.01171875
518,0.0234375,-0.98828125,0.01953125
519,0.03125,-0.99609375,0.01953125
520,0.03125,-1.00390625,0.015625
521,0.03125,-1.0078125,0.0078125
522,0.03515625,-1.00390625,0.01953125
523,0.03515625,-0.99609375,0.01171875
524,0.03515625,-1.01171875,0.01953125
525,0.02734375,-1.00390625,0.0234375
526,0.04296875,-1.00390625,0.02734375
527,0.02734375,-1.00390625,0.015625
528,0.02734375,-1.00390625,0.03125
529,0.03515625,-1.01171875,0.015625
530,0.02734375,-1.00390625,0.01953125
531,0.02734375,-1.0,0.015625
532,0.03125,-1.0,0.01953125
533,0.02734375,-0.9921875,0.01953125
534,0.0390625,-1.00390625,0.03515625
535,0.03515625,-0.9921875,0.03515625
536,0.02734375,-0.99609375,0.04296875
537,0.02734375,-0.99609375,0.04296875
538,0.01953125,-0.98828125,0.02734375
539,0.01171875,-1.0,0.02734375
540,0.01953125,-1.0,0.03125
541,0.015625,-0.99609375,0.0390625
542,0.0234375,-0.9921875,0.04296875
543,0.01953125,-0.99609375,0.05078125
544,0.02734375,-1.00390625,0.04296875
545,0.02734375,-0.98828125,0.03515625
546,0.0234375,-0.99609375,0.03125
547,0.02734375,-1.00390625,0.03125
548,0.01953125,-1.0,0.0
549,0.02734375,-1.00390625,0.0390625
550,0.0078125,-0.98828125,0.05078125
551,0.02734375,-1.00390625,0.0390625
552,0.01953125,-0.9921875,0.05078125
553,0.0234375,-0.98046875,0.05078125
554,0.0234375,-0.99609375,0.0546875
555,0.01953125,-0.98046875,0.0546875
556,0.0234375,-0.98046875,0.05078125
557,0.0234375,-0.98828125,0.05078125
558,0.03125,-0.99609375,0.0546875
559,0.02734375,-0.98828125,0.05859375
560,0.02734375,-0.9921875,0.04296875
561,0.0234375,-0.9921875,0.04296875
562,0.0234375,-0.98046875,0.0390625
563,0.0234375,-0.98828125,0.0234375
564,0.03515625,-1.0,0.03515625
565,0.03125,-0.984375,0.03515625
566,0.0234375,-0.9921875,0.0390625
567,0.02734375,-0.9921875,0.03515625
568,0.0390625,-1.01171875,0.01953125
569,0.0390625,-1.00390625,0.03515625
570,0.0703125,-0.98828125,0.05078125
571,0.0234375,-0.984375,0.02734375
572,0.01953125,-1.0,0.03125
573,0.03515625,-1.00390625,0.03125
574,0.03125,-1.0078125,0.01953125
575,0.02734375,-0.9921875,0.03125
576,0.01953125,-1.0,0.0390625
577,0.01953125,-0.9921875,0.0234375
578,0.02734375,-0.98828125,0.0234375
579,0.03125,-1.0078125,0.01953125
580,0.02734375,-1.0,0.0390625
581,0.0234375,-1.0,0.0078125
582,0.0234375,-0.9921875,0.01171875
583,0.03125,-1.0,0.00390625
584,0.01953125,-0.98828125,0.015625
585,0.02734375,-0.984375,0.0
586,0.03515625,-0.9765625,0.0234375
587,0.02734375,-0.984375,0.01171875
588,0.03515625,-0.98828125,0.02734375
589,0.03515625,-0.99609375,0.015625
590,0.03125,-0.99609375,0.0234375
591,0.01953125,-0.98046875,0.0078125
592,0.0390625,-0.99609375,0.01953125
593,0.0234375,-1.0,0.0234375
594,0.03125,-0.99609375,0.02734375
595,0.02734375,-1.00390625,0.0234375
596,0.02734375,-1.01171875,0.0390625
597,0.015625,-1.00390625,0.02734375
598,0.015625,-1.0,0.046875
599,0.03125,-1.01171875,0.015625
600,0.01953125,-1.0078125,0.02734375
601,0.0234375,-0.9921875,0.03125
602,0.03125,-1.0234375,0.0234375
603,0.02734375,-1.0078125,0.0078125
604,0.02734375,-1.0078125,0.02734375
605,0.0234375,-1.01171875,0.0078125
606,0.0234375,-1.0078125,-0.00390625
607,0.02734375,-1.0,0.0234375
608,0.0234375,-0.98828125,0.015625
609,0.03125,-0.9921875,0.01171875
610,0.01953125,-0.9921875,0.0234375
611,0.04296875,-1.00390625,0.02734375
612,0.02734375,-1.0078125,0.01171875
613,0.02734375,-1.00390625,0.015625
614,0.03125,-1.00390625,0.0234375
615,0.03125,-1.00390625,0.0234375
616,0.0390625,-1.00390625,0.01953125
617,0.02734375,-1.0,0.03125
618,0.02734375,-0.99609375,0.01953125
619,0.02734375,-1.0,0.02734375
620,0.03515625,-1.0,0.0234375
621,0.02734375,-1.0,0.015625
622,0.0390625,-1.0,0.01953125
623,0.02734375,-0.98046875,0.01953125
624,0.02734375,-1.00390625,0.01953125
625,0.02734375,-0.9921875,0.01953125
626,0.0390625,-0.99609375,0.0078125
627,0.02734375,-0.99609375,0.01953125
628,0.03125,-1.00390625,0.03515625
629,0.03515625,-0.99609375,0.04296875
630,0.02734375,-1.0,0.0234375
631,0.03515625,-0.99609375,0.0078125
632,0.0390625,-1.0,0.0234375
633,0.0390625,-1.00390625,0.0234375
634,0.03125,-0.99609375,0.015625
635,0.0234375,-0.984375,0.015625
636,0.015625,-0.9921875,0.0078125
637,0.015625,-0.99609375,0.015625
638,0.02734375,-1.0,0.01953125
639,0.03125,-0.9921875,0.01953125
640,0.02734375,-1.0,0.0078125
641,0.02734375,-1.0,0.01171875
642,0.03125,-0.9921875,0.015625
643,0.03125,-1.0078125,0.0234375
644,0.01953125,-0.9921875,0.01171875
645,0.0390625,-1.0,0.0078125
646,0.02734375,-0.9921875,0.03125
647,0.02734375,-1.00390625,0.0234375
648,0.03515625,-0.98828125,0.02734375
649,0.02734375,-0.9921875,0.0234375
650,0.03515625,-0.99609375,0.02734375
651,0.04296875,-0.99609375,0.03515625
652,0.0234375,-1.00390625,0.0234375
653,0.0390625,-1.0078125,0.03125
654,0.0390625,-1.0078125,0.01171875
655,0.03515625,-1.01171875,0.03125
656,0.0234375,-1.0,0.0390625
657,0.02734375,-1.0,0.0234375
658,0.02734375,-0.99609375,0.015625
659,0.02734375,-1.00390625,0.0390625
660,0.0234375,-0.9921875,0.01953125
661,0.02734375,-1.0,0.015625
662,0.03125,-0.98046875,0.01171875
663,0.0234375,-0.9765625,0.01953125
664,0.02734375,-0.984375,0.00390625
665,0.03515625,-0.98828125,0.0
666,0.03515625,-0.98828125,0.015625
667,0.03515625,-1.00390625,0.015625
668,0.03125,-0.99609375,0.0
669,0.02734375,-0.99609375,0.02734375
670,0.04296875,-1.0078125,0.03125
671,0.03515625,-1.01953125,0.015625
672,0.02734375,-1.015625,0.03515625
673,0.02734375,-1.01171875,0.0234375
674,0.01953125,-1.0078125,0.03125
675,0.02734375,-1.0078125,0.03515625
676,0.0234375,-1.0078125,0.0234375
677,0.02734375,-1.0,0.01953125
678,0.03515625,-0.99609375,0.03125
679,0.0234375,-0.9921875,0.0234375
680,0.02734375,-0.9921875,0.03125
681,0.03125,-0.99609375,0.03125
682,0.03125,-0.99609375,0.0390625
683,0.02734375,-0.984375,0.02734375
684,0.02734375,-0.9921875,0.03125
685,0.01953125,-0.984375,0.0234375
686,0.03125,-1.00390625,0.03515625
687,0.0234375,-1.0,0.05078125
688,0.04296875,-0.99609375,0.0390625
689,0.02734375,-1.00390625,0.03515625
690,0.03515625,-1.00390625,0.02734375
691,0.0234375,-0.98828125,0.02734375
692,0.02734375,-1.00390625,0.02734375
693,0.04296875,-1.0078125,0.02734375
694,0.03125,-1.01171875,0.00390625
695,0.02734375,-0.99609375,0.01953125
696,0.0390625,-1.01171875,-0.00390625
697,0.02734375,-1.0078125,0.00390625
698,0.02734375,-1.00390625,0.01953125
699,0.046875,-1.00390625,0.015625
700,0.02734375,-0.98828125,0.0078125
701,0.02734375,-1.00390625,0.02734375
702,0.0390625,-1.0078125,0.00390625
703,0.0390625,-1.0078125,0.00390625
704,0.02734375,-1.0,0.01953125
705,0.02734375,-0.99609375,0.01171875
706,0.01953125,-0.9921875,0.01953125
707,0.03125,-0.9921875,0.01953125
708,0.02734375,-1.0,0.0234375
709,0.03515625,-0.98828125,0.015625
710,0.0234375,-1.0,0.01953125
711,0.02734375,-0.9921875,0.01953125
712,0.03125,-1.00390625,0.015625
713,0.02734375,-1.01171875,0.00390625
714,0.01953125,-1.00390625,0.015625
715,0.01171875,-1.0078125,0.01171875
716,0.01953125,-1.01171875,0.015625
717,0.01953125,-1.00390625,0.01953125
718,0.015625,-1.015625,-0.00390625
719,0.01953125,-1.01953125,0.00390625
720,0.01953125,-1.03125,-0.0078125
721,0.0234375,-1.0,-0.015625
722,0.02734375,-1.03515625,-0.015625
723,0.0234375,-1.0234375,-0.01953125
724,0.03125,-1.0234375,-0.0078125
725,0.03515625,-1.0234375,-0.015625
726,0.03515625,-1.0234375,-0.01171875
727,0.0390625,-1.01953125,0.0078125
728,0.0390625,-1.0,-0.00390625
729,0.03515625,-1.015625,-0.00390625
730,0.03125,-0.9921875,-0.01953125
731,0.0390625,-0.99609375,-0.0078125
732,0.0390625,-0.9921875,-0.00390625
733,0.03125,-0.98828125,-0.01171875
734,0.0234375,-0.98828125,-0.0078125
735,0.01953125,-0.984375,0.0
736,0.01953125,-0.99609375,0.0078125
737,0.01953125,-0.9921875,0.00390625
738,0.01171875,-0.9921875,0.0
739,0.01953125,-0.99609375,0.00390625
740,0.01953125,-0.99609375,-0.01171875
741,0.01171875,-0.984375,-0.0078125
742,0.01171875,-0.9765625,-0.015625
743,0.01953125,-0.96875,-0.03125
744,0.015625,-0.98828125,-0.01953125
745,0.01171875,-0.984375,-0.03515625
746,0.0078125,-0.98828125,-0.015625
747,0.0234375,-0.99609375,-0.03125
748,0.01953125,-1.0,-0.015625
749,0.0234375,-0.9921875,-0.015625
750,0.0234375,-0.99609375,-0.01953125
751,0.03125,-0.9921875,-0.046875
752,0.0390625,-0.984375,-0.03515625
753,0.03125,-1.0,-0.0546875
754,0.03515625,-1.0,-0.046875
755,0.03125,-1.00390625,-0.0625
756,0.02734375,-1.00390625,-0.0625
757,0.0234375,-1.0078125,-0.06640625
758,0.01953125,-1.0,-0.05859375
759,0.01953125,-1.01171875,-0.05078125
760,0.02734375,-1.01171875,-0.0703125
761,0.01171875,-1.0,-0.078125
762,0.015625,-0.99609375,-0.06640625
763,0.01953125,-1.0,-0.07421875
764,0.01953125,-0.98828125,-0.0859375
765,0.0390625,-0.98828125,-0.0859375
766,0.0234375,-0.97265625,-0.09765625
767,0.02734375,-0.96484375,-0.11328125
768,0.04296875,-0.96484375,-0.109375
769,0.046875,-0.9765625,-0.125
770,0.0390625,-0.97265625,-0.13671875
771,0.04296875,-0.97265625,-0.1328125
772,0.0546875,-0.99609375,-0.15234375
773,0.05859375,-1.0,-0.15234375
774,0.05859375,-1.015625,-0.15234375
775,0.05078125,-0.9921875,-0.140625
776,0.046875,-1.0,-0.1640625
777,0.05859375,-1.00390625,-0.16796875
778,0.04296875,-0.98828125,-0.16796875
779,0.04296875,-0.98828125,-0.18359375
780,0.0390625,-0.98046875,-0.1875
781,0.04296875,-0.96875,-0.1953125
782,0.03515625,-0.9609375,-0.2109375
783,0.046875,-0.96875,-0.22265625
784,0.046875,-0.96484375,-0.22265625
785,0.05859375,-0.94921875,-0.23828125
786,0.05078125,-0.94921875,-0.25390625
787,0.0390625,-0.91015625,-0.265625
788,0.05078125,-0.91796875,-0.265625
789,0.046875,-0.91015625,-0.26171875
790,0.0546875,-0.8984375,-0.29296875
791,0.05859375,-0.87890625,-0.30859375
792,0.05859375,-0.86328125,-0.32421875
793,0.05859375,-0.85546875,-0.33203125
794,0.05078125,-0.83203125,-0.359375
795,0.05859375,-0.828125,-0.359375
796,0.0625,-0.8046875,-0.39453125
797,0.0390625,-0.79296875,-0.40625
798,0.046875,-0.7734375,-0.4140625
799,0.0390625,-0.765625,-0.4375
800,0.04296875,-0.73828125,-0.43359375
801,0.046875,-0.71875,-0.44921875
802,0.015625,-0.68359375,-0.46875
803,0.0390625,-0.65234375,-0.48828125
804,0.01171875,-0.6015625,-0.48046875
805,0.0078125,-0.57421875,-0.49609375
806,0.015625,-0.52734375,-0.48828125
807,0.00390625,-0.46875,-0.47265625
808,0.0078125,-0.4296875,-0.43359375
809,0.015625,-0.3671875,-0.39453125
810,0.00390625,-0.32421875,-0.33984375
811,0.0,-0.2734375,-0.27734375
812,0.00390625,-0.203125,-0.2265625
813,-0.01171875,-0.16796875,-0.16015625
814,-0.015625,-0.11328125,-0.1171875
815,-0.01953125,-0.0703125,-0.07421875
816,-0.03515625,-0.04296875,-0.05078125
817,-0.04296875,-0.046875,-0.0234375
818,-0.03515625,-0.078125,-0.0234375
819,-0.0625,-0.1171875,0.00390625
820,-0.0703125,-0.1484375,0.03515625
821,-0.08203125,-0.20703125,0.05859375
822,-0.0859375,-0.26171875,0.0546875
823,-0.0859375,-0.3125,0.0625
824,-0.06640625,-0.36328125,0.03515625
825,-0.05078125,-0.40234375,0.0078125
826,-0.046875,-0.41796875,-0.01953125
827,-0.03515625,-0.453125,-0.10546875
828,-0.03515625,-0.46484375,-0.16015625
829,-0.0078125,-0.484375,-0.234375
830,0.0,-0.5,-0.29296875
831,0.0,-0.515625,-0.35546875
832,0.00390625,-0.5390625,-0.390625
833,0.0234375,-0.5703125,-0.41015625
834,0.02734375,-0.59765625,-0.4375
835,0.0390625,-0.6328125,-0.4140625
836,0.05078125,-0.6640625,-0.37890625
837,0.046875,-0.69921875,-0.31640625
838,0.0625,-0.73828125,-0.25
839,0.06640625,-0.78125,-0.1875
840,0.08203125,-0.828125,-0.10546875
841,0.08203125,-0.8828125,-0.0625
842,0.0703125,-0.9296875,-0.01171875
843,0.0703125,-0.97265625,-0.015625
844,0.0703125,-1.0078125,0.0
845,0.0546875,-1.06640625,-0.0234375
846,0.0546875,-1.09765625,-0.07421875
847,0.05859375,-1.12890625,-0.15234375
848,0.03515625,-1.2734375,-0.2421875
849,0.0078125,-1.20703125,-0.26953125
850,0.01171875,-1.16796875,-0.3828125
851,0.01171875,-1.140625,-0.4921875
852,0.0,-1.12109375,-0.57421875
853,-0.03515625,-1.109375,-0.6484375
854,-0.08984375,-1.07421875,-0.6796875
855,-0.12890625,-1.04296875,-0.671875
856,-0.140625,-1.01171875,-0.6171875
857,-0.17578125,-1.00390625,-0.6015625
858,-0.15234375,-1.01953125,-0.515625
859,-0.15234375,-1.06640625,-0.5
860,-0.15234375,-1.07421875,-0.4140625
861,-0.09765625,-1.1171875,-0.43359375
862,-0.07421875,-1.125,-0.4453125
863,-0.015625,-1.15625,-0.48828125
864,0.10546875,-1.25,-0.5234375
865,0.125,-1.23828125,-0.57421875
866,0.19140625,-1.265625,-0.66796875
867,0.2421875,-1.27734375,-0.75
868,0.23046875,-1.26953125,-0.8203125
869,0.23828125,-1.29296875,-0.88671875
870,0.171875,-1.28515625,-0.91796875
871,0.16015625,-1.24609375,-0.94140625
872,0.1328125,-1.26953125,-0.9296875
873,0.07421875,-1.2578125,-0.9140625
874,0.0546875,-1.27734375,-0.8671875
875,0.02734375,-1.3046875,-0.84765625
876,-0.00390625,-1.30078125,-0.8515625
877,0.0234375,-1.3046875,-0.859375
878,0.0,-1.2890625,-0.828125
879,0.0,-1.296875,-0.84375
880,0.03515625,-1.32421875,-0.86328125
881,0.0859375,-1.29296875,-0.8671875
882,0.14453125,-1.29296875,-0.86328125
883,0.11328125,-1.24609375,-0.80078125
884,0.12109375,-1.234375,-0.81640625
885,0.16015625,-1.23046875,-0.76171875
886,0.15625,-1.21875,-0.75390625
887,0.14453125,-1.21484375,-0.74609375
888,0.13671875,-1.23046875,-0.7265625
889,0.1015625,-1.22265625,-0.7265625
890,0.078125,-1.20703125,-0.74609375
891,0.08203125,-1.234375,-0.75390625
892,0.0625,-1.2734375,-0.76171875
893,0.015625,-1.3203125,-0.734375
894,0.00390625,-1.375,-0.72265625
895,0.0,-1.45703125,-0.6875
896,0.0,-1.5078125,-0.67578125
897,-0.0078125,-1.6015625,-0.703125
898,-0.0078125,-1.6796875,-0.7421875
899,-0.01171875,-1.7421875,-0.80859375
900,-0.0390625,-1.765625,-0.88671875
901,-0.015625,-1.7890625,-0.98046875
902,-0.03125,-1.76953125,-1.08984375
903,-0.02734375,-1.66796875,-1.08984375
904,0.01171875,-1.5859375,-1.046875
905,0.00390625,-1.46484375,-0.92578125
906,-0.01171875,-1.31640625,-0.76171875
907,-0.00390625,-1.21484375,-0.62890625
908,-0.01953125,-1.125,-0.515625
909,-0.015625,-1.05078125,-0.390625
910,-0.03125,-0.984375,-0.29296875
911,-0.03125,-0.96484375,-0.19921875
912,-0.01171875,-0.94140625,-0.1328125
913,-0.01953125,-0.9296875,-0.11328125
914,0.03125,-0.88671875,-0.08984375
915,0.01171875,-0.8359375,-0.0859375
916,0.0390625,-0.89453125,-0.09765625
917,0.03515625,-0.875,-0.09375
918,0.06640625,-0.8671875,-0.08984375
919,0.07421875,-0.84375,-0.125
920,0.05859375,-0.83984375,-0.1640625
921,0.046875,-0.8359375,-0.16015625
922,0.0546875,-0.828125,-0.16796875
923,0.05859375,-0.82421875,-0.140625
924,0.046875,-0.85546875,-0.10546875
925,0.03515625,-0.828125,-0.1015625
926,0.01953125,-0.86328125,-0.08984375
927,0.00390625,-0.87109375,-0.08984375
928,-0.02734375,-0.87109375,-0.1015625
929,-0.015625,-0.88671875,-0.1171875
930,-0.02734375,-0.890625,-0.12109375
931,-0.0390625,-0.88671875,-0.15234375
932,-0.0703125,-0.90234375,-0.171875
933,-0.0703125,-0.90625,-0.1953125
934,-0.0859375,-0.93359375,-0.2265625
935,-0.07421875,-0.94921875,-0.2578125
936,-0.08984375,-0.95703125,-0.27734375
937,-0.09765625,-0.9765625,-0.28125
938,-0.09375,-0.9765625,-0.27734375
939,-0.0703125,-0.98828125,-0.27734375
940,-0.06640625,-1.01171875,-0.29296875
941,-0.0703125,-1.05078125,-0.27734375
942,-0.05859375,-1.046875,-0.29296875
943,-0.05859375,-1.05859375,-0.29296875
944,-0.05859375,-1.06640625,-0.3046875
945,-0.046875,-1.0703125,-0.28515625
946,-0.06640625,-1.06640625,-0.27734375
947,-0.0703125,-1.0546875,-0.2890625
948,-0.078125,-1.05859375,-0.27734375
949,-0.0859375,-1.04296875,-0.26953125
950,-0.0859375,-1.03515625,-0.28125
951,-0.078125,-1.0234375,-0.2734375
952,-0.09765625,-1.00390625,-0.26953125
953,-0.08984375,-0.984375,-0.26171875
954,-0.1015625,-0.96484375,-0.25390625
955,-0.09375,-0.97265625,-0.23828125
956,-0.08984375,-0.953125,-0.22265625
957,-0.078125,-0.96484375,-0.20703125
958,-0.078125,-0.92578125,-0.19921875
959,-0.0625,-0.9453125,-0.140625
960,-0.0390625,-0.94921875,-0.10546875
961,-0.04296875,-0.94140625,-0.0859375
962,-0.03125,-0.9453125,-0.06640625
963,-0.01953125,-0.96484375,-0.08203125
964,0.0,-0.96484375,-0.0625
965,-0.0078125,-0.96875,-0.05859375
966,-0.01171875,-0.97265625,-0.0546875
967,-0.00390625,-1.00390625,-0.0625
968,-0.015625,-1.0078125,-0.046875
969,-0.015625,-1.0234375,-0.046875
970,-0.0078125,-1.05078125,-0.0546875
971,-0.01171875,-1.046875,-0.0390625
972,-0.01953125,-1.05859375,-0.046875
973,-0.00390625,-1.06640625,-0.0625
974,-0.01171875,-1.06640625,-0.046875
975,-0.0234375,-1.08203125,-0.0078125
976,-0.03515625,-1.0546875,0.01953125
977,-0.03125,-1.046875,0.01171875
978,-0.02734375,-1.0234375,0.0234375
979,-0.0234375,-1.0,0.0390625
980,-0.015625,-0.984375,0.04296875
981,-0.01953125,-0.97265625,0.078125
982,0.0,-0.96484375,0.0625
983,-0.01171875,-0.94921875,0.06640625
984,0.0,-0.94921875,0.0703125
985,0.0,-0.93359375,0.08203125
986,0.0078125,-0.9296875,0.0703125
987,0.00390625,-0.9140625,0.06640625
988,0.00390625,-0.9296875,0.0859375
989,0.0,-0.93359375,0.08203125
990,0.0078125,-0.96484375,0.09375
991,0.0,-0.9609375,0.08203125
992,0.0078125,-0.97265625,0.09375
993,0.0234375,-0.9765625,0.09765625
994,0.01953125,-0.9921875,0.1015625
995,0.0390625,-1.0,0.109375
996,0.03515625,-0.984375,0.11328125
997,0.0390625,-0.99609375,0.11328125
998,0.046875,-1.0,0.109375
999,0.0546875,-0.99609375,0.10546875
1000,0.0390625,-0.9921875,0.1015625
1001,0.04296875,-0.984375,0.09765625
1002,0.02734375,-0.97265625,0.078125
1003,0.01171875,-0.97265625,0.0703125
1004,0.0078125,-0.96875,0.05859375
1005,0.0,-0.9609375,0.046875
1006,-0.0078125,-0.96875,0.0546875
1007,-0.0078125,-0.96484375,0.0390625
1008,-0.015625,-0.96875,0.0546875
1009,-0.0234375,-0.96484375,0.046875
1010,-0.0234375,-0.96875,0.05078125
1011,-0.01953125,-0.96484375,0.05859375
1012,-0.015625,-0.9765625,0.0546875
1013,0.0,-0.9609375,0.0625
1014,0.0078125,-0.98046875,0.07421875
1015,0.00390625,-0.9765625,0.07421875
1016,0.0234375,-0.96875,0.07421875
1017,0.03125,-0.9765625,0.07421875
1018,0.046875,-0.98046875,0.07421875
1019,0.04296875,-0.98046875,0.1015625
1020,0.03515625,-0.9765625,0.0625
1021,0.04296875,-0.98046875,0.0703125
1022,0.02734375,-0.98828125,0.0625
1023,0.04296875,-0.984375,0.0859375
1024,0.0390625,-0.9921875,0.0546875
1025,0.04296875,-0.9921875,0.05078125
1026,0.03125,-0.98828125,0.05859375
1027,0.046875,-0.98828125,0.046875
1028,0.05078125,-1.0,0.04296875
1029,0.0390625,-0.98828125,0.0546875
1030,0.046875,-0.99609375,0.05078125
1031,0.03515625,-0.99609375,0.046875
1032,0.04296875,-1.00390625,0.0546875
1033,0.05078125,-0.9921875,0.05859375
1034,0.05078125,-1.00390625,0.06640625
1035,0.02734375,-0.9921875,0.07421875
1036,0.03515625,-0.98828125,0.08984375
1037,0.0234375,-0.96875,0.0859375
1038,0.015625,-0.96875,0.0859375
1039,0.015625,-0.96875,0.06640625
1040,0.01171875,-0.96875,0.05859375
1041,0.0078125,-0.96875,0.078125
1042,0.01171875,-0.9765625,0.08203125
1043,0.0,-0.96484375,0.078125
1044,0.0,-0.9765625,0.08203125
1045,0.0,-0.9921875,0.06640625
1046,-0.01171875,-0.98046875,0.09375
1047,-0.0078125,-0.98828125,0.09375
1048,-0.0078125,-0.99609375,0.078125
1049,-0.01171875,-0.99609375,0.0859375
1050,-0.015625,-0.984375,0.0859375
1051,0.0,-0.984375,0.078125
1052,0.0,-0.98828125,0.08984375
1053,-0.0078125,-0.98828125,0.08203125
1054,-0.00390625,-0.99609375,0.109375
1055,0.015625,-1.00390625,0.1015625
1056,0.00390625,-0.99609375,0.09375
1057,0.0078125,-0.98046875,0.1015625
1058,0.01171875,-0.9921875,0.1015625
1059,0.01171875,-0.984375,0.109375
1060,0.015625,-1.00390625,0.12890625
1061,0.01171875,-0.9921875,0.11328125
1062,0.0078125,-0.99609375,0.109375
1063,0.02734375,-0.9921875,0.109375
1064,0.01953125,-0.9921875,0.10546875
1065,0.01171875,-0.984375,0.1171875
1066,0.0078125,-0.98046875,0.109375
1067,0.015625,-0.98828125,0.1171875
1068,0.015625,-0.984375,0.11328125
1069,0.01171875,-0.9765625,0.1171875
1070,0.0078125,-0.98046875,0.10546875
1071,0.0078125,-0.9765625,0.1015625
1072,0.0078125,-0.9765625,0.12109375
1073,0.0078125,-0.9765625,0.1171875
1074,0.0,-0.97265625,0.125
1075,0.0,-0.984375,0.1171875
1076,0.0,-0.98046875,0.109375
1077,-0.0078125,-0.9765625,0.109375
1078,0.0,-0.984375,0.09765625
1079,0.00390625,-0.984375,0.109375
1080,-0.00390625,-0.98828125,0.10546875
1081,-0.0078125,-0.9921875,0.08984375
1082,-0.01171875,-0.9921875,0.09375
1083,0.0,-0.9921875,0.10546875
1084,0.0,-1.01171875,0.09765625
1085,0.0,-1.00390625,0.09375
1086,0.0,-1.0078125,0.08984375
1087,0.0,-1.00390625,0.09375
1088,0.0,-1.0,0.08203125
1089,0.0,-0.99609375,0.09375
1090,0.00390625,-1.0,0.0859375
1091,0.0,-1.0078125,0.0859375
1092,0.00390625,-1.0,0.08984375
1093,0.00390625,-0.98828125,0.078125
1094,0.01171875,-0.98828125,0.07421875
1095,0.01953125,-0.9765625,0.08984375
1096,0.0078125,-0.98828125,0.0859375
1097,0.01171875,-0.98046875,0.09375
1098,0.0,-0.98828125,0.09375
1099,0.00390625,-0.98046875,0.0859375
1100,0.015625,-0.98828125,0.09375
1101,0.0,-0.9921875,0.109375
1102,0.01171875,-0.984375,0.08984375
1103,0.01171875,-0.9921875,0.0859375
1104,0.0078125,-0.98828125,0.0859375
1105,0.00390625,-0.99609375,0.08984375
1106,0.0078125,-0.9921875,0.09375
1107,0.0,-0.98046875,0.08984375
1108,0.0,-0.9921875,0.0859375
1109,0.0,-0.9921875,0.07421875
1110,-0.00390625,-1.0,0.0703125
1111,0.0,-1.0,0.07421875
1112,0.0,-0.9921875,0.078125
1113,-0.0078125,-1.00390625,0.0859375
1114,0.0078125,-1.0,0.08984375
1115,0.0,-1.00390625,0.08984375
1116,-0.00390625,-0.9921875,0.07421875
1117,0.00390625,-1.0,0.078125
1118,0.00390625,-1.00390625,0.06640625
1119,0.0,-0.984375,0.07421875
1120,0.015625,-1.0,0.07421875
1121,0.00390625,-0.98046875,0.05859375
1122,0.00390625,-0.9921875,0.0625
1123,0.00390625,-0.9921875,0.0703125
1124,0.00390625,-0.98828125,0.078125
1125,0.00390625,-0.984375,0.07421875
1126,0.0078125,-0.984375,0.078125
1127,0.01171875,-0.9921875,0.078125
1128,0.01953125,-0.99609375,0.06640625
1129,0.00390625,-0.98828125,0.08203125
1130,0.0078125,-0.98828125,0.078125
1131,0.01171875,-1.00390625,0.07421875
1132,0.03515625,-0.98046875,0.08203125
1133,0.015625,-1.0,0.08203125
1134,0.01953125,-0.9765625,0.08203125
1135,0.01171875,-0.99609375,0.078125
1136,0.01171875,-0.9921875,0.078125
1137,0.0078125,-0.99609375,0.07421875
1138,0.0234375,-0.99609375,0.08203125
1139,0.02734375,-1.0,0.08984375
1140,0.01171875,-0.99609375,0.08203125
1141,0.01171875,-0.98828125,0.07421875
1142,0.015625,-0.9921875,0.0703125
1143,0.015625,-1.0078125,0.0703125
1144,0.0078125,-0.9921875,0.078125
1145,0.015625,-0.99609375,0.08203125
1146,0.0,-0.99609375,0.0703125
1147,0.0078125,-1.0,0.0703125
1148,0.0078125,-0.9921875,0.0625
1149,0.00390625,-1.0,0.06640625
1150,0.0078125,-0.99609375,0.05859375
1151,0.0078125,-1.0,0.0546875
1152,0.0,-1.00390625,0.07421875
1153,0.0,-0.99609375,0.078125
1154,0.00390625,-1.02734375,0.02734375
1155,0.0,-0.98828125,0.08984375
1156,0.00390625,-1.00390625,0.0625
1157,0.00390625,-0.98828125,0.0625
1158,0.0078125,-0.98046875,0.07421875
1159,0.0,-0.984375,0.0703125
1160,-0.00390625,-0.98828125,0.0625
1161,0.0,-0.984375,0.078125
1162,0.01171875,-0.984375,0.07421875
1163,0.0,-0.98046875,0.06640625
1164,-0.01171875,-0.9921875,0.06640625
1165,0.0,-0.98828125,0.08984375
1166,-0.00390625,-0.9921875,0.0859375
1167,-0.00390625,-0.98828125,0.0625
1168,0.0,-0.99609375,0.0625
1169,0.0,-1.0,0.07421875
1170,-0.01171875,-0.99609375,0.078125
1171,0.0,-1.02734375,0.078125
1172,0.0,-1.01953125,0.0703125
1173,-0.0078125,-1.015625,0.08203125
1174,0.0,-1.01953125,0.07421875
1175,-0.0078125,-1.01171875,0.0703125
1176,0.0234375,-1.0,0.0859375
1177,0.0,-1.0,0.0625
1178,0.0,-0.99609375,0.0703125
1179,0.0,-0.9921875,0.0625
1180,0.0,-0.984375,0.0703125
1181,0.0078125,-0.984375,0.05859375
1182,0.01171875,-0.98046875,0.0546875
1183,0.00390625,-0.98828125,0.0859375
1184,0.00390625,-0.98046875,0.05859375
1185,0.00390625,-0.98828125,0.0546875
1186,0.00390625,-0.98828125,0.0703125
1187,0.0,-0.984375,0.078125
1188,0.0,-0.9765625,0.06640625
1189,0.0,-0.984375,0.078125
1190,0.00390625,-0.98046875,0.06640625
1191,0.00390625,-0.99609375,0.06640625
1192,0.0,-0.9921875,0.046875
1193,0.0,-1.01171875,0.046875
1194,0.0,-1.0078125,0.0703125
1195,0.0,-1.0234375,0.0546875
1196,0.00390625,-1.015625,0.0625
1197,-0.01953125,-1.0078125,0.0546875
1198,0.00390625,-1.015625,0.04296875
1199,0.00390625,-1.01953125,0.05078125
1200,-0.00390625,-1.00390625,0.04296875
1201,0.00390625,-1.015625,0.04296875
1202,0.0,-1.015625,0.05078125
1203,0.0,-0.9921875,0.04296875
1204,0.00390625,-1.0078125,0.0390625
1205,0.0078125,-1.0,0.05859375
1206,0.0078125,-1.0078125,0.0546875
1207,0.0234375,-0.98828125,0.0390625
1208,0.00390625,-0.98046875,0.05078125
1209,0.0078125,-0.9765625,0.05078125
1210,0.0,-0.97265625,0.0546875
1211,0.00390625,-0.98046875,0.05078125
1212,0.0,-0.984375,0.046875
1213,0.00390625,-0.984375,0.05078125
1214,0.00390625,-0.984375,0.046875
1215,0.00390625,-0.9921875,0.0625
1216,0.0,-0.98046875,0.0625
1217,0.0,-1.0,0.0625
1218,0.00390625,-1.00390625,0.05078125
1219,-0.01171875,-1.03125,0.0625
1220,-0.01171875,-1.0078125,0.046875
1221,0.0,-1.0234375,0.046875
1222,0.0,-1.015625,0.046875
1223,0.00390625,-1.01171875,0.03125
1224,0.00390625,-1.01171875,0.0390625
1225,0.0,-1.00390625,0.01953125
1226,0.00390625,-1.0,0.046875
1227,0.0,-1.0,0.04296875
1228,0.00390625,-1.01171875,0.03515625
1229,0.0,-0.98828125,0.04296875
1230,0.0,-0.99609375,0.06640625
1231,0.0078125,-0.9921875,0.05078125
1232,0.0,-0.98046875,0.0546875
1233,0.00390625,-0.984375,0.03515625
1234,0.0,-0.984375,0.046875
1235,0.0,-0.984375,0.0546875
1236,0.0078125,-0.98828125,0.046875
1237,0.00390625,-0.99609375,0.046875
1238,0.00390625,-0.99609375,0.0546875
1239,0.00390625,-0.99609375,0.05078125
1240,0.00390625,-1.0078125,0.04296875
1241,0.0234375,-1.0078125,0.0546875
1242,0.00390625,-0.98828125,0.05078125
1243,0.01171875,-1.0,0.0390625
1244,0.015625,-0.99609375,0.0390625
1245,0.00390625,-0.99609375,0.0390625
1246,0.01171875,-1.00390625,0.05078125
1247,0.01171875,-1.00390625,0.0390625
1248,0.0078125,-1.0,0.03515625
1249,0.0078125,-1.00390625,0.046875
1250,0.00390625,-0.99609375,0.03515625
1251,0.0,-0.98828125,0.05078125
1252,0.0,-0.9921875,0.05078125
1253,0.00390625,-0.9921875,0.046875
1254,0.0,-0.9921875,0.04296875
1255,0.00390625,-0.99609375,0.046875
1256,0.00390625,-0.9921875,0.0390625
1257,0.00390625,-1.0,0.05859375
1258,0.0078125,-0.984375,0.03125
1259,0.0,-0.9921875,0.0390625
1260,0.0,-1.01171875,0.0390625
1261,0.00390625,-1.0,0.046875
1262,0.00390625,-1.0,0.0390625
1263,0.00390625,-1.00390625,0.0390625
1264,0.01171875,-1.01171875,0.05859375
1265,0.00390625,-1.015625,0.03125
1266,0.0,-1.01171875,0.03515625
1267,0.00390625,-1.0234375,0.0390625
1268,0.0,-1.0,0.0390625
1269,0.0,-1.0078125,0.01953125
1270,0.0,-1.00390625,0.03125
1271,0.0,-0.98828125,0.03125
1272,0.0,-0.98828125,0.046875
1273,0.00390625,-1.0,0.05078125
1274,-0.0078125,-0.9921875,0.046875
1275,0.0078125,-1.0,0.04296875
1276,0.00390625,-0.99609375,0.04296875
1277,0.00390625,-0.99609375,0.04296875
1278,0.00390625,-0.9921875,0.04296875
1279,0.0078125,-0.9921875,0.046875
1280,0.0,-1.0,0.046875
1281,0.0,-1.0,0.05078125
1282,0.0078125,-0.99609375,0.05078125
1283,0.00390625,-1.00390625,0.04296875
1284,0.00390625,-0.98828125,0.046875
1285,0.00390625,-0.98828125,0.05078125
1286,0.00390625,-0.99609375,0.0546875
1287,0.01171875,-0.9921875,0.03515625
1288,0.0,-1.0078125,0.04296875
1289,0.00390625,-1.0078125,0.04296875
1290,0.0,-0.9921875,0.04296875
1291,0.0,-0.984375,0.0390625
1292,0.0,-1.0,0.0390625
1293,-0.00390625,-0.9921875,0.03125
1294,0.00390625,-1.0078125,0.0546875
1295,0.00390625,-1.0,0.03515625
1296,0.0,-0.99609375,0.0390625
1297,0.0,-1.00390625,0.04296875
1298,0.0,-1.00390625,0.0234375
1299,0.00390625,-0.99609375,0.0390625
1300,0.00390625,-1.00390625,0.03125
1301,0.00390625,-0.99609375,0.05078125
1302,0.00390625,-0.99609375,0.05078125
1303,0.0078125,-1.0,0.046875
1304,0.0,-1.0,0.0390625
1305,0.00390625,-0.9765625,0.0546875
1306,0.0078125,-0.99609375,0.05078125
1307,0.00390625,-1.01171875,0.046875
1308,0.0078125,-1.0078125,0.03125
1309,0.00390625,-0.984375,0.05078125
1310,0.0078125,-1.0,0.046875
1311,0.0,-0.98828125,0.046875
1312,0.0,-0.99609375,0.0390625
1313,0.0,-0.99609375,0.046875
1314,0.0,-1.0,0.03125
1315,0.0,-1.0078125,0.0546875
1316,0.0,-0.99609375,0.0546875
1317,0.0,-1.00390625,0.04296875
1318,0.00390625,-0.98828125,0.0703125
1319,-0.00390625,-0.99609375,0.06640625
1320,0.00390625,-0.984375,0.0546875
1321,0.00390625,-1.00390625,0.06640625
1322,0.0,-1.00390625,0.0625
1323,0.0,-0.99609375,0.0703125
1324,0.0,-0.99609375,0.0546875
1325,-0.00390625,-0.98828125,0.046875
1326,0.00390625,-0.99609375,0.05859375
1327,0.00390625,-0.99609375,0.046875
1328,0.00390625,-1.0,0.02734375
1329,0.01953125,-0.9921875,0.0390625
1330,0.0,-0.99609375,0.04296875
1331,0.0,-0.98828125,0.05078125
1332,-0.0078125,-0.9921875,0.0625
1333,0.0,-1.0,0.05078125
1334,0.0,-0.99609375,0.05078125
1335,0.00390625,-0.9921875,0.0546875
1336,0.0,-1.0,0.0703125
1337,-0.00390625,-1.0078125,0.078125
1338,0.0,-0.99609375,0.0703125
1339,-0.00390625,-0.99609375,0.0546875
1340,0.0,-1.0,0.05859375
1341,0.0,-1.0,0.05078125
1342,0.0,-1.0078125,0.05078125
1343,0.0,-0.9921875,0.06640625
1344,0.0,-0.9921875,0.07421875
1345,0.0078125,-1.0,0.0703125
1346,0.0,-0.99609375,0.05859375
1347,0.0,-0.98828125,0.0546875
1348,0.00390625,-0.9921875,0.08984375
1349,0.0078125,-0.9921875,0.05078125
1350,0.00390625,-0.9921875,0.0703125
1351,0.0078125,-0.98828125,0.0625
1352,0.00390625,-1.0078125,0.0625
1353,0.01171875,-1.0078125,0.0546875
1354,0.0078125,-1.0,0.0703125
1355,0.00390625,-1.0,0.0546875
1356,0.00390625,-0.98828125,0.06640625
1357,0.0,-0.9921875,0.0625
1358,0.0,-0.9921875,0.05078125
1359,0.0,-0.99609375,0.0703125
1360,-0.00390625,-0.9921875,0.07421875
1361,0.00390625,-0.98828125,0.05859375
1362,0.0078125,-1.0,0.0625
1363,0.00390625,-0.99609375,0.06640625
1364,0.00390625,-0.98828125,0.0703125
1365,0.0,-0.99609375,0.0703125
1366,0.00390625,-0.9921875,0.0859375
1367,-0.00390625,-0.99609375,0.0703125
1368,0.00390625,-1.00390625,0.0625
1369,0.0,-1.0,0.07421875
1370,0.0,-1.00390625,0.07421875
1371,0.02734375,-1.00390625,0.1015625
1372,0.0078125,-1.0078125,0.06640625
1373,0.00390625,-1.00390625,0.0625
1374,0.0078125,-1.00390625,0.08203125
1375,0.0,-0.9921875,0.06640625
1376,0.0078125,-1.00390625,0.05859375
1377,0.01171875,-0.99609375,0.07421875
1378,0.0,-1.0,0.07421875
1379,0.0,-0.98828125,0.0703125
1380,0.00390625,-0.9921875,0.08203125
1381,-0.00390625,-0.98828125,0.09375
1382,0.0,-0.99609375,0.0703125
1383,0.0,-1.0,0.078125
1384,0.0,-0.99609375,0.0703125
1385,0.00390625,-0.984375,0.0625
1386,0.0078125,-1.0,0.08203125
1387,0.0,-0.98828125,0.07421875
1388,0.00390625,-0.98828125,0.0703125
1389,0.0,-0.99609375,0.0859375
1390,0.0,-0.9921875,0.0625
1391,0.0078125,-1.0,0.07421875
1392,0.00390625,-0.98046875,0.0859375
1393,0.00390625,-0.99609375,0.0703125
1394,-0.00390625,-0.98828125,0.078125
1395,0.00390625,-1.0,0.08984375
1396,0.0,-0.99609375,0.078125
1397,0.0,-1.00390625,0.08203125
1398,0.0,-1.0,0.07421875
1399,-0.01171875,-0.99609375,0.078125
1400,0.00390625,-0.98828125,0.0703125
1401,0.0078125,-1.0,0.08984375
1402,0.00390625,-0.984375,0.08203125
1403,0.00390625,-0.9921875,0.08984375
1404,0.0,-0.9921875,0.0859375
1405,0.00390625,-1.0,0.0703125
1406,0.00390625,-1.0,0.08203125
1407,0.00390625,-1.0,0.09765625
1408,0.00390625,-0.98828125,0.09765625
1409,0.00390625,-1.0,0.09375
1410,0.00390625,-0.9921875,0.09375
1411,0.0078125,-0.98828125,0.08203125
1412,0.0078125,-0.9921875,0.10546875
1413,0.0,-0.9921875,0.08203125
1414,0.01171875,-0.99609375,0.078125
1415,0.00390625,-0.984375,0.109375
1416,0.0,-1.0,0.09765625
1417,0.0078125,-1.0,0.0859375
1418,0.0,-0.984375,0.09375
1419,0.00390625,-1.0,0.07421875
1420,0.0,-1.0078125,0.09765625
1421,0.00390625,-0.98828125,0.07421875
1422,0.0,-0.99609375,0.09765625
1423,0.01171875,-1.0,0.08984375
1424,0.0,-0.9921875,0.1015625
1425,0.0,-1.0,0.09375
1426,0.0,-0.9921875,0.10546875
1427,-0.00390625,-0.98828125,0.08984375
1428,0.0,-0.9921875,0.10546875
1429,-0.00390625,-0.99609375,0.09765625
1430,0.00390625,-0.9921875,0.09765625
1431,0.0,-0.9921875,0.0859375
1432,-0.00390625,-0.98046875,0.08984375
1433,-0.00390625,-0.98828125,0.09375
1434,-0.0078125,-0.9921875,0.09375
1435,0.0,-0.984375,0.08203125
1436,0.00390625,-0.984375,0.08984375
1437,0.01171875,-1.00390625,0.09375
1438,0.0,-0.984375,0.09375
1439,0.00390625,-0.98828125,0.1015625
1440,0.00390625,-0.98046875,0.09765625
1441,0.00390625,-0.98828125,0.09375
1442,0.00390625,-0.98046875,0.09765625
1443,-0.01171875,-0.98046875,0.109375
1444,-0.00390625,-0.98828125,0.10546875
1445,0.00390625,-0.9921875,0.09765625
1446,0.00390625,-0.9921875,0.09375
1447,0.00390625,-1.0,0.08984375
1448,0.0,-1.00390625,0.09765625
1449,0.0,-1.00390625,0.109375
1450,0.00390625,-0.98828125,0.09765625
1451,0.0,-0.98828125,0.09765625
1452,0.0,-0.984375,0.1015625
1453,0.0,-0.9921875,0.09765625
1454,0.00390625,-0.96875,0.09375
1455,0.0078125,-0.9921875,0.09765625
1456,0.00390625,-1.0,0.08984375
1457,0.0,-0.9921875,0.1015625
1458,0.0078125,-1.0,0.09765625
1459,0.0078125,-0.98828125,0.1015625
1460,0.01171875,-0.98828125,0.11328125
1461,0.01171875,-0.99609375,0.1015625
1462,0.0078125,-0.9921875,0.10546875
1463,0.015625,-0.98828125,0.09765625
1464,0.00390625,-0.98046875,0.10546875
1465,0.0,-0.984375,0.09765625
1466,0.0,-0.984375,0.08203125
1467,0.00390625,-0.98828125,0.09375
1468,0.00390625,-0.98828125,0.109375
1469,0.0,-0.98828125,0.11328125
1470,0.0,-1.0,0.09375
1471,-0.0078125,-0.9921875,0.11328125
1472,0.0,-0.99609375,0.12109375
1473,0.00390625,-0.99609375,0.109375
1474,0.0,-0.984375,0.08984375
1475,0.00390625,-1.01171875,0.11328125
1476,0.0,-1.0,0.11328125
1477,0.00390625,-1.00390625,0.09765625
1478,0.0078125,-0.9921875,0.1171875
1479,0.00390625,-0.98828125,0.11328125
1480,0.01171875,-1.0078125,0.11328125
1481,0.0,-0.984375,0.10546875
1482,0.0,-0.9921875,0.09765625
1483,0.01171875,-0.98046875,0.1015625
1484,0.0078125,-0.99609375,0.109375
1485,0.0078125,-0.9765625,0.11328125
1486,0.0078125,-0.98828125,0.1171875
1487,0.01171875,-0.984375,0.109375
1488,0.0078125,-0.99609375,0.10546875
1489,0.00390625,-0.98828125,0.1015625
1490,0.00390625,-0.9921875,0.10546875
1491,0.01171875,-0.984375,0.12890625
1492,0.00390625,-0.98046875,0.12109375
1493,0.00390625,-0.98828125,0.1171875
1494,0.00390625,-0.984375,0.109375
1495,0.00390625,-0.9921875,0.12109375
1496,0.00390625,-0.98046875,0.109375
1497,0.0,-0.98828125,0.12109375
1498,0.0,-0.984375,0.12109375
1499,0.0,-0.9921875,0.11328125
1500,0.00390625,-0.9765625,0.12890625
1501,-0.00390625,-0.99609375,0.13671875
1502,0.00390625,-0.99609375,0.12109375
1503,0.0,-0.98828125,0.1171875
1504,0.0078125,-0.9921875,0.1328125
1505,0.0,-0.984375,0.12890625
1506,0.00390625,-0.984375,0.11328125
1507,0.00390625,-0.9765625,0.125
1508,0.00390625,-0.9921875,0.109375
1509,0.0078125,-0.98046875,0.12109375
1510,0.0,-0.9921875,0.1328125
1511,0.00390625,-0.98046875,0.12890625
1512,0.00390625,-0.97265625,0.125
1513,0.0078125,-0.98046875,0.12890625
1514,0.0078125,-0.98828125,0.13671875
1515,0.00390625,-0.984375,0.12890625
1516,0.00390625,-0.98828125,0.109375
1517,0.0078125,-0.9921875,0.1015625
1518,0.00390625,-0.98828125,0.12109375
1519,0.00390625,-0.99609375,0.12109375
1520,0.0078125,-0.9921875,0.11328125
1521,0.0,-0.9765625,0.12109375
1522,0.00390625,-0.984375,0.12109375
1523,0.0078125,-0.98046875,0.12109375
1524,0.015625,-1.00390625,0.1328125
1525,0.0,-0.9765625,0.1328125
1526,0.0078125,-0.984375,0.125
1527,0.00390625,-0.99609375,0.1328125
1528,0.00390625,-0.9921875,0.109375
1529,-0.00390625,-0.98828125,0.12109375
1530,0.0,-0.9765625,0.1171875
1531,0.0,-0.98828125,0.1171875
1532,0.0078125,-0.984375,0.125
1533,0.0078125,-0.9921875,0.11328125
1534,0.0,-0.98828125,0.12109375
1535,0.00390625,-0.9921875,0.109375
1536,0.0,-0.98828125,0.11328125
1537,0.0078125,-0.9921875,0.1328125
1538,0.0,-0.98828125,0.12890625
1539,0.00390625,-1.00390625,0.11328125
1540,0.0078125,-1.0,0.1015625
1541,-0.0078125,-1.0,0.13671875
1542,-0.00390625,-1.01171875,0.12109375
1543,0.00390625,-0.98046875,0.109375
1544,0.0,-0.9921875,0.12890625
1545,0.00390625,-0.96875,0.109375
1546,0.0,-0.98828125,0.109375
1547,0.00390625,-0.984375,0.109375
1548,0.00390625,-0.98828125,0.11328125
1549,0.0078125,-0.9921875,0.125
1550,0.0,-0.9921875,0.125
1551,0.00390625,-0.98046875,0.125
1552,0.00390625,-0.9921875,0.1328125
1553,0.0,-0.984375,0.109375
1554,0.00390625,-0.98828125,0.1328125
1555,0.0,-0.9765625,0.12890625
1556,0.00390625,-0.984375,0.11328125
1557,-0.0078125,-0.98828125,0.12109375
1558,0.0,-0.9921875,0.12109375
1559,0.0,-0.9921875,0.12109375
1560,0.0,-1.00390625,0.12109375
1561,0.00390625,-0.98828125,0.12890625
1562,0.0,-0.99609375,0.12890625
1563,0.0,-0.98828125,0.13671875
1564,-0.00390625,-0.9921875,0.09765625
1565,0.0,-0.99609375,0.1171875
1566,0.0,-0.9921875,0.13671875
1567,0.0,-0.98046875,0.11328125
1568,0.0,-0.98828125,0.12109375
1569,0.0,-0.984375,0.13671875
1570,0.0,-0.9765625,0.13671875
1571,0.0078125,-0.9921875,0.125
1572,0.01171875,-0.98828125,0.1171875
1573,0.00390625,-0.9765625,0.11328125
1574,0.00390625,-0.9765625,0.11328125
1575,0.0078125,-0.984375,0.12109375
1576,0.00390625,-0.9765625,0.12109375
1577,0.00390625,-0.98046875,0.12890625
1578,0.0078125,-0.984375,0.125
1579,0.00390625,-0.99609375,0.140625
1580,0.00390625,-0.984375,0.125
1581,-0.0078125,-0.98828125,0.125
1582,0.00390625,-1.0,0.125
1583,0.0,-0.98828125,0.1171875
1584,0.00390625,-1.0,0.12890625
1585,0.0,-0.99609375,0.12890625
1586,0.0,-1.0,0.12890625
1587,0.0,-0.99609375,0.12890625
1588,0.00390625,-0.99609375,0.12109375
1589,0.0078125,-0.984375,0.09765625
1590,0.0,-0.99609375,0.125
1591,0.0078125,-0.98828125,0.1328125
1592,0.00390625,-0.98828125,0.1328125
1593,0.0078125,-0.9921875,0.140625
1594,0.00390625,-0.9921875,0.1328125
1595,0.00390625,-0.9765625,0.12890625
1596,0.0078125,-0.9765625,0.1171875
1597,0.0,-0.97265625,0.1484375
1598,0.0,-0.9921875,0.1328125
1599,0.00390625,-0.98828125,0.12890625
1600,0.0,-0.98828125,0.1328125
1601,0.00390625,-0.9765625,0.140625
1602,0.00390625,-0.98046875,0.140625
1603,0.00390625,-0.98046875,0.1484375
1604,0.0,-0.9765625,0.140625
1605,0.00390625,-0.9765625,0.13671875
1606,0.00390625,-0.98828125,0.14453125
1607,0.0078125,-0.984375,0.13671875
1608,0.0078125,-0.984375,0.1328125
1609,0.0,-0.98828125,0.140625
1610,0.00390625,-0.97265625,0.1328125
1611,0.0234375,-0.96875,0.1484375
1612,-0.0078125,-0.99609375,0.125
1613,0.00390625,-0.9921875,0.1328125
1614,-0.00390625,-0.984375,0.12890625
1615,0.0,-0.9765625,0.13671875
1616,0.0,-0.98828125,0.12890625
1617,0.0078125,-0.99609375,0.1328125
1618,0.0078125,-0.9921875,0.1328125
1619,0.00390625,-0.98828125,0.1171875
1620,0.00390625,-0.984375,0.12109375
1621,0.00390625,-0.97265625,0.1328125
1622,0.0078125,-0.984375,0.12890625
1623,0.00390625,-0.98046875,0.140625
1624,0.0078125,-0.98046875,0.12890625
1625,0.00390625,-0.9765625,0.1328125
1626,0.0078125,-0.9765625,0.12890625
1627,0.00390625,-0.96875,0.125
1628,0.0,-0.9765625,0.13671875
1629,0.0,-0.9765625,0.10546875
1630,0.00390625,-0.984375,0.125
1631,0.0,-0.9765625,0.1171875
1632,0.00390625,-0.99609375,0.14453125
1633,0.0078125,-0.9921875,0.1328125
1634,0.0,-0.9765625,0.13671875
1635,0.0,-0.984375,0.140625
1636,0.0078125,-0.98828125,0.140625
1637,0.0,-0.9765625,0.13671875
1638,0.0,-0.99609375,0.140625
1639,0.00390625,-0.98828125,0.140625
1640,0.0,-0.99609375,0.140625
1641,0.00390625,-0.98828125,0.1484375
1642,0.0,-0.9921875,0.140625
1643,0.0,-0.98046875,0.1484375
1644,0.00390625,-0.9765625,0.140625
1645,0.0,-0.96875,0.15234375
1646,0.0078125,-0.9765625,0.14453125
1647,0.01171875,-0.96875,0.1484375
1648,0.0078125,-0.97265625,0.140625
1649,0.00390625,-0.97265625,0.14453125
1650,0.0,-0.9765625,0.1328125
1651,0.0078125,-0.98046875,0.14453125
1652,0.0078125,-0.984375,0.14453125
1653,-0.0078125,-0.98828125,0.13671875
1654,-0.00390625,-1.00390625,0.125
1655,0.0,-0.9921875,0.12890625
1656,0.015625,-0.9921875,0.125
1657,0.0078125,-0.98046875,0.140625
1658,0.00390625,-0.98828125,0.140625
1659,0.01171875,-0.98828125,0.13671875
1660,0.0078125,-0.98046875,0.14453125
1661,0.01171875,-0.97265625,0.1484375
1662,0.0,-0.98046875,0.125
1663,0.0,-0.9765625,0.15234375
1664,0.0,-0.97265625,0.140625
1665,0.0,-0.9765625,0.12890625
1666,0.00390625,-0.97265625,0.12890625
1667,0.01171875,-0.96875,0.12890625
1668,0.00390625,-0.9765625,0.15234375
1669,0.0,-0.97265625,0.140625
1670,0.00390625,-0.98046875,0.140625
1671,-0.00390625,-0.9765625,0.140625
1672,0.0078125,-0.97265625,0.14453125
1673,0.00390625,-0.95703125,0.15234375
1674,0.0078125,-0.9609375,0.15625
1675,0.0078125,-0.94921875,0.1640625
1676,0.0078125,-0.93359375,0.16796875
1677,0.0078125,-0.88671875,0.1484375
1678,0.0078125,-0.84375,0.140625
1679,0.00390625,-0.81640625,0.140625
1680,0.015625,-0.8125,0.1328125
1681,0.0,-0.81640625,0.13671875
1682,0.00390625,-0.828125,0.10546875
1683,0.0,-0.84375,0.09765625
1684,0.0078125,-0.88671875,0.0625
1685,0.00390625,-0.90625,0.03125
1686,0.01171875,-0.9375,0.01171875
1687,0.015625,-0.9765625,0.0078125
1688,0.015625,-1.0234375,-0.03125
1689,0.02734375,-1.04296875,0.00390625
1690,0.01953125,-1.05859375,0.00390625
1691,0.0390625,-1.0625,0.046875
1692,0.015625,-1.05078125,0.05078125
1693,0.015625,-1.03515625,0.0390625
1694,0.015625,-1.01953125,0.00390625
1695,0.01171875,-1.0,-0.015625
1696,0.0,-0.99609375,-0.0390625
1697,-0.01171875,-0.98046875,-0.03125
1698,-0.00390625,-0.98828125,-0.08984375
1699,0.0,-0.99609375,-0.078125
1700,0.00390625,-1.0,-0.08984375
1701,0.0078125,-1.01171875,-0.1171875
1702,0.0078125,-1.015625,-0.09375
1703,0.0,-1.0390625,-0.08984375
1704,-0.00390625,-1.04296875,-0.08203125
1705,0.0,-1.05078125,-0.078125
1706,0.0,-1.01171875,-0.11328125
1707,-0.0078125,-1.0,-0.11328125
1708,-0.00390625,-0.99609375,-0.11328125
1709,-0.01171875,-0.98828125,-0.09765625
1710,-0.0078125,-0.9765625,-0.0859375
1711,0.0,-0.9609375,-0.11328125
1712,0.0,-0.9609375,-0.0859375
1713,0.0078125,-0.9375,-0.0859375
1714,0.00390625,-0.921875,-0.08203125
1715,0.0234375,-0.92578125,-0.09765625
1716,0.02734375,-0.91796875,-0.078125
1717,0.0390625,-0.921875,-0.1015625
1718,0.04296875,-0.921875,-0.09765625
1719,0.02734375,-0.92578125,-0.06640625
1720,0.046875,-0.921875,-0.08203125
1721,0.046875,-0.93359375,-0.1015625
1722,0.0625,-0.92578125,-0.1015625
1723,0.06640625,-0.92578125,-0.12109375
1724,0.05859375,-0.92578125,-0.12109375
1725,0.04296875,-0.93359375,-0.11328125
1726,0.05078125,-0.9140625,-0.1171875
1727,0.0546875,-0.91796875,-0.12109375
1728,0.046875,-0.91796875,-0.1328125
1729,0.06640625,-0.921875,-0.171875
1730,0.03125,-0.9375,-0.1875
1731,0.03125,-0.9375,-0.21484375
1732,0.04296875,-0.95703125,-0.2109375
1733,0.03125,-0.984375,-0.2265625
1734,0.046875,-0.9921875,-0.25
1735,0.0625,-1.046875,-0.2578125
1736,0.0546875,-1.10546875,-0.2578125
1737,0.0546875,-1.21484375,-0.1953125
1738,0.02734375,-1.32421875,-0.1171875
1739,0.0,-1.41796875,-0.08203125
1740,0.00390625,-1.53125,-0.05859375
1741,-0.03125,-1.6015625,-0.06640625
1742,-0.06640625,-1.6640625,-0.0625
1743,-0.09765625,-1.6640625,-0.0859375
1744,-0.1015625,-1.66796875,-0.15234375
1745,-0.11328125,-1.625,-0.23046875
1746,-0.12890625,-1.51953125,-0.30859375
1747,-0.16015625,-1.4375,-0.37890625
1748,-0.1875,-1.37890625,-0.4296875
1749,-0.20703125,-1.3359375,-0.41796875
1750,-0.16796875,-1.31640625,-0.40625
1751,-0.13671875,-1.328125,-0.359375
1752,-0.11328125,-1.39453125,-0.328125
1753,-0.046875,-1.46875,-0.3125
1754,-0.03125,-1.5546875,-0.3125
1755,-0.01171875,-1.6171875,-0.28515625
1756,0.01953125,-1.65234375,-0.30078125
1757,0.09375,-1.64453125,-0.3125
1758,0.09375,-1.60546875,-0.30859375
1759,0.12109375,-1.5546875,-0.31640625
1760,0.13671875,-1.50390625,-0.30078125
1761,0.140625,-1.44140625,-0.32421875
1762,0.109375,-1.41796875,-0.3359375
1763,0.08984375,-1.40234375,-0.3671875
1764,0.09765625,-1.41015625,-0.3671875
1765,0.078125,-1.390625,-0.40234375
1766,0.07421875,-1.39453125,-0.4296875
1767,0.07421875,-1.40625,-0.48828125
1768,0.0625,-1.41796875,-0.51953125
1769,0.05859375,-1.44140625,-0.5625
1770,0.05078125,-1.45703125,-0.578125
1771,0.03515625,-1.4609375,-0.5625
1772,0.03515625,-1.4609375,-0.578125
1773,0.03515625,-1.45703125,-0.58984375
1774,0.015625,-1.4296875,-0.578125
1775,0.0,-1.43359375,-0.58203125
1776,-0.0078125,-1.4296875,-0.56640625
1777,-0.03125,-1.43359375,-0.5234375
1778,-0.0546875,-1.44140625,-0.5234375
1779,-0.03515625,-1.45703125,-0.5
1780,-0.03125,-1.4609375,-0.4453125
1781,-0.03515625,-1.46875,-0.41015625
1782,-0.046875,-1.46875,-0.40234375
1783,-0.03515625,-1.4609375,-0.38671875
1784,-0.05078125,-1.4609375,-0.3671875
1785,-0.05859375,-1.44921875,-0.36328125
1786,-0.046875,-1.44140625,-0.34375
1787,-0.04296875,-1.42578125,-0.33984375
1788,-0.01953125,-1.41015625,-0.3515625
1789,-0.03125,-1.390625,-0.34765625
1790,-0.01171875,-1.36328125,-0.33984375
1791,-0.00390625,-1.35546875,-0.33984375
1792,0.00390625,-1.33203125,-0.3359375
1793,0.0234375,-1.30078125,-0.328125
1794,0.02734375,-1.296875,-0.3203125
1795,0.02734375,-1.25,-0.2890625
1796,0.0234375,-1.234375,-0.296875
1797,0.0234375,-1.22265625,-0.2734375
1798,0.01171875,-1.19921875,-0.26171875
1799,0.00390625,-1.17578125,-0.25
1800,0.0,-1.140625,-0.25
1801,0.0,-1.11328125,-0.25390625
1802,-0.00390625,-1.078125,-0.25
1803,0.00390625,-1.046875,-0.25390625
1804,0.0,-0.99609375,-0.26953125
1805,-0.015625,-0.953125,-0.2578125
1806,-0.00390625,-0.91015625,-0.2578125
1807,-0.0078125,-0.85546875,-0.23828125
1808,-0.00390625,-0.80078125,-0.234375
1809,-0.01171875,-0.75,-0.234375
1810,0.0,-0.71484375,-0.22265625
1811,0.015625,-0.69140625,-0.21875
1812,0.0,-0.64453125,-0.1875
1813,-0.00390625,-0.640625,-0.1953125
1814,-0.0078125,-0.60546875,-0.2109375
1815,-0.00390625,-0.59375,-0.19140625
1816,-0.01171875,-0.58984375,-0.15234375
1817,-0.0234375,-0.578125,-0.15625
1818,-0.046875,-0.57421875,-0.1328125
1819,-0.03515625,-0.5703125,-0.0859375
1820,-0.0546875,-0.5390625,-0.08203125
1821,-0.07421875,-0.52734375,-0.09375
1822,-0.08984375,-0.5,-0.07421875
1823,-0.09765625,-0.4765625,-0.07421875
1824,-0.09765625,-0.4609375,-0.08203125
1825,-0.09765625,-0.41796875,-0.09375
1826,-0.11328125,-0.390625,-0.1015625
1827,-0.12109375,-0.36328125,-0.125
1828,-0.109375,-0.3203125,-0.16015625
1829,-0.09765625,-0.29296875,-0.19921875
1830,-0.078125,-0.28125,-0.2421875
1831,-0.0546875,-0.265625,-0.26953125
1832,-0.02734375,-0.2421875,-0.30859375
1833,-0.01171875,-0.22265625,-0.32421875
1834,0.0078125,-0.20703125,-0.32421875
1835,0.0234375,-0.1796875,-0.3125
1836,0.046875,-0.171875,-0.3046875
1837,0.05078125,-0.140625,-0.2890625
1838,0.06640625,-0.13671875,-0.30078125
1839,0.0625,-0.11328125,-0.30859375
1840,0.07421875,-0.10546875,-0.32421875
1841,0.07421875,-0.07421875,-0.31640625
1842,0.078125,-0.07421875,-0.3046875
1843,0.09375,-0.078125,-0.30078125
1844,0.08203125,-0.08984375,-0.31640625
1845,0.109375,-0.11328125,-0.3046875
1846,0.12109375,-0.1640625,-0.296875
1847,0.1171875,-0.1953125,-0.3046875
1848,0.1328125,-0.25390625,-0.26953125
1849,0.1484375,-0.296875,-0.23828125
1850,0.15234375,-0.375,-0.19140625
1851,0.16015625,-0.4140625,-0.16796875
1852,0.13671875,-0.4609375,-0.1484375
1853,0.1171875,-0.515625,-0.13671875
1854,0.11328125,-0.5390625,-0.15625
1855,0.08984375,-0.57421875,-0.15234375
1856,0.05859375,-0.61328125,-0.17578125
1857,0.0234375,-0.63671875,-0.19140625
1858,0.015625,-0.6796875,-0.22265625
1859,0.0,-0.71875,-0.22265625
1860,-0.015625,-0.76953125,-0.23828125
1861,-0.05078125,-0.8515625,-0.2578125
1862,-0.06640625,-0.92578125,-0.28125
1863,-0.06640625,-1.02734375,-0.28515625
1864,-0.0546875,-1.1328125,-0.27734375
1865,-0.03515625,-1.2734375,-0.27734375
1866,0.00390625,-1.41015625,-0.2578125
1867,0.04296875,-1.515625,-0.25
1868,0.109375,-1.6015625,-0.2421875
1869,0.16015625,-1.65234375,-0.2421875
1870,0.22265625,-1.62109375,-0.24609375
1871,0.3046875,-1.5390625,-0.2421875
1872,0.296875,-1.4375,-0.25390625
1873,0.24609375,-1.3046875,-0.25390625
1874,0.1953125,-1.2109375,-0.24609375
1875,0.1640625,-1.1171875,-0.25
1876,0.1484375,-1.01953125,-0.23828125
1877,0.1171875,-0.96484375,-0.26171875
1878,0.08984375,-0.91015625,-0.2578125
1879,0.046875,-0.890625,-0.265625
1880,0.0078125,-0.890625,-0.2578125
1881,-0.03125,-0.91796875,-0.24609375
1882,-0.06640625,-0.96484375,-0.23046875
1883,-0.09765625,-1.0234375,-0.2265625
1884,-0.1015625,-1.0859375,-0.20703125
1885,-0.078125,-1.16015625,-0.18359375
1886,-0.06640625,-1.203125,-0.16015625
1887,-0.046875,-1.22265625,-0.1484375
1888,0.0,-1.22265625,-0.140625
1889,0.0234375,-1.22265625,-0.12890625
1890,0.0625,-1.1875,-0.109375
1891,0.05859375,-1.1484375,-0.109375
1892,0.08984375,-1.09765625,-0.08984375
1893,0.1015625,-1.05078125,-0.078125
1894,0.11328125,-1.01171875,-0.07421875
1895,0.12109375,-0.9765625,-0.05859375
1896,0.1171875,-0.94140625,-0.03515625
1897,0.1171875,-0.91796875,-0.02734375
1898,0.11328125,-0.89453125,-0.02734375
1899,0.12109375,-0.8671875,-0.00390625
1900,0.11328125,-0.85546875,-0.01171875
1901,0.09765625,-0.82421875,-0.015625
1902,0.1015625,-0.82421875,0.00390625
1903,0.08984375,-0.828125,-0.01171875
1904,0.0546875,-0.79296875,0.0078125
1905,0.0390625,-0.81640625,0.0
1906,0.0078125,-0.8203125,0.015625
1907,-0.01171875,-0.83984375,-0.0078125
1908,-0.03515625,-0.83984375,0.01171875
1909,-0.046875,-0.8671875,-0.01171875
1910,-0.0546875,-0.88671875,-0.0078125
1911,-0.078125,-0.90234375,-0.01171875
1912,-0.0859375,-0.94921875,0.01171875
1913,-0.08203125,-0.93359375,-0.01953125
1914,-0.08984375,-0.9609375,-0.02734375
1915,-0.09375,-0.96484375,-0.01953125
1916,-0.0625,-0.984375,-0.03125
1917,-0.0390625,-1.0,-0.04296875
1918,0.0078125,-1.01171875,-0.0703125
1919,0.03125,-1.01953125,-0.0546875
1920,0.0625,-1.03125,-0.05859375
1921,0.08203125,-1.0390625,-0.0625
1922,0.12109375,-1.05078125,-0.06640625
1923,0.12109375,-1.06640625,-0.07421875
1924,0.1484375,-1.0703125,-0.07421875
1925,0.15625,-1.0703125,-0.0703125
1926,0.15234375,-1.08984375,-0.0703125
1927,0.15234375,-1.09375,-0.06640625
1928,0.14453125,-1.109375,-0.07421875
1929,0.12109375,-1.0859375,-0.0703125
1930,0.1015625,-1.10546875,-0.0625
1931,0.09765625,-1.09375,-0.078125
1932,0.05859375,-1.09375,-0.06640625
1933,0.04296875,-1.07421875,-0.0625
1934,0.01171875,-1.09375,-0.05859375
1935,0.02734375,-1.06640625,-0.04296875
1936,0.01953125,-1.0546875,-0.04296875
1937,0.015625,-1.046875,-0.05859375
1938,0.01171875,-1.04296875,-0.03125
1939,0.0078125,-1.03515625,-0.0390625
1940,0.01171875,-1.01171875,-0.0390625
1941,0.015625,-1.00390625,-0.015625
1942,0.00390625,-0.98828125,-0.02734375
1943,0.01953125,-0.98046875,-0.0234375
1944,0.0234375,-0.9765625,-0.01953125
1945,0.0390625,-0.9765625,-0.03125
1946,0.01953125,-0.96875,0.0
1947,0.0234375,-0.95703125,-0.01171875
1948,0.01953125,-0.95703125,-0.0078125
1949,0.02734375,-0.95703125,-0.0078125
1950,0.03125,-0.94921875,-0.01171875
1951,0.0234375,-0.94921875,-0.015625
1952,0.02734375,-0.9375,-0.03125
1953,0.0234375,-0.953125,-0.03125
1954,0.02734375,-0.94921875,-0.046875
1955,0.01953125,-0.9609375,-0.05078125
1956,0.01171875,-0.953125,-0.0546875
1957,0.0234375,-0.96484375,-0.0546875
1958,0.02734375,-0.96484375,-0.05859375
1959,0.00390625,-0.96875,-0.0390625
1960,0.0,-0.96484375,-0.05859375
1961,0.0078125,-0.97265625,-0.046875
1962,0.0078125,-0.98046875,-0.04296875
1963,0.0,-0.98046875,-0.04296875
1964,0.0078125,-1.01171875,-0.04296875
1965,0.0078125,-1.0078125,-0.05078125
1966,0.0078125,-1.01953125,-0.046875
1967,0.0078125,-1.0546875,-0.0546875
1968,0.00390625,-1.06640625,-0.0625
1969,0.0078125,-1.0859375,-0.046875
1970,0.0,-1.09375,-0.06640625
1971,0.00390625,-1.09765625,-0.06640625
1972,0.0,-1.09375,-0.06640625
1973,0.01171875,-1.0859375,-0.078125
1974,0.01171875,-1.0703125,-0.0703125
1975,0.0078125,-1.06640625,-0.08203125
1976,0.01171875,-1.05859375,-0.08203125
1977,0.01171875,-1.01171875,-0.08984375
1978,0.015625,-1.03515625,-0.08984375
1979,0.00390625,-1.01953125,-0.07421875
1980,0.015625,-1.01953125,-0.07421875
1981,0.01171875,-1.0234375,-0.0703125
1982,0.015625,-1.0234375,-0.06640625
1983,0.0234375,-1.0234375,-0.05859375
1984,0.0390625,-1.04296875,-0.0625
1985,0.03515625,-1.0390625,-0.05859375
1986,0.03515625,-1.03515625,-0.02734375
1987,0.03515625,-1.02734375,-0.0546875
1988,0.046875,-1.03125,-0.04296875
1989,0.05078125,-1.015625,-0.05859375
1990,0.0390625,-1.0,-0.06640625
1991,0.0546875,-0.98046875,-0.05859375
1992,0.046875,-0.9765625,-0.07421875
1993,0.05078125,-0.9609375,-0.06640625
1994,0.0546875,-0.9609375,-0.06640625
1995,0.06640625,-0.953125,-0.06640625
1996,0.0546875,-0.9453125,-0.05078125
1997,0.0625,-0.9453125,-0.0625
1998,0.06640625,-0.953125,-0.0625
1999,0.1015625,-0.94921875,-0.01953125
2000,0.07421875,-0.9609375,-0.03515625
2001,0.07421875,-0.99609375,-0.0546875
2002,0.0625,-0.96875,-0.0625
2003,0.08203125,-0.98046875,-0.0234375
2004,0.0546875,-0.9765625,-0.0546875
2005,0.03125,-1.00390625,-0.05859375
2006,0.02734375,-1.02734375,-0.0546875
2007,0.00390625,-0.99609375,-0.09375
2008,0.0390625,-1.0234375,-0.01953125
2009,0.03515625,-1.03515625,-0.02734375
2010,0.01953125,-1.02734375,-0.0625
2011,0.03515625,-1.03515625,-0.046875
2012,0.0390625,-1.0234375,-0.05078125
2013,0.04296875,-1.01171875,-0.05859375
2014,0.03515625,-1.0390625,-0.05859375
2015,0.08984375,-1.01171875,-0.0703125
2016,0.1171875,-1.0078125,-0.10546875
2017,0.03125,-0.9765625,-0.046875
2018,0.0625,-0.953125,-0.05859375
2019,0.0390625,-1.0234375,-0.07421875
2020,0.05859375,-1.08203125,-0.05859375
2021,0.05859375,-1.00390625,-0.09375
2022,0.09765625,-1.0078125,-0.046875
2023,0.03515625,-1.02734375,-0.09375
2024,0.04296875,-1.0078125,-0.05859375
2025,0.05078125,-1.03125,-0.06640625
2026,0.05859375,-1.03515625,-0.06640625
2027,0.05859375,-1.03515625,-0.07421875
2028,0.0546875,-1.03515625,-0.0703125
2029,0.07421875,-1.04296875,-0.01171875
2030,0.06640625,-1.046875,-0.046875
2031,0.08203125,-1.05859375,-0.0546875
2032,0.08203125,-1.01953125,-0.06640625
2033,0.02734375,-0.98828125,-0.046875
2034,0.03515625,-1.0078125,-0.046875
2035,0.01953125,-0.9765625,-0.0625
2036,0.04296875,-1.015625,-0.02734375
2037,0.0390625,-0.9921875,-0.04296875
2038,0.01171875,-0.98046875,-0.0546875
2039,0.05859375,-1.015625,-0.08984375
2040,0.01953125,-0.97265625,-0.06640625
2041,0.015625,-0.98046875,-0.0546875
2042,0.03125,-0.9921875,-0.05078125
2043,0.03515625,-0.98828125,-0.0703125
2044,0.046875,-1.00390625,-0.0625
2045,0.05859375,-1.01953125,0.01171875
2046,0.01953125,-1.0078125,-0.0625
2047,0.03125,-1.0234375,0.0078125
2048,0.078125,-1.0234375,-0.0546875
2049,0.04296875,-1.01171875,-0.03125
2050,0.0234375,-0.9921875,-0.06640625
2051,0.05078125,-1.0234375,-0.0078125
2052,0.02734375,-0.99609375,-0.06640625
2053,0.078125,-1.0,-0.046875
2054,0.046875,-1.01171875,-0.04296875
2055,0.03125,-0.98828125,-0.0625
2056,0.05078125,-0.9921875,-0.07421875
2057,0.05078125,-0.9765625,-0.05859375
2058,0.0546875,-0.98828125,-0.046875
2059,0.046875,-0.9765625,-0.05859375
2060,0.0703125,-0.97265625,-0.0390625
2061,0.0546875,-0.98828125,-0.0390625
2062,0.08984375,-1.01953125,-0.03125
2063,0.0390625,-0.99609375,-0.0234375
2064,0.0546875,-1.01953125,-0.03515625
2065,0.0546875,-1.02734375,-0.03125
2066,0.01171875,-1.01953125,-0.05078125
2067,0.0078125,-1.0078125,-0.05078125
2068,0.03125,-1.0234375,-0.04296875
2069,0.0234375,-1.01171875,-0.015625
2070,0.015625,-1.03125,-0.01953125
2071,0.03125,-1.0,-0.046875
2072,0.03125,-1.0,-0.0390625
2073,0.03125,-1.0,-0.0390625
2074,0.0390625,-0.9921875,-0.04296875
2075,0.0390625,-0.98828125,-0.01171875
2076,0.0546875,-0.9609375,-0.0390625
2077,0.03515625,-0.99609375,-0.015625
2078,0.046875,-0.9609375,-0.0546875
2079,0.0625,-0.96484375,-0.03125
2080,0.0625,-0.95703125,-0.05078125
2081,0.046875,-0.98046875,-0.046875
2082,0.046875,-0.9765625,-0.04296875
2083,0.0234375,-0.9765625,-0.04296875
2084,0.05078125,-1.01953125,-0.03515625
2085,0.046875,-0.97265625,0.0
2086,0.03125,-1.00390625,-0.046875
2087,0.02734375,-0.98828125,-0.0390625
2088,0.0234375,-1.0078125,-0.03125
2089,0.0390625,-1.01953125,-0.0234375
2090,0.07421875,-0.98828125,-0.05859375
2091,0.01171875,-1.0234375,-0.0078125
2092,0.015625,-1.0234375,-0.05859375
2093,0.05078125,-1.01953125,-0.05859375
2094,0.02734375,-1.0234375,-0.03125
2095,0.02734375,-1.01171875,-0.046875
2096,0.02734375,-0.99609375,-0.046875
2097,0.0390625,-0.99609375,-0.05859375
2098,0.0234375,-0.99609375,-0.06640625
2099,0.01953125,-0.9921875,-0.05078125
2100,0.03125,-1.0078125,-0.05859375
2101,0.02734375,-1.00390625,-0.0703125
2102,0.0390625,-0.99609375,-0.0546875
2103,0.03515625,-1.00390625,-0.01953125
2104,0.03125,-0.9921875,-0.046875
2105,0.03125,-1.0,-0.04296875
2106,0.03515625,-1.00390625,-0.046875
2107,0.02734375,-1.0078125,-0.0390625
2108,0.03125,-0.99609375,-0.04296875
2109,0.03125,-1.01171875,-0.04296875
2110,0.03515625,-1.01953125,-0.03515625
2111,0.03515625,-1.01171875,-0.046875
2112,0.03515625,-1.01171875,-0.05078125
2113,0.03515625,-1.0,-0.05078125
2114,0.0390625,-0.98828125,-0.05078125
2115,0.02734375,-1.0,-0.046875
2116,0.03125,-0.98828125,-0.0546875
2117,0.046875,-0.9609375,-0.0390625
2118,0.04296875,-0.984375,-0.0390625
2119,0.0390625,-0.9921875,-0.04296875
2120,0.0390625,-0.984375,-0.0546875
2121,0.03515625,-0.984375,-0.046875
2122,0.0390625,-0.99609375,-0.046875
2123,0.04296875,-0.99609375,-0.05078125
2124,0.04296875,-1.0078125,-0.05078125
2125,0.0390625,-1.00390625,-0.03515625
2126,0.0390625,-1.01171875,-0.05859375
2127,0.03515625,-1.01171875,-0.046875
2128,0.0390625,-1.0,-0.05078125
2129,0.0234375,-1.00390625,-0.0390625
2130,0.01953125,-0.984375,-0.03515625
2131,0.0390625,-0.98828125,-0.046875
2132,0.0390625,-0.9765625,-0.04296875
2133,0.0390625,-0.98828125,-0.04296875
2134,0.04296875,-0.98828125,-0.046875
2135,0.03125,-0.984375,-0.03515625
2136,0.05078125,-0.98828125,-0.03125
2137,0.03515625,-0.99609375,-0.03515625
2138,0.0390625,-0.984375,-0.046875
2139,0.03515625,-0.9921875,-0.03125
2140,0.0546875,-0.99609375,-0.0390625
2141,0.0546875,-1.0,-0.03125
2142,0.046875,-1.0,-0.03125
2143,0.04296875,-0.9921875,-0.05859375
2144,0.046875,-1.00390625,-0.04296875
2145,0.05078125,-0.99609375,-0.04296875
2146,0.0546875,-1.0078125,-0.0546875
2147,0.04296875,-0.99609375,-0.05078125
2148,0.0390625,-1.015625,-0.0546875
2149,0.046875,-1.00390625,-0.04296875
2150,0.05078125,-1.0078125,-0.046875
2151,0.05859375,-1.0078125,-0.04296875
2152,0.046875,-1.0,-0.0546875
2153,0.046875,-0.99609375,-0.05078125
2154,0.04296875,-1.00390625,-0.046875
2155,0.04296875,-1.0,-0.0546875
2156,0.05078125,-0.98828125,-0.04296875
2157,0.02734375,-0.9921875,-0.04296875
2158,0.05078125,-1.0,-0.0390625
2159,0.0390625,-0.98828125,-0.04296875
2160,0.046875,-1.0078125,-0.0546875
2161,0.04296875,-1.00390625,-0.046875
2162,0.04296875,-1.0078125,-0.04296875
2163,0.046875,-1.00390625,-0.04296875
2164,0.046875,-1.01171875,-0.0546875
2165,0.046875,-1.0,-0.05078125
2166,0.046875,-1.00390625,-0.02734375
2167,0.046875,-1.01171875,-0.0390625
2168,0.0234375,-1.00390625,-0.046875
2169,0.03515625,-1.0078125,-0.05078125
2170,0.03125,-0.99609375,-0.05078125
2171,0.0390625,-1.0,-0.046875
2172,0.04296875,-0.9921875,-0.046875
2173,0.02734375,-0.99609375,-0.0546875
2174,0.0390625,-0.98828125,-0.0390625
2175,0.03125,-0.9921875,-0.0390625
2176,0.03515625,-0.99609375,-0.0390625
2177,0.03515625,-0.9921875,-0.04296875
2178,0.02734375,-0.98828125,-0.04296875
2179,0.0234375,-0.9921875,-0.05078125
2180,0.03515625,-1.0,-0.04296875
2181,0.046875,-1.015625,-0.03515625
2182,0.03515625,-1.01171875,-0.03125
2183,0.03125,-1.015625,-0.0390625
2184,0.02734375,-1.02734375,-0.03515625
2185,0.03125,-1.015625,-0.046875
2186,0.03515625,-1.01953125,-0.0390625
2187,0.02734375,-1.0,-0.0546875
2188,0.03515625,-1.00390625,-0.04296875
2189,0.03125,-0.9921875,-0.03515625
2190,0.0234375,-0.98046875,-0.0234375
2191,0.01953125,-0.98046875,-0.05859375
2192,0.0234375,-0.984375,-0.0625
2193,0.01953125,-0.984375,-0.05078125
2194,0.0390625,-0.99609375,-0.0390625
2195,0.03125,-1.0078125,-0.0546875
2196,0.02734375,-0.98828125,-0.05078125
2197,0.0390625,-1.01171875,-0.046875
2198,0.03125,-0.99609375,-0.046875
2199,0.04296875,-1.00390625,-0.03515625
2200,0.02734375,-1.00390625,-0.03125
2201,0.03125,-1.00390625,-0.03125
2202,0.04296875,-0.99609375,-0.046875
2203,0.0390625,-0.9921875,-0.05078125
2204,0.03515625,-0.99609375,-0.0546875
2205,0.03125,-1.00390625,-0.05078125
2206,0.046875,-0.9921875,-0.05078125
2207,0.03515625,-0.98828125,-0.05078125
2208,0.046875,-0.99609375,-0.05859375
2209,0.03515625,-0.98828125,-0.03515625
2210,0.04296875,-1.0,-0.0546875
2211,0.05078125,-1.01171875,-0.0390625
2212,0.046875,-1.01171875,-0.02734375
2213,0.04296875,-1.015625,-0.02734375
2214,0.04296875,-1.0234375,-0.0390625
2215,0.03515625,-1.0234375,-0.05078125
2216,0.04296875,-1.01171875,-0.03125
2217,0.0390625,-1.01953125,-0.04296875
2218,0.03515625,-1.00390625,-0.04296875
2219,0.046875,-1.0,-0.03125
2220,0.046875,-0.9921875,-0.04296875
2221,0.04296875,-1.0,-0.04296875
2222,0.04296875,-0.9921875,-0.03125
2223,0.03125,-0.984375,-0.01953125
2224,0.03125,-0.9921875,-0.01953125
2225,0.04296875,-1.0,-0.03515625
2226,0.03515625,-0.99609375,-0.0390625
2227,0.0390625,-1.0,-0.03125
2228,0.03125,-1.00390625,-0.02734375
2229,0.04296875,-1.0078125,-0.03125
2230,0.03125,-1.0,-0.03125
2231,0.04296875,-1.0078125,-0.01953125
2232,0.02734375,-1.0078125,-0.0234375
2233,0.02734375,-1.00390625,-0.03125
2234,0.03125,-1.0,-0.03125
2235,0.03515625,-1.0078125,-0.03515625
2236,0.04296875,-1.01953125,-0.015625
2237,0.03515625,-1.00390625,-0.03125
2238,0.03125,-1.00390625,-0.03515625
2239,0.04296875,-0.99609375,-0.03125
2240,0.02734375,-0.99609375,-0.03515625
2241,0.03125,-0.984375,-0.0234375
2242,0.05078125,-1.0,-0.02734375
2243,0.03125,-0.98828125,-0.03125
2244,0.01953125,-0.984375,-0.04296875
2245,0.02734375,-0.9921875,-0.02734375
2246,0.0390625,-0.984375,-0.03125
2247,0.0234375,-0.99609375,-0.0234375
2248,0.0234375,-0.99609375,-0.02734375
2249,0.01171875,-0.99609375,-0.0234375
2250,0.02734375,-0.98828125,-0.0234375
2251,0.03515625,-1.0078125,-0.0234375
2252,0.02734375,-0.9921875,-0.0234375
2253,0.02734375,-0.99609375,-0.0234375
2254,0.03515625,-0.9921875,-0.03125
2255,0.02734375,-0.99609375,-0.02734375
2256,0.0390625,-1.0,-0.03515625
2257,0.0390625,-1.00390625,-0.02734375
2258,0.0390625,-1.00390625,-0.01171875
2259,0.03125,-1.00390625,-0.03515625
2260,0.0234375,-0.99609375,-0.015625
2261,0.03125,-0.99609375,-0.01953125
2262,0.03125,-1.0,-0.015625
2263,0.05078125,-1.0,-0.02734375
2264,0.0390625,-1.0,-0.0234375
2265,0.04296875,-1.0078125,-0.0234375
2266,0.03515625,-1.0,-0.01171875
2267,0.03515625,-1.0,-0.02734375
2268,0.03515625,-1.0078125,-0.01953125
2269,0.03515625,-1.0,-0.01953125
2270,0.0390625,-1.00390625,-0.02734375
2271,0.0390625,-1.00390625,-0.01953125
2272,0.04296875,-1.00390625,0.0
2273,0.0390625,-0.99609375,-0.0234375
2274,0.0546875,-1.00390625,-0.0234375
2275,0.046875,-1.0078125,0.0
2276,0.0546875,-1.015625,-0.02734375
2277,0.046875,-1.00390625,0.00390625
2278,0.05859375,-1.01171875,-0.02734375
2279,0.05078125,-1.00390625,-0.02734375
2280,0.04296875,-1.0078125,-0.015625
2281,0.05859375,-1.0078125,-0.03125
2282,0.05859375,-1.0078125,-0.0234375
2283,0.0546875,-0.99609375,-0.02734375
2284,0.06640625,-1.00390625,-0.015625
2285,0.05859375,-0.99609375,-0.03515625
2286,0.0703125,-0.9921875,-0.03515625
2287,0.0546875,-0.98828125,-0.0234375
2288,0.0546875,-0.99609375,-0.01953125
2289,0.05078125,-0.9921875,-0.01171875
2290,0.046875,-0.9921875,-0.03125
2291,0.046875,-1.00390625,-0.015625
2292,0.046875,-0.9921875,-0.015625
2293,0.046875,-1.0,-0.01171875
2294,0.046875,-1.00390625,-0.0234375
2295,0.04296875,-1.0,-0.01171875
2296,0.04296875,-0.98828125,-0.01953125
2297,0.0390625,-0.984375,-0.01171875
2298,0.0390625,-0.984375,-0.0078125
2299,0.03515625,-0.984375,-0.01171875
2300,0.05078125,-1.0,-0.0078125
2301,0.03515625,-0.98828125,-0.015625
2302,0.05078125,-0.96484375,0.00390625
2303,0.03515625,-0.99609375,-0.0078125
2304,0.01953125,-0.9921875,0.0
2305,0.03125,-0.9921875,-0.01171875
2306,0.03515625,-0.9921875,-0.015625
2307,0.03515625,-1.0,-0.0078125
2308,0.0390625,-1.0,-0.02734375
2309,0.03515625,-0.98046875,-0.01171875
2310,0.04296875,-0.9765625,-0.0234375
2311,0.0546875,-0.9921875,-0.0234375
2312,0.0625,-0.984375,-0.015625
2313,0.05859375,-0.98828125,-0.015625
2314,0.0625,-0.99609375,-0.0234375
2315,0.05078125,-1.0078125,-0.01953125
2316,0.0625,-1.01171875,-0.015625
2317,0.05859375,-1.01171875,-0.00390625
2318,0.046875,-1.015625,-0.00390625
2319,0.04296875,-1.02734375,0.0
2320,0.04296875,-1.0234375,-0.01171875
2321,0.046875,-1.01953125,-0.00390625
2322,0.04296875,-1.01171875,0.0078125
2323,0.05078125,-1.0,0.0
2324,0.04296875,-1.00390625,0.0390625
2325,0.046875,-1.0078125,-0.0078125
2326,0.02734375,-0.984375,-0.01171875
2327,0.03515625,-0.98828125,-0.00390625
2328,0.03515625,-0.99609375,0.0
2329,0.03125,-0.9921875,0.0078125
2330,0.05078125,-1.0,0.01171875
2331,0.04296875,-0.99609375,0.0
2332,0.02734375,-0.98828125,0.0
2333,0.0546875,-1.00390625,-0.00390625
2334,0.05078125,-1.0,0.01171875
2335,0.03515625,-0.99609375,0.0
2336,0.03515625,-1.0,0.0078125
2337,0.04296875,-1.0,0.00390625
2338,0.0625,-1.01171875,0.0078125
2339,0.0390625,-1.0,0.01171875
2340,0.03515625,-1.00390625,-0.01171875
2341,0.046875,-1.0078125,0.0
2342,0.05078125,-0.9921875,-0.0078125
2343,0.0390625,-0.9921875,-0.01171875
2344,0.03125,-0.9921875,-0.0078125
2345,0.04296875,-0.9921875,-0.0078125
2346,0.0390625,-0.99609375,-0.0078125
2347,0.03515625,-0.98828125,-0.0078125
2348,0.0390625,-0.98828125,-0.015625
2349,0.0234375,-0.98828125,0.00390625
2350,0.03515625,-1.00390625,0.0
2351,0.0390625,-1.0,0.0078125
2352,0.03125,-0.99609375,-0.0078125
2353,0.03515625,-1.0,0.0
2354,0.03515625,-0.99609375,0.0
2355,0.03515625,-1.01171875,0.015625
2356,0.0390625,-1.00390625,0.0
2357,0.046875,-1.0078125,-0.00390625
2358,0.0390625,-1.0,-0.00390625
2359,0.03515625,-1.00390625,-0.00390625
2360,0.0390625,-0.98828125,0.0
2361,0.046875,-1.00390625,-0.0078125
2362,0.0390625,-1.00390625,-0.015625
2363,0.05078125,-1.00390625,-0.01171875
2364,0.04296875,-0.98828125,-0.0078125
2365,0.04296875,-1.00390625,-0.01171875
2366,0.0390625,-0.98828125,0.0
2367,0.05078125,-1.00390625,0.0
2368,0.04296875,-0.98828125,0.0078125
2369,0.046875,-0.9921875,-0.00390625
2370,0.04296875,-0.99609375,-0.0078125
2371,0.0390625,-0.9921875,-0.0078125
2372,0.05078125,-1.01171875,-0.01171875
2373,0.03515625,-0.99609375,0.00390625
2374,0.0390625,-1.00390625,-0.00390625
2375,0.0390625,-0.9921875,0.0
2376,0.046875,-1.00390625,-0.015625
2377,0.0390625,-1.0,0.0
2378,0.03515625,-0.9921875,-0.0078125
2379,0.02734375,-1.0,-0.01171875
2380,0.03515625,-0.99609375,-0.0234375
2381,0.046875,-1.0078125,-0.00390625
2382,0.0390625,-0.98828125,-0.01953125
2383,0.046875,-0.99609375,-0.00390625
2384,0.046875,-1.0,-0.015625
2385,0.0390625,-0.99609375,0.00390625
2386,0.04296875,-0.984375,-0.01171875
2387,0.03125,-0.9921875,-0.01171875
2388,0.0390625,-1.01953125,0.01171875
2389,0.0546875,-1.00390625,-0.015625
2390,0.04296875,-1.0,-0.0078125
2391,0.046875,-1.0078125,-0.0078125
2392,0.05078125,-1.00390625,-0.01171875
2393,0.046875,-1.0078125,-0.015625
2394,0.04296875,-0.99609375,0.0
2395,0.0546875,-1.00390625,-0.015625
2396,0.04296875,-1.01171875,-0.015625
2397,0.0390625,-1.0,-0.01171875
2398,0.04296875,-1.0,0.00390625
2399,0.03515625,-0.99609375,0.0
