,accelerometerAccelerationX(G),accelerometerAccelerationY(G),accelerometerAccelerationZ(G)
0,0.013671875,-0.9765625,0.080078125
1,0.0126953125,-0.9755859375,0.080078125
2,0.013671875,-0.9736328125,0.0810546875
3,0.01953125,-0.978515625,0.087890625
4,0.0185546875,-0.9716796875,0.0849609375
5,0.0166015625,-0.97265625,0.0849609375
6,0.0126953125,-0.9736328125,0.080078125
7,0.0146484375,-0.9716796875,0.087890625
8,0.017578125,-0.9697265625,0.08203125
9,0.013671875,-0.96875,0.08203125
10,0.0146484375,-0.970703125,0.0830078125
11,0.0126953125,-0.966796875,0.0888671875
12,0.021484375,-0.9677734375,0.091796875
13,0.01953125,-0.9677734375,0.091796875
14,0.017578125,-0.9697265625,0.091796875
15,0.01953125,-0.97265625,0.0849609375
16,0.0224609375,-0.9716796875,0.091796875
17,0.017578125,-0.9794921875,0.091796875
18,0.017578125,-0.9765625,0.0888671875
19,0.01953125,-0.9755859375,0.0830078125
20,0.0146484375,-0.9755859375,0.0869140625
21,0.015625,-0.9755859375,0.087890625
22,0.015625,-0.9765625,0.0888671875
23,0.017578125,-0.970703125,0.083984375
24,0.0126953125,-0.978515625,0.08203125
25,0.013671875,-0.974609375,0.0869140625
26,0.0185546875,-0.9775390625,0.080078125
27,0.015625,-0.9736328125,0.087890625
28,0.017578125,-0.9736328125,0.087890625
29,0.0185546875,-0.97265625,0.0888671875
30,0.013671875,-0.9736328125,0.0830078125
31,0.0185546875,-0.970703125,0.076171875
32,0.0146484375,-0.9755859375,0.083984375
33,0.0126953125,-0.9697265625,0.0830078125
34,0.0224609375,-0.970703125,0.083984375
35,0.0146484375,-0.96875,0.0869140625
36,0.0126953125,-0.9677734375,0.0888671875
37,0.01171875,-0.9677734375,0.0830078125
38,0.0126953125,-0.9716796875,0.0849609375
39,0.013671875,-0.970703125,0.08203125
40,0.013671875,-0.974609375,0.076171875
41,0.021484375,-0.9755859375,0.0810546875
42,0.01171875,-0.97265625,0.08203125
43,0.0126953125,-0.9775390625,0.0771484375
44,0.015625,-0.9736328125,0.08203125
45,0.0166015625,-0.9775390625,0.083984375
46,0.0146484375,-0.9755859375,0.08203125
47,0.01171875,-0.9775390625,0.0869140625
48,0.015625,-0.9755859375,0.083984375
49,0.015625,-0.9765625,0.0859375
50,0.013671875,-0.9755859375,0.083984375
51,0.0126953125,-0.9755859375,0.08984375
52,0.017578125,-0.9765625,0.0869140625
53,0.0126953125,-0.9765625,0.0849609375
54,0.0146484375,-0.97265625,0.0810546875
55,0.017578125,-0.9716796875,0.087890625
56,0.017578125,-0.9697265625,0.087890625
57,0.0166015625,-0.974609375,0.087890625
58,0.0146484375,-0.9736328125,0.0810546875
59,0.0146484375,-0.96875,0.0859375
60,0.015625,-0.970703125,0.0791015625
61,0.0205078125,-0.9736328125,0.0888671875
62,0.0166015625,-0.970703125,0.0810546875
63,0.0126953125,-0.9736328125,0.0810546875
64,0.0166015625,-0.9736328125,0.0791015625
65,0.009765625,-0.9716796875,0.08203125
66,0.0185546875,-0.9716796875,0.087890625
67,0.0166015625,-0.9677734375,0.0791015625
68,0.013671875,-0.970703125,0.0791015625
69,0.0126953125,-0.9716796875,0.080078125
70,0.013671875,-0.9716796875,0.078125
71,0.0166015625,-0.9765625,0.07421875
72,0.01171875,-0.974609375,0.07421875
73,0.0126953125,-0.974609375,0.0732421875
74,0.013671875,-0.982421875,0.0791015625
75,0.013671875,-0.9794921875,0.078125
76,0.0107421875,-0.9794921875,0.0791015625
77,0.01171875,-0.982421875,0.08203125
78,0.0126953125,-0.98046875,0.0751953125
79,0.0107421875,-0.9794921875,0.0751953125
80,0.0107421875,-0.984375,0.08203125
81,0.015625,-0.9794921875,0.0791015625
82,0.0126953125,-0.9716796875,0.0771484375
83,0.015625,-0.97265625,0.0771484375
84,0.0107421875,-0.9736328125,0.0791015625
85,0.013671875,-0.9716796875,0.076171875
86,0.017578125,-0.9638671875,0.076171875
87,0.01171875,-0.9755859375,0.0791015625
88,0.013671875,-0.970703125,0.0791015625
89,0.015625,-0.9716796875,0.0791015625
90,0.0146484375,-0.97265625,0.0869140625
91,0.017578125,-0.9736328125,0.08203125
92,0.01171875,-0.97265625,0.080078125
93,0.017578125,-0.98046875,0.0810546875
94,0.01953125,-0.9794921875,0.072265625
95,0.0126953125,-0.98046875,0.076171875
96,0.01171875,-0.978515625,0.0712890625
97,0.013671875,-0.978515625,0.0712890625
98,0.0146484375,-0.9775390625,0.072265625
99,0.0146484375,-0.974609375,0.0712890625
100,0.013671875,-0.9775390625,0.0751953125
101,0.013671875,-0.974609375,0.0703125
102,0.0126953125,-0.9755859375,0.0712890625
103,0.0126953125,-0.9736328125,0.0791015625
104,0.0107421875,-0.97265625,0.0751953125
105,0.01171875,-0.98046875,0.0791015625
106,0.017578125,-0.978515625,0.080078125
107,0.0166015625,-0.9697265625,0.0810546875
108,0.0185546875,-0.970703125,0.0771484375
109,0.021484375,-0.9716796875,0.0791015625
110,0.0205078125,-0.9697265625,0.08203125
111,0.0224609375,-0.974609375,0.0830078125
112,0.0146484375,-0.9736328125,0.080078125
113,0.01953125,-0.970703125,0.0791015625
114,0.0224609375,-0.974609375,0.080078125
115,0.0185546875,-0.974609375,0.0771484375
116,0.0224609375,-0.9765625,0.072265625
117,0.0146484375,-0.978515625,0.0751953125
118,0.0146484375,-0.9775390625,0.0771484375
119,0.0146484375,-0.978515625,0.0751953125
120,0.013671875,-0.9794921875,0.07421875
121,0.013671875,-0.978515625,0.07421875
122,0.0185546875,-0.9794921875,0.0751953125
123,0.0126953125,-0.98046875,0.07421875
124,0.013671875,-0.9775390625,0.076171875
125,0.0166015625,-0.97265625,0.078125
126,0.0146484375,-0.9765625,0.076171875
127,0.0146484375,-0.9697265625,0.07421875
128,0.0146484375,-0.9697265625,0.07421875
129,0.0146484375,-0.974609375,0.0751953125
130,0.01171875,-0.9736328125,0.078125
131,0.013671875,-0.97265625,0.0830078125
132,0.013671875,-0.9736328125,0.0869140625
133,0.0166015625,-0.9697265625,0.0830078125
134,0.0205078125,-0.9736328125,0.0791015625
135,0.0185546875,-0.97265625,0.080078125
136,0.015625,-0.9736328125,0.0771484375
137,0.017578125,-0.97265625,0.080078125
138,0.017578125,-0.9765625,0.080078125
139,0.015625,-0.9775390625,0.0791015625
140,0.0146484375,-0.9775390625,0.07421875
141,0.01953125,-0.974609375,0.076171875
142,0.013671875,-0.9765625,0.0791015625
143,0.015625,-0.9775390625,0.0791015625
144,0.0126953125,-0.98046875,0.0810546875
145,0.0146484375,-0.9736328125,0.078125
146,0.015625,-0.9765625,0.078125
147,0.0205078125,-0.98046875,0.080078125
148,0.0185546875,-0.978515625,0.08203125
149,0.013671875,-0.9775390625,0.0810546875
150,0.0146484375,-0.9765625,0.0791015625
151,0.0166015625,-0.974609375,0.08203125
152,0.021484375,-0.9775390625,0.08203125
153,0.01953125,-0.9755859375,0.0771484375
154,0.0185546875,-0.970703125,0.078125
155,0.0126953125,-0.9736328125,0.078125
156,0.0126953125,-0.9697265625,0.0830078125
157,0.013671875,-0.9716796875,0.083984375
158,0.015625,-0.97265625,0.0849609375
159,0.0146484375,-0.9755859375,0.0791015625
160,0.01171875,-0.98046875,0.0791015625
161,0.0166015625,-0.97265625,0.0859375
162,0.0185546875,-0.9755859375,0.0869140625
163,0.0146484375,-0.974609375,0.083984375
164,0.01953125,-0.9736328125,0.0830078125
165,0.0126953125,-0.970703125,0.08203125
166,0.017578125,-0.9716796875,0.0888671875
167,0.021484375,-0.97265625,0.0869140625
168,0.015625,-0.974609375,0.0849609375
169,0.0185546875,-0.97265625,0.0859375
170,0.0205078125,-0.974609375,0.08984375
171,0.0205078125,-0.9736328125,0.08984375
172,0.0205078125,-0.9814453125,0.0888671875
173,0.01953125,-0.9755859375,0.0908203125
174,0.017578125,-0.9765625,0.0791015625
175,0.017578125,-0.978515625,0.0927734375
176,0.015625,-0.98046875,0.0947265625
177,0.025390625,-0.9765625,0.0888671875
178,0.021484375,-0.9794921875,0.0908203125
179,0.021484375,-0.9765625,0.091796875
180,0.0244140625,-0.97265625,0.0888671875
181,0.021484375,-0.9736328125,0.091796875
182,0.0205078125,-0.9697265625,0.0859375
183,0.01953125,-0.970703125,0.091796875
184,0.0185546875,-0.9697265625,0.0927734375
185,0.0166015625,-0.970703125,0.0908203125
186,0.015625,-0.974609375,0.0888671875
187,0.017578125,-0.966796875,0.083984375
188,0.0146484375,-0.9638671875,0.0859375
189,0.01953125,-0.9677734375,0.0791015625
190,0.0166015625,-0.970703125,0.08203125
191,0.015625,-0.9697265625,0.0849609375
192,0.0146484375,-0.9697265625,0.0869140625
193,0.015625,-0.9677734375,0.08984375
194,0.013671875,-0.9755859375,0.091796875
195,0.015625,-0.9716796875,0.0859375
196,0.0185546875,-0.9736328125,0.0859375
197,0.0205078125,-0.9677734375,0.091796875
198,0.013671875,-0.9716796875,0.0810546875
199,0.0146484375,-0.9697265625,0.08984375
200,0.015625,-0.970703125,0.0888671875
201,0.01171875,-0.966796875,0.087890625
202,0.01953125,-0.9716796875,0.083984375
203,0.0126953125,-0.9619140625,0.083984375
204,0.017578125,-0.97265625,0.0849609375
205,0.015625,-0.9697265625,0.083984375
206,0.0205078125,-0.9716796875,0.0908203125
207,0.017578125,-0.974609375,0.087890625
208,0.0166015625,-0.9755859375,0.08984375
209,0.0146484375,-0.9755859375,0.0859375
210,0.015625,-0.9765625,0.0859375
211,0.0205078125,-0.9775390625,0.0927734375
212,0.01953125,-0.9794921875,0.0859375
213,0.0146484375,-0.9755859375,0.0908203125
214,0.0205078125,-0.974609375,0.0888671875
215,0.0234375,-0.9794921875,0.08984375
216,0.025390625,-0.9765625,0.087890625
217,0.0234375,-0.9765625,0.08984375
218,0.0263671875,-0.9736328125,0.0927734375
219,0.0263671875,-0.97265625,0.09375
220,0.0244140625,-0.9716796875,0.08984375
221,0.0322265625,-0.97265625,0.091796875
222,0.025390625,-0.97265625,0.091796875
223,0.0244140625,-0.966796875,0.08984375
224,0.0224609375,-0.966796875,0.091796875
225,0.02734375,-0.966796875,0.0888671875
226,0.021484375,-0.9716796875,0.091796875
227,0.017578125,-0.9697265625,0.0966796875
228,0.017578125,-0.97265625,0.095703125
229,0.01953125,-0.96875,0.09765625
230,0.0146484375,-0.974609375,0.0966796875
231,0.0224609375,-0.9736328125,0.0947265625
232,0.0205078125,-0.9765625,0.08984375
233,0.0234375,-0.9794921875,0.091796875
234,0.013671875,-0.9755859375,0.09375
235,0.0126953125,-0.974609375,0.0908203125
236,0.01171875,-0.974609375,0.0966796875
237,0.0107421875,-0.978515625,0.09375
238,0.01171875,-0.9765625,0.095703125
239,0.0146484375,-0.9736328125,0.09375
240,0.0126953125,-0.9755859375,0.0947265625
241,0.0166015625,-0.9765625,0.0947265625
242,0.013671875,-0.98046875,0.0966796875
243,0.0146484375,-0.9755859375,0.095703125
244,0.01171875,-0.9775390625,0.09375
245,0.0107421875,-0.9697265625,0.0947265625
246,0.0185546875,-0.9736328125,0.099609375
247,0.01953125,-0.9697265625,0.0966796875
248,0.0205078125,-0.96875,0.095703125
249,0.0185546875,-0.9697265625,0.095703125
250,0.0185546875,-0.9638671875,0.0966796875
251,0.0166015625,-0.96875,0.09375
252,0.0224609375,-0.970703125,0.095703125
253,0.017578125,-0.9697265625,0.0908203125
254,0.0185546875,-0.9697265625,0.095703125
255,0.017578125,-0.970703125,0.091796875
256,0.013671875,-0.974609375,0.0888671875
257,0.0126953125,-0.9716796875,0.091796875
258,0.01171875,-0.974609375,0.095703125
259,0.013671875,-0.9755859375,0.091796875
260,0.013671875,-0.970703125,0.0966796875
261,0.013671875,-0.970703125,0.0966796875
262,0.021484375,-0.974609375,0.09375
263,0.01953125,-0.974609375,0.095703125
264,0.01953125,-0.9765625,0.09375
265,0.0205078125,-0.9755859375,0.0947265625
266,0.0185546875,-0.974609375,0.0927734375
267,0.017578125,-0.9697265625,0.0966796875
268,0.0205078125,-0.970703125,0.095703125
269,0.0185546875,-0.974609375,0.091796875
270,0.021484375,-0.97265625,0.0947265625
271,0.0166015625,-0.96875,0.0908203125
272,0.015625,-0.9755859375,0.09375
273,0.0205078125,-0.9765625,0.0908203125
274,0.0166015625,-0.9736328125,0.091796875
275,0.015625,-0.9765625,0.091796875
276,0.013671875,-0.9736328125,0.095703125
277,0.0146484375,-0.970703125,0.0927734375
278,0.017578125,-0.9736328125,0.0927734375
279,0.015625,-0.9716796875,0.09375
280,0.0146484375,-0.9697265625,0.091796875
281,0.01953125,-0.9736328125,0.0927734375
282,0.0185546875,-0.9736328125,0.0947265625
283,0.0166015625,-0.9716796875,0.09375
284,0.0224609375,-0.9736328125,0.09375
285,0.0185546875,-0.9658203125,0.0927734375
286,0.0234375,-0.97265625,0.091796875
287,0.021484375,-0.9755859375,0.0908203125
288,0.021484375,-0.9736328125,0.0908203125
289,0.013671875,-0.970703125,0.091796875
290,0.013671875,-0.9775390625,0.0908203125
291,0.01171875,-0.9755859375,0.09375
292,0.0205078125,-0.9716796875,0.0947265625
293,0.015625,-0.97265625,0.09375
294,0.0146484375,-0.9765625,0.0908203125
295,0.0166015625,-0.9736328125,0.09375
296,0.0185546875,-0.974609375,0.091796875
297,0.017578125,-0.97265625,0.091796875
298,0.0166015625,-0.9716796875,0.091796875
299,0.0205078125,-0.9716796875,0.091796875
300,0.0146484375,-0.97265625,0.095703125
301,0.0185546875,-0.9697265625,0.0947265625
302,0.015625,-0.9697265625,0.0927734375
303,0.015625,-0.970703125,0.09375
304,0.013671875,-0.96875,0.095703125
305,0.017578125,-0.9677734375,0.0947265625
306,0.0146484375,-0.9736328125,0.0947265625
307,0.013671875,-0.9716796875,0.0947265625
308,0.0146484375,-0.9697265625,0.0947265625
309,0.0126953125,-0.9677734375,0.091796875
310,0.017578125,-0.96875,0.095703125
311,0.013671875,-0.9677734375,0.08984375
312,0.021484375,-0.97265625,0.091796875
313,0.01953125,-0.974609375,0.0927734375
314,0.0166015625,-0.970703125,0.08984375
315,0.01953125,-0.970703125,0.0908203125
316,0.0166015625,-0.97265625,0.0908203125
317,0.01171875,-0.970703125,0.0947265625
318,0.0146484375,-0.9736328125,0.091796875
319,0.0166015625,-0.9775390625,0.0927734375
320,0.015625,-0.9736328125,0.0966796875
321,0.0126953125,-0.9755859375,0.0908203125
322,0.009765625,-0.97265625,0.0966796875
323,0.009765625,-0.9736328125,0.0966796875
324,0.01171875,-0.974609375,0.0966796875
325,0.01171875,-0.974609375,0.099609375
326,0.009765625,-0.970703125,0.099609375
327,0.0166015625,-0.96875,0.0986328125
328,0.01171875,-0.970703125,0.095703125
329,0.01953125,-0.9677734375,0.09765625
330,0.0185546875,-0.970703125,0.0966796875
331,0.0185546875,-0.970703125,0.09765625
332,0.017578125,-0.9736328125,0.0927734375
333,0.0185546875,-0.9765625,0.091796875
334,0.015625,-0.974609375,0.0966796875
335,0.0166015625,-0.974609375,0.095703125
336,0.0205078125,-0.97265625,0.0966796875
337,0.013671875,-0.9716796875,0.08984375
338,0.017578125,-0.9736328125,0.08984375
339,0.0205078125,-0.9755859375,0.0869140625
340,0.01171875,-0.9716796875,0.0888671875
341,0.013671875,-0.974609375,0.087890625
342,0.0205078125,-0.97265625,0.0908203125
343,0.017578125,-0.9697265625,0.09375
344,0.0166015625,-0.9755859375,0.0927734375
345,0.017578125,-0.9716796875,0.09375
346,0.015625,-0.974609375,0.095703125
347,0.021484375,-0.97265625,0.0986328125
348,0.0224609375,-0.966796875,0.0947265625
349,0.0166015625,-0.9697265625,0.095703125
350,0.015625,-0.97265625,0.09765625
351,0.0205078125,-0.970703125,0.0966796875
352,0.017578125,-0.974609375,0.095703125
353,0.0185546875,-0.9775390625,0.095703125
354,0.017578125,-0.974609375,0.09765625
355,0.0185546875,-0.9765625,0.0908203125
356,0.015625,-0.9794921875,0.091796875
357,0.0166015625,-0.9775390625,0.09375
358,0.017578125,-0.9775390625,0.0927734375
359,0.0185546875,-0.982421875,0.091796875
360,0.015625,-0.9794921875,0.0966796875
361,0.0185546875,-0.9755859375,0.0986328125
362,0.0166015625,-0.9755859375,0.095703125
363,0.0185546875,-0.9794921875,0.09375
364,0.015625,-0.978515625,0.0947265625
365,0.0185546875,-0.9755859375,0.095703125
366,0.021484375,-0.9775390625,0.0927734375
367,0.01953125,-0.9736328125,0.0966796875
368,0.01953125,-0.9716796875,0.09375
369,0.0185546875,-0.96875,0.099609375
370,0.0234375,-0.970703125,0.09765625
371,0.0234375,-0.97265625,0.09765625
372,0.0224609375,-0.9677734375,0.09375
373,0.021484375,-0.9697265625,0.0986328125
374,0.01953125,-0.9736328125,0.095703125
375,0.0166015625,-0.9697265625,0.0947265625
376,0.0146484375,-0.9765625,0.09375
377,0.0166015625,-0.978515625,0.091796875
378,0.0224609375,-0.9697265625,0.0908203125
379,0.0166015625,-0.974609375,0.09375
380,0.0146484375,-0.9775390625,0.09375
381,0.01171875,-0.97265625,0.08984375
382,0.0185546875,-0.9775390625,0.0908203125
383,0.0126953125,-0.9794921875,0.0908203125
384,0.013671875,-0.9833984375,0.0859375
385,0.0166015625,-0.9794921875,0.0859375
386,0.0185546875,-0.9755859375,0.091796875
387,0.0185546875,-0.9794921875,0.09375
388,0.0166015625,-0.9755859375,0.0947265625
389,0.021484375,-0.9775390625,0.08984375
390,0.0107421875,-0.9775390625,0.0927734375
391,0.0146484375,-0.974609375,0.095703125
392,0.0146484375,-0.97265625,0.09765625
393,0.0166015625,-0.97265625,0.095703125
394,0.015625,-0.974609375,0.0947265625
395,0.013671875,-0.96875,0.09375
396,0.0234375,-0.9716796875,0.0966796875
397,0.013671875,-0.97265625,0.09375
398,0.015625,-0.9697265625,0.0947265625
399,0.017578125,-0.97265625,0.0888671875
400,0.015625,-0.9794921875,0.08984375
401,0.013671875,-0.96875,0.08984375
402,0.017578125,-0.96875,0.0908203125
403,0.017578125,-0.97265625,0.08984375
404,0.0224609375,-0.9716796875,0.09375
405,0.01953125,-0.9755859375,0.091796875
406,0.017578125,-0.974609375,0.0927734375
407,0.0205078125,-0.97265625,0.095703125
408,0.0146484375,-0.97265625,0.091796875
409,0.0126953125,-0.974609375,0.087890625
410,0.0205078125,-0.97265625,0.087890625
411,0.013671875,-0.9775390625,0.091796875
412,0.021484375,-0.970703125,0.0927734375
413,0.0146484375,-0.974609375,0.087890625
414,0.0146484375,-0.974609375,0.08984375
415,0.0166015625,-0.9755859375,0.0908203125
416,0.015625,-0.9755859375,0.0869140625
417,0.015625,-0.97265625,0.095703125
418,0.0166015625,-0.974609375,0.0888671875
419,0.017578125,-0.9755859375,0.091796875
420,0.0166015625,-0.974609375,0.0927734375
421,0.0146484375,-0.9736328125,0.09375
422,0.013671875,-0.974609375,0.0888671875
423,0.0224609375,-0.9716796875,0.0810546875
424,0.0126953125,-0.9697265625,0.0859375
425,0.0205078125,-0.966796875,0.087890625
426,0.01953125,-0.9736328125,0.08984375
427,0.0263671875,-0.97265625,0.0888671875
428,0.0185546875,-0.9697265625,0.0927734375
429,0.015625,-0.97265625,0.08984375
430,0.0224609375,-0.97265625,0.091796875
431,0.01953125,-0.96875,0.0986328125
432,0.01953125,-0.9716796875,0.095703125
433,0.01953125,-0.97265625,0.09375
434,0.017578125,-0.9736328125,0.091796875
435,0.015625,-0.96875,0.095703125
436,0.0166015625,-0.97265625,0.09375
437,0.0166015625,-0.9697265625,0.0927734375
438,0.0205078125,-0.9697265625,0.0888671875
439,0.0224609375,-0.97265625,0.091796875
440,0.021484375,-0.96875,0.0927734375
441,0.013671875,-0.9677734375,0.0908203125
442,0.017578125,-0.9794921875,0.0849609375
443,0.0205078125,-0.9736328125,0.0849609375
444,0.0205078125,-0.974609375,0.0830078125
445,0.017578125,-0.974609375,0.08203125
446,0.017578125,-0.9765625,0.0810546875
447,0.015625,-0.974609375,0.083984375
448,0.0146484375,-0.9775390625,0.087890625
449,0.013671875,-0.9755859375,0.0849609375
450,0.0166015625,-0.9736328125,0.0869140625
451,0.0146484375,-0.97265625,0.0947265625
452,0.017578125,-0.97265625,0.08984375
453,0.0166015625,-0.9765625,0.0927734375
454,0.0146484375,-0.974609375,0.0908203125
455,0.0185546875,-0.974609375,0.0888671875
456,0.017578125,-0.970703125,0.091796875
457,0.01953125,-0.96875,0.087890625
458,0.0146484375,-0.9658203125,0.08984375
459,0.017578125,-0.96484375,0.0908203125
460,0.013671875,-0.962890625,0.0859375
461,0.017578125,-0.9609375,0.0810546875
462,0.0205078125,-0.9716796875,0.0908203125
463,0.0224609375,-0.9716796875,0.08984375
464,0.0146484375,-0.97265625,0.087890625
465,0.0166015625,-0.974609375,0.083984375
466,0.017578125,-0.982421875,0.0869140625
467,0.0166015625,-0.984375,0.08203125
468,0.0126953125,-0.9833984375,0.083984375
469,0.0166015625,-0.986328125,0.080078125
470,0.0146484375,-0.982421875,0.078125
471,0.021484375,-0.9794921875,0.0810546875
472,0.0224609375,-0.9755859375,0.0810546875
473,0.0166015625,-0.9716796875,0.0859375
474,0.017578125,-0.97265625,0.08984375
475,0.01953125,-0.96484375,0.0869140625
476,0.0205078125,-0.96484375,0.087890625
477,0.0234375,-0.97265625,0.087890625
478,0.0185546875,-0.9677734375,0.0888671875
479,0.0224609375,-0.970703125,0.0830078125
480,0.0234375,-0.96875,0.0791015625
481,0.0185546875,-0.9736328125,0.083984375
482,0.017578125,-0.974609375,0.0849609375
483,0.0205078125,-0.970703125,0.0859375
484,0.0185546875,-0.9765625,0.08203125
485,0.021484375,-0.9765625,0.0810546875
486,0.021484375,-0.9794921875,0.083984375
487,0.017578125,-0.9755859375,0.0859375
488,0.015625,-0.97265625,0.0791015625
489,0.0185546875,-0.9765625,0.0849609375
490,0.0146484375,-0.974609375,0.080078125
491,0.0146484375,-0.9765625,0.080078125
492,0.0146484375,-0.9794921875,0.08984375
493,0.017578125,-0.974609375,0.0810546875
494,0.0146484375,-0.98046875,0.0771484375
495,0.015625,-0.9716796875,0.083984375
496,0.013671875,-0.974609375,0.0791015625
497,0.0146484375,-0.9736328125,0.076171875
498,0.015625,-0.9677734375,0.078125
499,0.0224609375,-0.96875,0.08203125
500,0.0224609375,-0.9716796875,0.080078125
501,0.0185546875,-0.974609375,0.08203125
502,0.015625,-0.9775390625,0.083984375
503,0.0166015625,-0.9775390625,0.0869140625
504,0.015625,-0.97265625,0.0849609375
505,0.0126953125,-0.9736328125,0.0830078125
506,0.015625,-0.9794921875,0.080078125
507,0.0146484375,-0.9736328125,0.080078125
508,0.013671875,-0.9755859375,0.078125
509,0.013671875,-0.9736328125,0.07421875
510,0.009765625,-0.9755859375,0.080078125
511,0.013671875,-0.982421875,0.0771484375
512,0.017578125,-0.982421875,0.078125
513,0.013671875,-0.984375,0.0791015625
514,0.0185546875,-0.9775390625,0.08203125
515,0.0166015625,-0.974609375,0.0771484375
516,0.021484375,-0.9716796875,0.072265625
517,0.0224609375,-0.974609375,0.07421875
518,0.0263671875,-0.9716796875,0.0751953125
519,0.01953125,-0.9755859375,0.0732421875
520,0.0263671875,-0.97265625,0.076171875
521,0.0263671875,-0.974609375,0.076171875
522,0.025390625,-0.9697265625,0.0791015625
523,0.02734375,-0.9716796875,0.0791015625
524,0.0234375,-0.970703125,0.078125
525,0.025390625,-0.9697265625,0.0859375
526,0.0185546875,-0.970703125,0.0849609375
527,0.0234375,-0.97265625,0.0849609375
528,0.015625,-0.9765625,0.0810546875
529,0.0234375,-0.966796875,0.0849609375
530,0.03125,-0.96875,0.0849609375
531,0.0244140625,-0.970703125,0.083984375
532,0.0205078125,-0.9716796875,0.08203125
533,0.021484375,-0.974609375,0.0869140625
534,0.0185546875,-0.974609375,0.0830078125
535,0.0166015625,-0.974609375,0.0810546875
536,0.015625,-0.98046875,0.078125
537,0.0185546875,-0.97265625,0.078125
538,0.0166015625,-0.9716796875,0.07421875
539,0.0185546875,-0.9765625,0.078125
540,0.015625,-0.9736328125,0.0771484375
541,0.01953125,-0.9716796875,0.080078125
542,0.01953125,-0.9736328125,0.0771484375
543,0.01953125,-0.970703125,0.076171875
544,0.0166015625,-0.9716796875,0.0771484375
545,0.017578125,-0.9716796875,0.0791015625
546,0.0166015625,-0.9736328125,0.08203125
547,0.0166015625,-0.96875,0.0732421875
548,0.0185546875,-0.9697265625,0.076171875
549,0.0166015625,-0.9697265625,0.0751953125
550,0.0166015625,-0.9697265625,0.07421875
551,0.0205078125,-0.9697265625,0.0791015625
552,0.0146484375,-0.9697265625,0.0791015625
553,0.021484375,-0.9716796875,0.0771484375
554,0.0224609375,-0.9716796875,0.0732421875
555,0.0185546875,-0.9736328125,0.0712890625
556,0.01953125,-0.9697265625,0.078125
557,0.0185546875,-0.970703125,0.076171875
558,0.0185546875,-0.974609375,0.0751953125
559,0.015625,-0.97265625,0.080078125
560,0.015625,-0.974609375,0.078125
561,0.0185546875,-0.96875,0.083984375
562,0.017578125,-0.9755859375,0.0791015625
563,0.0146484375,-0.97265625,0.0751953125
564,0.0166015625,-0.9765625,0.0712890625
565,0.0224609375,-0.970703125,0.0751953125
566,0.0146484375,-0.9765625,0.076171875
567,0.021484375,-0.9755859375,0.07421875
568,0.0166015625,-0.9755859375,0.076171875
569,0.015625,-0.974609375,0.076171875
570,0.0224609375,-0.9755859375,0.0751953125
571,0.0185546875,-0.9765625,0.0751953125
572,0.01953125,-0.9736328125,0.0771484375
573,0.021484375,-0.97265625,0.0751953125
574,0.0244140625,-0.970703125,0.076171875
575,0.0185546875,-0.9736328125,0.076171875
576,0.025390625,-0.9775390625,0.080078125
577,0.0234375,-0.9716796875,0.0751953125
578,0.0234375,-0.9736328125,0.072265625
579,0.021484375,-0.9736328125,0.0693359375
580,0.0224609375,-0.970703125,0.0751953125
581,0.021484375,-0.9755859375,0.08203125
582,0.0244140625,-0.9765625,0.0751953125
583,0.0166015625,-0.97265625,0.0810546875
584,0.025390625,-0.9765625,0.08203125
585,0.01953125,-0.97265625,0.080078125
586,0.0205078125,-0.97265625,0.08203125
587,0.0224609375,-0.9716796875,0.0830078125
588,0.029296875,-0.9677734375,0.0810546875
589,0.025390625,-0.9677734375,0.0849609375
590,0.0205078125,-0.9638671875,0.0771484375
591,0.0166015625,-0.9619140625,0.0791015625
592,0.03125,-0.9609375,0.0791015625
593,0.03125,-0.96484375,0.0810546875
594,0.0263671875,-0.9638671875,0.078125
595,0.025390625,-0.9677734375,0.0771484375
596,0.02734375,-0.97265625,0.0791015625
597,0.0234375,-0.9794921875,0.08203125
598,0.0234375,-0.98046875,0.080078125
599,0.0224609375,-0.982421875,0.0732421875
600,0.0205078125,-0.9853515625,0.072265625
601,0.025390625,-0.98046875,0.0732421875
602,0.017578125,-0.9814453125,0.072265625
603,0.0185546875,-0.9765625,0.0703125
604,0.0263671875,-0.974609375,0.0703125
605,0.0244140625,-0.96875,0.0712890625
606,0.02734375,-0.9697265625,0.0712890625
607,0.025390625,-0.96875,0.0712890625
608,0.02734375,-0.9638671875,0.072265625
609,0.021484375,-0.958984375,0.07421875
610,0.0263671875,-0.9609375,0.0732421875
611,0.0234375,-0.96484375,0.072265625
612,0.021484375,-0.9658203125,0.0712890625
613,0.0224609375,-0.96875,0.0703125
614,0.021484375,-0.9638671875,0.072265625
615,0.0224609375,-0.966796875,0.0693359375
616,0.0224609375,-0.9697265625,0.0703125
617,0.0244140625,-0.96875,0.0712890625
618,0.021484375,-0.96875,0.072265625
619,0.013671875,-0.96484375,0.072265625
620,0.017578125,-0.970703125,0.0693359375
621,0.015625,-0.9716796875,0.0693359375
622,0.015625,-0.96875,0.068359375
623,0.01953125,-0.974609375,0.0576171875
624,0.0146484375,-0.96875,0.0625
625,0.0205078125,-0.970703125,0.0625
626,0.017578125,-0.9716796875,0.0625
627,0.0146484375,-0.97265625,0.0595703125
628,0.017578125,-0.97265625,0.0595703125
629,0.0205078125,-0.966796875,0.0576171875
630,0.0224609375,-0.96875,0.0576171875
631,0.0283203125,-0.9697265625,0.0576171875
632,0.025390625,-0.96484375,0.0595703125
633,0.0224609375,-0.966796875,0.0576171875
634,0.025390625,-0.9599609375,0.056640625
635,0.0244140625,-0.9619140625,0.05859375
636,0.0263671875,-0.958984375,0.0517578125
637,0.029296875,-0.9619140625,0.0537109375
638,0.0263671875,-0.958984375,0.0478515625
639,0.0302734375,-0.9609375,0.0478515625
640,0.0322265625,-0.9599609375,0.044921875
641,0.033203125,-0.962890625,0.046875
642,0.0322265625,-0.9609375,0.0400390625
643,0.0283203125,-0.966796875,0.0390625
644,0.0322265625,-0.9677734375,0.0400390625
645,0.02734375,-0.9716796875,0.0400390625
646,0.02734375,-0.9716796875,0.0390625
647,0.029296875,-0.966796875,0.037109375
648,0.0244140625,-0.9638671875,0.037109375
649,0.0302734375,-0.966796875,0.03515625
650,0.0302734375,-0.96484375,0.0302734375
651,0.03125,-0.9599609375,0.029296875
652,0.0283203125,-0.96484375,0.0341796875
653,0.033203125,-0.958984375,0.0322265625
654,0.03125,-0.958984375,0.0302734375
655,0.0283203125,-0.955078125,0.029296875
656,0.029296875,-0.9609375,0.0283203125
657,0.03125,-0.9541015625,0.03125
658,0.0244140625,-0.9521484375,0.0322265625
659,0.0234375,-0.953125,0.029296875
660,0.037109375,-0.953125,0.02734375
661,0.0302734375,-0.9541015625,0.029296875
662,0.0302734375,-0.9453125,0.0263671875
663,0.0302734375,-0.9501953125,0.0244140625
664,0.029296875,-0.9541015625,0.01953125
665,0.0302734375,-0.9501953125,0.01953125
666,0.033203125,-0.953125,0.01953125
667,0.02734375,-0.9521484375,0.0146484375
668,0.0322265625,-0.9541015625,0.015625
669,0.0302734375,-0.94921875,0.0087890625
670,0.03125,-0.955078125,0.0107421875
671,0.03125,-0.947265625,0.009765625
672,0.029296875,-0.94921875,0.009765625
673,0.029296875,-0.9482421875,0.005859375
674,0.0322265625,-0.9521484375,0.001953125
675,0.0322265625,-0.947265625,-0.0029296875
676,0.0322265625,-0.9482421875,-0.0029296875
677,0.03125,-0.9501953125,-0.0048828125
678,0.0302734375,-0.9453125,-0.0048828125
679,0.0341796875,-0.9453125,-0.009765625
680,0.033203125,-0.9404296875,-0.015625
681,0.037109375,-0.939453125,-0.0205078125
682,0.0361328125,-0.939453125,-0.0185546875
683,0.029296875,-0.9384765625,-0.0283203125
684,0.0302734375,-0.9365234375,-0.025390625
685,0.03125,-0.9365234375,-0.03125
686,0.03515625,-0.9287109375,-0.0390625
687,0.0361328125,-0.9248046875,-0.0341796875
688,0.03125,-0.9267578125,-0.04296875
689,0.029296875,-0.9228515625,-0.046875
690,0.0322265625,-0.916015625,-0.048828125
691,0.029296875,-0.919921875,-0.0498046875
692,0.0283203125,-0.916015625,-0.048828125
693,0.03125,-0.9169921875,-0.052734375
694,0.0322265625,-0.9130859375,-0.0478515625
695,0.029296875,-0.9169921875,-0.0537109375
696,0.029296875,-0.9111328125,-0.0576171875
697,0.0341796875,-0.91796875,-0.060546875
698,0.033203125,-0.916015625,-0.0634765625
699,0.03125,-0.9150390625,-0.0654296875
700,0.0341796875,-0.912109375,-0.0693359375
701,0.025390625,-0.916015625,-0.0654296875
702,0.025390625,-0.9111328125,-0.0751953125
703,0.0234375,-0.9169921875,-0.0751953125
704,0.0205078125,-0.9169921875,-0.0771484375
705,0.015625,-0.919921875,-0.08203125
706,0.0185546875,-0.91796875,-0.076171875
707,0.017578125,-0.9208984375,-0.080078125
708,0.017578125,-0.9228515625,-0.0849609375
709,0.0126953125,-0.9228515625,-0.0849609375
710,0.0166015625,-0.92578125,-0.0869140625
711,0.0146484375,-0.9296875,-0.0830078125
712,0.013671875,-0.935546875,-0.0859375
713,0.013671875,-0.9375,-0.087890625
714,0.0107421875,-0.93359375,-0.087890625
715,0.0126953125,-0.9306640625,-0.087890625
716,0.009765625,-0.9296875,-0.091796875
717,0.0068359375,-0.9267578125,-0.091796875
718,0.0,-0.9267578125,-0.1005859375
719,-0.00390625,-0.9228515625,-0.0947265625
720,-0.00390625,-0.9189453125,-0.1005859375
721,-0.0048828125,-0.91796875,-0.1005859375
722,-0.005859375,-0.9111328125,-0.107421875
723,-0.0068359375,-0.9091796875,-0.107421875
724,-0.0087890625,-0.908203125,-0.1103515625
725,-0.0029296875,-0.9072265625,-0.119140625
726,0.0,-0.908203125,-0.1123046875
727,-0.005859375,-0.912109375,-0.1220703125
728,-0.001953125,-0.9189453125,-0.1279296875
729,-0.001953125,-0.9111328125,-0.1259765625
730,-0.0009765625,-0.919921875,-0.1318359375
731,0.0009765625,-0.921875,-0.1318359375
732,0.005859375,-0.919921875,-0.1357421875
733,0.0087890625,-0.9228515625,-0.1357421875
734,0.0126953125,-0.9228515625,-0.138671875
735,0.013671875,-0.91796875,-0.140625
736,0.0146484375,-0.9169921875,-0.13671875
737,0.017578125,-0.91796875,-0.14453125
738,0.013671875,-0.912109375,-0.138671875
739,0.013671875,-0.9111328125,-0.1455078125
740,0.013671875,-0.90625,-0.1455078125
741,0.015625,-0.904296875,-0.1435546875
742,0.0146484375,-0.8984375,-0.154296875
743,0.009765625,-0.896484375,-0.15234375
744,0.0087890625,-0.8935546875,-0.162109375
745,0.00390625,-0.8955078125,-0.16796875
746,0.001953125,-0.8935546875,-0.166015625
747,0.0029296875,-0.8955078125,-0.169921875
748,0.0078125,-0.89453125,-0.1689453125
749,0.0107421875,-0.9013671875,-0.1787109375
750,0.0107421875,-0.9013671875,-0.1806640625
751,0.0107421875,-0.9072265625,-0.1787109375
752,0.005859375,-0.9072265625,-0.1796875
753,0.0009765625,-0.91015625,-0.181640625
754,-0.001953125,-0.9169921875,-0.185546875
755,-0.009765625,-0.9189453125,-0.1865234375
756,-0.0146484375,-0.9208984375,-0.1953125
757,-0.0263671875,-0.9169921875,-0.19921875
758,-0.0322265625,-0.91796875,-0.205078125
759,-0.03515625,-0.921875,-0.2109375
760,-0.0390625,-0.91796875,-0.2138671875
761,-0.0439453125,-0.912109375,-0.212890625
762,-0.04296875,-0.908203125,-0.2197265625
763,-0.0400390625,-0.9091796875,-0.2255859375
764,-0.0322265625,-0.904296875,-0.2255859375
765,-0.025390625,-0.8994140625,-0.23046875
766,-0.0205078125,-0.896484375,-0.240234375
767,-0.009765625,-0.89453125,-0.2412109375
768,0.0048828125,-0.8935546875,-0.2490234375
769,0.00390625,-0.8984375,-0.2529296875
770,0.013671875,-0.9033203125,-0.2578125
771,0.0146484375,-0.9072265625,-0.2626953125
772,0.0087890625,-0.908203125,-0.2646484375
773,0.005859375,-0.91015625,-0.2705078125
774,-0.001953125,-0.9208984375,-0.2734375
775,-0.001953125,-0.919921875,-0.275390625
776,-0.0068359375,-0.92578125,-0.28125
777,-0.0205078125,-0.9306640625,-0.28125
778,-0.029296875,-0.93359375,-0.291015625
779,-0.03515625,-0.939453125,-0.2978515625
780,-0.041015625,-0.94140625,-0.2978515625
781,-0.048828125,-0.951171875,-0.30859375
782,-0.0498046875,-0.9462890625,-0.30859375
783,-0.0537109375,-0.9462890625,-0.314453125
784,-0.044921875,-0.94921875,-0.314453125
785,-0.0478515625,-0.953125,-0.3212890625
786,-0.0458984375,-0.958984375,-0.3193359375
787,-0.0380859375,-0.955078125,-0.3173828125
788,-0.0341796875,-0.9560546875,-0.32421875
789,-0.0322265625,-0.9541015625,-0.322265625
790,-0.0283203125,-0.9521484375,-0.3212890625
791,-0.029296875,-0.9580078125,-0.32421875
792,-0.029296875,-0.9521484375,-0.326171875
793,-0.021484375,-0.9482421875,-0.3310546875
794,-0.0185546875,-0.947265625,-0.3369140625
795,-0.0185546875,-0.947265625,-0.34375
796,-0.0146484375,-0.9365234375,-0.3505859375
797,-0.017578125,-0.931640625,-0.357421875
798,-0.0263671875,-0.9306640625,-0.3662109375
799,-0.0244140625,-0.921875,-0.3720703125
800,-0.033203125,-0.9208984375,-0.3740234375
801,-0.0390625,-0.9130859375,-0.3837890625
802,-0.0478515625,-0.9130859375,-0.3876953125
803,-0.056640625,-0.904296875,-0.3935546875
804,-0.0615234375,-0.900390625,-0.392578125
805,-0.0703125,-0.89453125,-0.40234375
806,-0.068359375,-0.896484375,-0.3955078125
807,-0.0693359375,-0.89453125,-0.400390625
808,-0.0693359375,-0.888671875,-0.4013671875
809,-0.0654296875,-0.8935546875,-0.3935546875
810,-0.0634765625,-0.8955078125,-0.3994140625
811,-0.0517578125,-0.888671875,-0.39453125
812,-0.0458984375,-0.8994140625,-0.4013671875
813,-0.03125,-0.9033203125,-0.4013671875
814,-0.015625,-0.90625,-0.4072265625
815,-0.013671875,-0.9091796875,-0.408203125
816,-0.005859375,-0.9130859375,-0.4140625
817,0.0029296875,-0.9208984375,-0.4130859375
818,0.00390625,-0.9248046875,-0.416015625
819,0.00390625,-0.9267578125,-0.423828125
820,0.0078125,-0.9248046875,-0.4208984375
821,0.0,-0.9248046875,-0.42578125
822,-0.0048828125,-0.927734375,-0.427734375
823,-0.0107421875,-0.92578125,-0.4326171875
824,-0.017578125,-0.919921875,-0.43359375
825,-0.0224609375,-0.91796875,-0.4404296875
826,-0.0283203125,-0.9130859375,-0.4384765625
827,-0.03515625,-0.90625,-0.4443359375
828,-0.037109375,-0.90234375,-0.447265625
829,-0.0498046875,-0.896484375,-0.447265625
830,-0.0517578125,-0.8876953125,-0.455078125
831,-0.0625,-0.888671875,-0.4609375
832,-0.0634765625,-0.8857421875,-0.46484375
833,-0.0712890625,-0.888671875,-0.466796875
834,-0.0703125,-0.8818359375,-0.466796875
835,-0.072265625,-0.8876953125,-0.4697265625
836,-0.0732421875,-0.8876953125,-0.4609375
837,-0.076171875,-0.8896484375,-0.4619140625
838,-0.0693359375,-0.89453125,-0.4580078125
839,-0.0576171875,-0.8857421875,-0.4609375
840,-0.0546875,-0.8837890625,-0.4609375
841,-0.04296875,-0.8876953125,-0.45703125
842,-0.0322265625,-0.8896484375,-0.4609375
843,-0.0263671875,-0.875,-0.45703125
844,-0.0126953125,-0.8779296875,-0.4619140625
845,-0.00390625,-0.869140625,-0.4599609375
846,0.001953125,-0.8671875,-0.462890625
847,0.0,-0.8603515625,-0.462890625
848,0.00390625,-0.857421875,-0.4716796875
849,0.0068359375,-0.8544921875,-0.4736328125
850,0.0048828125,-0.845703125,-0.484375
851,-0.0009765625,-0.841796875,-0.4853515625
852,-0.0126953125,-0.833984375,-0.4873046875
853,-0.01953125,-0.833984375,-0.4970703125
854,-0.0302734375,-0.830078125,-0.4921875
855,-0.0341796875,-0.8330078125,-0.4931640625
856,-0.037109375,-0.830078125,-0.4921875
857,-0.0458984375,-0.83203125,-0.494140625
858,-0.0537109375,-0.8349609375,-0.5009765625
859,-0.0576171875,-0.8427734375,-0.501953125
860,-0.060546875,-0.8544921875,-0.5009765625
861,-0.0673828125,-0.8466796875,-0.5068359375
862,-0.068359375,-0.857421875,-0.5048828125
863,-0.0693359375,-0.8564453125,-0.5009765625
864,-0.0615234375,-0.8642578125,-0.5048828125
865,-0.0556640625,-0.86328125,-0.50390625
866,-0.048828125,-0.8623046875,-0.5048828125
867,-0.044921875,-0.86328125,-0.5048828125
868,-0.0283203125,-0.865234375,-0.5029296875
869,-0.0244140625,-0.8642578125,-0.501953125
870,-0.0185546875,-0.86328125,-0.5068359375
871,-0.0068359375,-0.8564453125,-0.505859375
872,-0.00390625,-0.85546875,-0.517578125
873,-0.0078125,-0.861328125,-0.5224609375
874,-0.0048828125,-0.8603515625,-0.521484375
875,-0.017578125,-0.85546875,-0.5126953125
876,-0.017578125,-0.8564453125,-0.517578125
877,-0.0263671875,-0.8583984375,-0.513671875
878,-0.029296875,-0.86328125,-0.5166015625
879,-0.0361328125,-0.8671875,-0.5048828125
880,-0.044921875,-0.873046875,-0.5087890625
881,-0.0498046875,-0.8720703125,-0.505859375
882,-0.0537109375,-0.8740234375,-0.4951171875
883,-0.0458984375,-0.8857421875,-0.494140625
884,-0.0498046875,-0.8876953125,-0.4892578125
885,-0.05859375,-0.892578125,-0.486328125
886,-0.05859375,-0.896484375,-0.48046875
887,-0.060546875,-0.900390625,-0.478515625
888,-0.0615234375,-0.896484375,-0.484375
889,-0.060546875,-0.9013671875,-0.486328125
890,-0.0654296875,-0.9072265625,-0.4853515625
891,-0.0654296875,-0.912109375,-0.486328125
892,-0.0634765625,-0.916015625,-0.4873046875
893,-0.068359375,-0.916015625,-0.486328125
894,-0.0634765625,-0.92578125,-0.4921875
895,-0.0625,-0.9228515625,-0.4853515625
896,-0.05859375,-0.923828125,-0.4833984375
897,-0.0546875,-0.9267578125,-0.4814453125
898,-0.041015625,-0.9365234375,-0.4755859375
899,-0.044921875,-0.9306640625,-0.4755859375
900,-0.041015625,-0.9404296875,-0.470703125
901,-0.03515625,-0.9345703125,-0.46484375
902,-0.0400390625,-0.931640625,-0.4619140625
903,-0.0341796875,-0.9345703125,-0.4599609375
904,-0.029296875,-0.931640625,-0.4560546875
905,-0.03125,-0.9248046875,-0.4609375
906,-0.0283203125,-0.931640625,-0.4521484375
907,-0.033203125,-0.9248046875,-0.4521484375
908,-0.0322265625,-0.9306640625,-0.4482421875
909,-0.03515625,-0.923828125,-0.447265625
910,-0.0341796875,-0.9267578125,-0.4453125
911,-0.0400390625,-0.9345703125,-0.4375
912,-0.041015625,-0.9365234375,-0.431640625
913,-0.0400390625,-0.9423828125,-0.4296875
914,-0.046875,-0.9482421875,-0.427734375
915,-0.0498046875,-0.9580078125,-0.4228515625
916,-0.0556640625,-0.958984375,-0.4169921875
917,-0.05078125,-0.9638671875,-0.41015625
918,-0.048828125,-0.96875,-0.412109375
919,-0.0517578125,-0.966796875,-0.4091796875
920,-0.0498046875,-0.9716796875,-0.408203125
921,-0.052734375,-0.970703125,-0.404296875
922,-0.05078125,-0.9697265625,-0.404296875
923,-0.0498046875,-0.9677734375,-0.41015625
924,-0.044921875,-0.9619140625,-0.4033203125
925,-0.041015625,-0.9599609375,-0.40625
926,-0.04296875,-0.9580078125,-0.4052734375
927,-0.04296875,-0.9599609375,-0.41015625
928,-0.0498046875,-0.9677734375,-0.400390625
929,-0.0546875,-0.958984375,-0.4013671875
930,-0.0546875,-0.9609375,-0.4052734375
931,-0.0595703125,-0.958984375,-0.404296875
932,-0.060546875,-0.962890625,-0.4013671875
933,-0.0556640625,-0.96875,-0.3984375
934,-0.052734375,-0.96875,-0.396484375
935,-0.0458984375,-0.978515625,-0.3955078125
936,-0.044921875,-0.9794921875,-0.384765625
937,-0.046875,-0.98046875,-0.3828125
938,-0.0478515625,-0.9873046875,-0.376953125
939,-0.052734375,-0.986328125,-0.3779296875
940,-0.0595703125,-0.994140625,-0.373046875
941,-0.060546875,-0.9951171875,-0.3720703125
942,-0.064453125,-0.99609375,-0.3671875
943,-0.072265625,-0.99609375,-0.3642578125
944,-0.0751953125,-1.00390625,-0.361328125
945,-0.0771484375,-1.0029296875,-0.359375
946,-0.0751953125,-1.0048828125,-0.359375
947,-0.0712890625,-1.0068359375,-0.35546875
948,-0.0703125,-1.0068359375,-0.35546875
949,-0.06640625,-1.0126953125,-0.3564453125
950,-0.06640625,-1.00390625,-0.3583984375
951,-0.05859375,-0.9951171875,-0.3603515625
952,-0.052734375,-0.9931640625,-0.3544921875
953,-0.05078125,-0.9833984375,-0.359375
954,-0.0458984375,-0.978515625,-0.357421875
955,-0.0390625,-0.9716796875,-0.357421875
956,-0.037109375,-0.958984375,-0.345703125
957,-0.0341796875,-0.94921875,-0.34765625
958,-0.03125,-0.9462890625,-0.34375
959,-0.0224609375,-0.9384765625,-0.3349609375
960,-0.0263671875,-0.9365234375,-0.341796875
961,-0.0224609375,-0.9384765625,-0.3232421875
962,-0.0224609375,-0.935546875,-0.322265625
963,-0.01953125,-0.93359375,-0.3232421875
964,-0.0224609375,-0.935546875,-0.3134765625
965,-0.0244140625,-0.9365234375,-0.3134765625
966,-0.0244140625,-0.9443359375,-0.3125
967,-0.025390625,-0.943359375,-0.3134765625
968,-0.0302734375,-0.94921875,-0.3076171875
969,-0.0302734375,-0.94921875,-0.30078125
970,-0.02734375,-0.94921875,-0.3046875
971,-0.033203125,-0.947265625,-0.3037109375
972,-0.0380859375,-0.9443359375,-0.30078125
973,-0.0341796875,-0.9404296875,-0.302734375
974,-0.0341796875,-0.9365234375,-0.30078125
975,-0.033203125,-0.93359375,-0.296875
976,-0.0361328125,-0.9326171875,-0.294921875
977,-0.033203125,-0.9365234375,-0.294921875
978,-0.03125,-0.931640625,-0.291015625
979,-0.029296875,-0.927734375,-0.287109375
980,-0.02734375,-0.9306640625,-0.2841796875
981,-0.0283203125,-0.9296875,-0.275390625
982,-0.0283203125,-0.931640625,-0.26953125
983,-0.0205078125,-0.9365234375,-0.2626953125
984,-0.0107421875,-0.939453125,-0.2626953125
985,-0.0185546875,-0.9423828125,-0.2568359375
986,-0.015625,-0.94921875,-0.2509765625
987,-0.0048828125,-0.9560546875,-0.244140625
988,-0.0166015625,-0.9609375,-0.2412109375
989,-0.0048828125,-0.966796875,-0.2294921875
990,-0.0126953125,-0.9697265625,-0.2197265625
991,-0.0078125,-0.974609375,-0.2158203125
992,-0.0126953125,-0.978515625,-0.2099609375
993,-0.0146484375,-0.9794921875,-0.2001953125
994,-0.0126953125,-0.9755859375,-0.2001953125
995,-0.005859375,-0.9794921875,-0.1923828125
996,-0.009765625,-0.9794921875,-0.193359375
997,-0.015625,-0.982421875,-0.1904296875
998,-0.017578125,-0.9873046875,-0.1826171875
999,-0.0146484375,-0.9814453125,-0.1845703125
1000,-0.015625,-0.9794921875,-0.1787109375
1001,-0.0146484375,-0.982421875,-0.1728515625
1002,-0.017578125,-0.984375,-0.1708984375
1003,-0.005859375,-0.9833984375,-0.1689453125
1004,-0.0048828125,-0.986328125,-0.1708984375
1005,-0.00390625,-0.9873046875,-0.162109375
1006,0.0,-0.9892578125,-0.158203125
1007,-0.0029296875,-0.9853515625,-0.158203125
1008,0.0009765625,-0.9912109375,-0.1484375
1009,0.001953125,-0.9892578125,-0.1474609375
1010,0.0009765625,-0.998046875,-0.1455078125
1011,-0.0009765625,-0.990234375,-0.1396484375
1012,-0.0048828125,-0.9970703125,-0.140625
1013,-0.0048828125,-0.9951171875,-0.142578125
1014,-0.009765625,-1.001953125,-0.1337890625
1015,-0.0107421875,-0.994140625,-0.138671875
1016,-0.00390625,-0.994140625,-0.1337890625
1017,-0.0166015625,-1.001953125,-0.1328125
1018,-0.01171875,-1.0,-0.1328125
1019,-0.0107421875,-0.9970703125,-0.1259765625
1020,-0.0146484375,-0.9951171875,-0.1201171875
1021,-0.0146484375,-0.994140625,-0.11328125
1022,-0.005859375,-0.9921875,-0.11328125
1023,-0.00390625,-0.9931640625,-0.1015625
1024,0.0,-0.990234375,-0.091796875
1025,0.005859375,-0.9853515625,-0.0888671875
1026,0.0087890625,-0.98828125,-0.0751953125
1027,0.017578125,-0.984375,-0.0732421875
1028,0.0205078125,-0.984375,-0.0703125
1029,0.029296875,-0.98046875,-0.0556640625
1030,0.0361328125,-0.978515625,-0.0458984375
1031,0.0439453125,-0.97265625,-0.0341796875
1032,0.044921875,-0.9765625,-0.025390625
1033,0.0478515625,-0.9677734375,-0.015625
1034,0.05078125,-0.9677734375,-0.0009765625
1035,0.056640625,-0.9599609375,0.0009765625
1036,0.0576171875,-0.951171875,0.0107421875
1037,0.0625,-0.9541015625,0.0205078125
1038,0.05859375,-0.9453125,0.0244140625
1039,0.0693359375,-0.9375,0.0361328125
1040,0.0654296875,-0.9384765625,0.0419921875
1041,0.064453125,-0.9365234375,0.0498046875
1042,0.0625,-0.927734375,0.0615234375
1043,0.0625,-0.9267578125,0.060546875
1044,0.06640625,-0.9248046875,0.06640625
1045,0.056640625,-0.9189453125,0.0703125
1046,0.0595703125,-0.9208984375,0.0732421875
1047,0.0556640625,-0.9150390625,0.0751953125
1048,0.0576171875,-0.912109375,0.08203125
1049,0.05078125,-0.9111328125,0.0908203125
1050,0.05078125,-0.9091796875,0.0927734375
1051,0.052734375,-0.904296875,0.099609375
1052,0.05078125,-0.9130859375,0.1025390625
1053,0.0498046875,-0.9130859375,0.1103515625
1054,0.0546875,-0.9169921875,0.115234375
1055,0.0546875,-0.916015625,0.1142578125
1056,0.0556640625,-0.92578125,0.1201171875
1057,0.056640625,-0.931640625,0.125
1058,0.0595703125,-0.935546875,0.1259765625
1059,0.0673828125,-0.943359375,0.1201171875
1060,0.0703125,-0.9482421875,0.12109375
1061,0.0732421875,-0.9609375,0.1103515625
1062,0.072265625,-0.9716796875,0.1083984375
1063,0.0751953125,-0.9716796875,0.1015625
1064,0.076171875,-0.978515625,0.1015625
1065,0.072265625,-0.98046875,0.09765625
1066,0.0673828125,-0.984375,0.095703125
1067,0.068359375,-0.9931640625,0.09765625
1068,0.05859375,-0.9951171875,0.1025390625
1069,0.0498046875,-0.9990234375,0.1044921875
1070,0.0458984375,-1.005859375,0.1103515625
1071,0.0361328125,-1.005859375,0.1083984375
1072,0.03515625,-1.0087890625,0.109375
1073,0.0263671875,-1.00390625,0.111328125
1074,0.0185546875,-0.9970703125,0.111328125
1075,0.005859375,-0.9892578125,0.1103515625
1076,0.0068359375,-0.9951171875,0.11328125
1077,0.00390625,-0.9912109375,0.1142578125
1078,-0.0029296875,-0.9873046875,0.1103515625
1079,-0.0029296875,-0.994140625,0.103515625
1080,-0.0048828125,-1.0,0.0986328125
1081,-0.0029296875,-1.0048828125,0.095703125
1082,-0.001953125,-1.0048828125,0.09765625
1083,-0.001953125,-1.0126953125,0.0986328125
1084,-0.0048828125,-1.00390625,0.1044921875
1085,-0.00390625,-0.9990234375,0.1064453125
1086,-0.00390625,-0.9931640625,0.1162109375
1087,-0.013671875,-0.98046875,0.1259765625
1088,-0.0068359375,-0.9765625,0.1337890625
1089,-0.009765625,-0.958984375,0.1435546875
1090,-0.0126953125,-0.947265625,0.1474609375
1091,-0.015625,-0.9306640625,0.158203125
1092,-0.0205078125,-0.9208984375,0.1572265625
1093,-0.0166015625,-0.908203125,0.1630859375
1094,-0.0244140625,-0.8994140625,0.16015625
1095,-0.0283203125,-0.890625,0.166015625
1096,-0.0244140625,-0.8876953125,0.1640625
1097,-0.0185546875,-0.890625,0.16015625
1098,-0.0224609375,-0.892578125,0.15625
1099,-0.0205078125,-0.8994140625,0.158203125
1100,-0.0185546875,-0.9013671875,0.154296875
1101,-0.017578125,-0.9111328125,0.16015625
1102,-0.017578125,-0.923828125,0.166015625
1103,-0.0166015625,-0.9287109375,0.166015625
1104,-0.0224609375,-0.9404296875,0.169921875
1105,-0.0205078125,-0.94921875,0.1728515625
1106,-0.0185546875,-0.955078125,0.1767578125
1107,-0.017578125,-0.9609375,0.1796875
1108,-0.0185546875,-0.966796875,0.1826171875
1109,-0.017578125,-0.974609375,0.1953125
1110,-0.0234375,-0.974609375,0.1953125
1111,-0.021484375,-0.9794921875,0.201171875
1112,-0.0126953125,-0.98046875,0.20703125
1113,-0.0068359375,-0.9775390625,0.2080078125
1114,-0.005859375,-0.9794921875,0.2119140625
1115,-0.00390625,-0.9765625,0.21484375
1116,-0.009765625,-0.9716796875,0.216796875
1117,-0.001953125,-0.970703125,0.2119140625
1118,-0.0068359375,-0.9609375,0.2119140625
1119,-0.0078125,-0.947265625,0.2158203125
1120,-0.0087890625,-0.9453125,0.2099609375
1121,-0.0048828125,-0.939453125,0.2099609375
1122,-0.0078125,-0.9345703125,0.203125
1123,-0.015625,-0.9267578125,0.2060546875
1124,-0.0107421875,-0.9248046875,0.2021484375
1125,-0.0126953125,-0.9208984375,0.2001953125
1126,-0.0126953125,-0.919921875,0.19921875
1127,-0.0107421875,-0.9306640625,0.2041015625
1128,-0.0146484375,-0.921875,0.208984375
1129,-0.0087890625,-0.9306640625,0.2138671875
1130,-0.00390625,-0.9326171875,0.208984375
1131,-0.0048828125,-0.935546875,0.2177734375
1132,0.0009765625,-0.9404296875,0.2119140625
1133,-0.001953125,-0.951171875,0.21484375
1134,0.0029296875,-0.9453125,0.21875
1135,0.0,-0.94921875,0.2177734375
1136,0.0,-0.94921875,0.21875
1137,0.0,-0.958984375,0.21875
1138,0.0,-0.9609375,0.2119140625
1139,0.0,-0.955078125,0.212890625
1140,0.0029296875,-0.9599609375,0.2099609375
1141,0.0,-0.95703125,0.2060546875
1142,0.001953125,-0.953125,0.2021484375
1143,-0.0029296875,-0.94921875,0.2041015625
1144,0.0009765625,-0.947265625,0.1943359375
1145,0.00390625,-0.9453125,0.1962890625
1146,0.00390625,-0.9423828125,0.1962890625
1147,0.0,-0.943359375,0.1953125
1148,0.0078125,-0.94140625,0.1923828125
1149,0.0068359375,-0.9453125,0.1923828125
1150,0.0068359375,-0.9501953125,0.1953125
1151,0.009765625,-0.9482421875,0.1923828125
1152,0.009765625,-0.947265625,0.197265625
1153,0.0087890625,-0.951171875,0.1943359375
1154,0.0107421875,-0.9541015625,0.19921875
1155,0.01171875,-0.951171875,0.2001953125
1156,0.0146484375,-0.953125,0.201171875
1157,0.0087890625,-0.955078125,0.2001953125
1158,0.013671875,-0.9501953125,0.1953125
1159,0.0146484375,-0.9501953125,0.19921875
1160,0.0087890625,-0.951171875,0.1943359375
1161,0.0087890625,-0.953125,0.1884765625
1162,0.0078125,-0.955078125,0.1884765625
1163,0.013671875,-0.953125,0.1884765625
1164,0.009765625,-0.955078125,0.1865234375
1165,0.0078125,-0.9560546875,0.1845703125
1166,0.0126953125,-0.9580078125,0.1845703125
1167,0.01171875,-0.9560546875,0.1875
1168,0.0185546875,-0.9609375,0.1884765625
1169,0.0126953125,-0.9599609375,0.19140625
1170,0.0146484375,-0.9580078125,0.1923828125
1171,0.0185546875,-0.9541015625,0.1953125
1172,0.013671875,-0.9580078125,0.193359375
1173,0.013671875,-0.955078125,0.1962890625
1174,0.013671875,-0.958984375,0.201171875
1175,0.009765625,-0.958984375,0.19921875
1176,0.013671875,-0.955078125,0.2001953125
1177,0.0087890625,-0.955078125,0.197265625
1178,0.0068359375,-0.9580078125,0.1982421875
1179,0.0078125,-0.9619140625,0.1962890625
1180,0.0078125,-0.955078125,0.1962890625
1181,0.009765625,-0.951171875,0.1953125
1182,0.009765625,-0.951171875,0.1962890625
1183,0.013671875,-0.951171875,0.193359375
1184,0.015625,-0.9462890625,0.1962890625
1185,0.013671875,-0.947265625,0.1962890625
1186,0.0146484375,-0.9482421875,0.19140625
1187,0.0185546875,-0.947265625,0.2021484375
1188,0.017578125,-0.94921875,0.1962890625
1189,0.021484375,-0.953125,0.1962890625
1190,0.0322265625,-0.94921875,0.19921875
1191,0.03125,-0.953125,0.1953125
1192,0.029296875,-0.9580078125,0.1982421875
1193,0.0341796875,-0.9580078125,0.197265625
1194,0.0322265625,-0.9609375,0.1982421875
1195,0.029296875,-0.962890625,0.201171875
1196,0.03125,-0.9658203125,0.2021484375
1197,0.02734375,-0.9599609375,0.2021484375
1198,0.02734375,-0.9619140625,0.2001953125
1199,0.025390625,-0.96484375,0.19921875
1200,0.025390625,-0.962890625,0.19921875
1201,0.029296875,-0.962890625,0.2041015625
1202,0.025390625,-0.9658203125,0.19921875
1203,0.0263671875,-0.96484375,0.201171875
1204,0.0244140625,-0.962890625,0.20703125
1205,0.0322265625,-0.9599609375,0.19921875
1206,0.025390625,-0.9638671875,0.205078125
1207,0.025390625,-0.9619140625,0.203125
1208,0.029296875,-0.9619140625,0.2080078125
1209,0.0302734375,-0.958984375,0.205078125
1210,0.0263671875,-0.958984375,0.2080078125
1211,0.0283203125,-0.958984375,0.20703125
1212,0.029296875,-0.9560546875,0.208984375
1213,0.0341796875,-0.958984375,0.208984375
1214,0.0283203125,-0.95703125,0.2021484375
1215,0.0322265625,-0.953125,0.203125
1216,0.0283203125,-0.9580078125,0.2021484375
1217,0.0244140625,-0.9541015625,0.2041015625
1218,0.0244140625,-0.951171875,0.201171875
1219,0.0380859375,-0.95703125,0.19921875
1220,0.0283203125,-0.9482421875,0.203125
1221,0.0283203125,-0.9521484375,0.2001953125
1222,0.0302734375,-0.9501953125,0.2021484375
1223,0.03125,-0.94921875,0.201171875
1224,0.0322265625,-0.9521484375,0.2021484375
1225,0.02734375,-0.958984375,0.203125
1226,0.033203125,-0.95703125,0.203125
1227,0.0283203125,-0.955078125,0.201171875
1228,0.029296875,-0.958984375,0.203125
1229,0.029296875,-0.9541015625,0.205078125
1230,0.02734375,-0.9501953125,0.2060546875
1231,0.029296875,-0.951171875,0.2099609375
1232,0.03125,-0.94921875,0.2099609375
1233,0.029296875,-0.9482421875,0.2099609375
1234,0.0283203125,-0.9423828125,0.20703125
1235,0.021484375,-0.9443359375,0.2109375
1236,0.021484375,-0.9423828125,0.208984375
1237,0.0166015625,-0.943359375,0.208984375
1238,0.0185546875,-0.947265625,0.208984375
1239,0.0166015625,-0.9453125,0.208984375
1240,0.021484375,-0.9501953125,0.2109375
1241,0.015625,-0.951171875,0.212890625
1242,0.0185546875,-0.9501953125,0.2099609375
1243,0.0146484375,-0.9599609375,0.2138671875
1244,0.01953125,-0.9609375,0.2080078125
1245,0.017578125,-0.96484375,0.2080078125
1246,0.01953125,-0.9638671875,0.20703125
1247,0.0244140625,-0.966796875,0.2099609375
1248,0.01953125,-0.9638671875,0.2041015625
1249,0.015625,-0.966796875,0.2001953125
1250,0.0146484375,-0.9599609375,0.197265625
1251,0.0166015625,-0.9658203125,0.197265625
1252,0.021484375,-0.95703125,0.1982421875
1253,0.0166015625,-0.9482421875,0.1962890625
1254,0.0185546875,-0.9599609375,0.2001953125
1255,0.0205078125,-0.955078125,0.2021484375
1256,0.0185546875,-0.951171875,0.197265625
1257,0.025390625,-0.9501953125,0.2041015625
1258,0.025390625,-0.9580078125,0.2060546875
1259,0.02734375,-0.9482421875,0.2109375
1260,0.0263671875,-0.9453125,0.208984375
1261,0.015625,-0.9482421875,0.2060546875
1262,0.013671875,-0.947265625,0.208984375
1263,0.015625,-0.94921875,0.205078125
1264,0.0146484375,-0.947265625,0.2041015625
1265,0.013671875,-0.951171875,0.201171875
1266,0.0126953125,-0.9599609375,0.201171875
1267,0.0087890625,-0.9560546875,0.197265625
1268,0.009765625,-0.958984375,0.2001953125
1269,0.017578125,-0.9609375,0.1953125
1270,0.0166015625,-0.958984375,0.1982421875
1271,0.013671875,-0.96875,0.197265625
1272,0.0146484375,-0.9619140625,0.203125
1273,0.0185546875,-0.958984375,0.1943359375
1274,0.021484375,-0.9609375,0.19921875
1275,0.0185546875,-0.9638671875,0.193359375
1276,0.025390625,-0.9609375,0.1962890625
1277,0.0185546875,-0.9599609375,0.1923828125
1278,0.0146484375,-0.9599609375,0.1923828125
1279,0.0185546875,-0.9609375,0.1884765625
1280,0.0146484375,-0.9580078125,0.18359375
1281,0.017578125,-0.955078125,0.185546875
1282,0.0146484375,-0.958984375,0.1865234375
1283,0.015625,-0.9560546875,0.1884765625
1284,0.0126953125,-0.958984375,0.1884765625
1285,0.015625,-0.9599609375,0.1923828125
1286,0.01953125,-0.9560546875,0.193359375
1287,0.0185546875,-0.9619140625,0.193359375
1288,0.0224609375,-0.9599609375,0.1943359375
1289,0.021484375,-0.9638671875,0.1904296875
1290,0.0224609375,-0.962890625,0.193359375
1291,0.01953125,-0.9619140625,0.1982421875
1292,0.0205078125,-0.96484375,0.193359375
1293,0.0146484375,-0.962890625,0.1904296875
1294,0.0146484375,-0.96484375,0.19140625
1295,0.013671875,-0.962890625,0.19140625
1296,0.015625,-0.96484375,0.185546875
1297,0.017578125,-0.9599609375,0.1904296875
1298,0.0185546875,-0.9580078125,0.189453125
1299,0.0166015625,-0.9560546875,0.1884765625
1300,0.017578125,-0.9580078125,0.1865234375
1301,0.0185546875,-0.9580078125,0.19140625
1302,0.0146484375,-0.9580078125,0.189453125
1303,0.0224609375,-0.9541015625,0.189453125
1304,0.015625,-0.9541015625,0.1884765625
1305,0.015625,-0.9462890625,0.1865234375
1306,0.01171875,-0.9521484375,0.1904296875
1307,0.0146484375,-0.955078125,0.19140625
1308,0.013671875,-0.955078125,0.1923828125
1309,0.0185546875,-0.9609375,0.19140625
1310,0.0146484375,-0.9599609375,0.189453125
1311,0.0166015625,-0.953125,0.19140625
1312,0.0205078125,-0.9619140625,0.189453125
1313,0.0166015625,-0.962890625,0.1904296875
1314,0.0185546875,-0.9658203125,0.189453125
1315,0.025390625,-0.9619140625,0.189453125
1316,0.025390625,-0.9609375,0.189453125
1317,0.0234375,-0.9658203125,0.1865234375
1318,0.01953125,-0.962890625,0.189453125
1319,0.021484375,-0.962890625,0.1865234375
1320,0.01953125,-0.9658203125,0.189453125
1321,0.0234375,-0.962890625,0.189453125
1322,0.021484375,-0.9638671875,0.1865234375
1323,0.01953125,-0.955078125,0.1904296875
1324,0.021484375,-0.955078125,0.1865234375
1325,0.0205078125,-0.9560546875,0.1826171875
1326,0.015625,-0.955078125,0.1875
1327,0.0205078125,-0.953125,0.1865234375
1328,0.0234375,-0.9501953125,0.1826171875
1329,0.01953125,-0.951171875,0.1787109375
1330,0.017578125,-0.94921875,0.1796875
1331,0.0244140625,-0.9541015625,0.1767578125
1332,0.021484375,-0.953125,0.177734375
1333,0.0185546875,-0.95703125,0.1787109375
1334,0.0185546875,-0.958984375,0.181640625
1335,0.0244140625,-0.9638671875,0.1865234375
1336,0.017578125,-0.9619140625,0.1904296875
1337,0.01953125,-0.962890625,0.1875
1338,0.0224609375,-0.9609375,0.1875
1339,0.021484375,-0.9599609375,0.189453125
1340,0.0205078125,-0.9658203125,0.1796875
1341,0.017578125,-0.9677734375,0.18359375
1342,0.01953125,-0.962890625,0.1787109375
1343,0.021484375,-0.9638671875,0.1787109375
1344,0.0146484375,-0.966796875,0.1767578125
1345,0.0224609375,-0.9658203125,0.1767578125
1346,0.0185546875,-0.96484375,0.1728515625
1347,0.01953125,-0.9609375,0.16796875
1348,0.0146484375,-0.9638671875,0.1708984375
1349,0.0166015625,-0.96484375,0.1748046875
1350,0.015625,-0.9619140625,0.1748046875
1351,0.017578125,-0.962890625,0.1728515625
1352,0.021484375,-0.9609375,0.1748046875
1353,0.025390625,-0.9638671875,0.17578125
1354,0.0224609375,-0.96484375,0.177734375
1355,0.025390625,-0.9609375,0.1748046875
1356,0.021484375,-0.9580078125,0.1806640625
1357,0.0224609375,-0.95703125,0.177734375
1358,0.0185546875,-0.9580078125,0.177734375
1359,0.0205078125,-0.9482421875,0.1796875
1360,0.0185546875,-0.947265625,0.1728515625
1361,0.01953125,-0.9453125,0.1748046875
1362,0.017578125,-0.947265625,0.1796875
1363,0.0166015625,-0.9482421875,0.1796875
1364,0.013671875,-0.95703125,0.171875
1365,0.0146484375,-0.958984375,0.1806640625
1366,0.0166015625,-0.962890625,0.1748046875
1367,0.0146484375,-0.96875,0.18359375
1368,0.0244140625,-0.966796875,0.1787109375
1369,0.0244140625,-0.970703125,0.18359375
1370,0.0283203125,-0.96875,0.1826171875
1371,0.0263671875,-0.9697265625,0.17578125
1372,0.0224609375,-0.970703125,0.173828125
1373,0.017578125,-0.974609375,0.169921875
1374,0.0146484375,-0.970703125,0.1767578125
1375,0.0126953125,-0.9638671875,0.1728515625
1376,0.015625,-0.96484375,0.1708984375
1377,0.0146484375,-0.9609375,0.171875
1378,0.0107421875,-0.9541015625,0.1669921875
1379,0.01171875,-0.9560546875,0.173828125
1380,0.0107421875,-0.955078125,0.1689453125
1381,0.0126953125,-0.9580078125,0.1748046875
1382,0.0205078125,-0.958984375,0.171875
1383,0.025390625,-0.9501953125,0.1748046875
1384,0.01953125,-0.9580078125,0.173828125
1385,0.0185546875,-0.9580078125,0.177734375
1386,0.0263671875,-0.953125,0.173828125
1387,0.01953125,-0.9619140625,0.1748046875
1388,0.025390625,-0.9619140625,0.1708984375
1389,0.0234375,-0.9580078125,0.1689453125
1390,0.0205078125,-0.9599609375,0.169921875
1391,0.015625,-0.9619140625,0.166015625
1392,0.01953125,-0.9619140625,0.166015625
1393,0.0126953125,-0.96484375,0.16796875
1394,0.01953125,-0.962890625,0.1669921875
1395,0.0126953125,-0.9638671875,0.162109375
1396,0.0146484375,-0.9580078125,0.1669921875
1397,0.013671875,-0.958984375,0.1630859375
1398,0.0166015625,-0.9599609375,0.1689453125
1399,0.0126953125,-0.9609375,0.1689453125
1400,0.013671875,-0.9619140625,0.1689453125
1401,0.013671875,-0.9599609375,0.1630859375
1402,0.0166015625,-0.958984375,0.166015625
1403,0.013671875,-0.962890625,0.169921875
1404,0.013671875,-0.9638671875,0.1669921875
1405,0.0205078125,-0.95703125,0.166015625
1406,0.017578125,-0.9609375,0.1630859375
1407,0.01953125,-0.962890625,0.1650390625
1408,0.01953125,-0.962890625,0.1591796875
1409,0.0146484375,-0.9599609375,0.158203125
1410,0.0234375,-0.9580078125,0.1591796875
1411,0.0185546875,-0.9580078125,0.15234375
1412,0.01953125,-0.958984375,0.1611328125
1413,0.0224609375,-0.958984375,0.16015625
1414,0.01953125,-0.9599609375,0.16015625
1415,0.0224609375,-0.962890625,0.162109375
1416,0.017578125,-0.966796875,0.1572265625
1417,0.0166015625,-0.9609375,0.16015625
1418,0.01953125,-0.9638671875,0.1650390625
1419,0.017578125,-0.9638671875,0.1630859375
1420,0.017578125,-0.9619140625,0.1611328125
1421,0.0205078125,-0.9609375,0.1630859375
1422,0.015625,-0.9609375,0.1630859375
1423,0.015625,-0.9609375,0.1591796875
1424,0.0146484375,-0.96484375,0.1572265625
1425,0.0126953125,-0.9619140625,0.1572265625
1426,0.01953125,-0.9619140625,0.154296875
1427,0.0126953125,-0.9638671875,0.154296875
1428,0.017578125,-0.9599609375,0.154296875
1429,0.0185546875,-0.96875,0.158203125
1430,0.015625,-0.9697265625,0.1552734375
1431,0.0166015625,-0.9677734375,0.1552734375
1432,0.013671875,-0.96875,0.1572265625
1433,0.013671875,-0.966796875,0.1591796875
1434,0.017578125,-0.9697265625,0.1572265625
1435,0.013671875,-0.96484375,0.1552734375
1436,0.0126953125,-0.9677734375,0.15625
1437,0.0126953125,-0.966796875,0.154296875
1438,0.0087890625,-0.9697265625,0.1513671875
1439,0.013671875,-0.96875,0.15234375
1440,0.01171875,-0.9609375,0.1494140625
1441,0.013671875,-0.9638671875,0.154296875
1442,0.0126953125,-0.962890625,0.1474609375
1443,0.0146484375,-0.962890625,0.1455078125
1444,0.0126953125,-0.9658203125,0.1455078125
1445,0.01171875,-0.962890625,0.1455078125
1446,0.015625,-0.96484375,0.1474609375
1447,0.013671875,-0.958984375,0.142578125
1448,0.0185546875,-0.9599609375,0.1396484375
1449,0.0107421875,-0.9599609375,0.13671875
1450,0.009765625,-0.9638671875,0.142578125
1451,0.013671875,-0.9609375,0.1357421875
1452,0.015625,-0.9638671875,0.1357421875
1453,0.01171875,-0.9677734375,0.1328125
1454,0.0146484375,-0.9638671875,0.138671875
1455,0.017578125,-0.9658203125,0.140625
1456,0.0126953125,-0.9697265625,0.1337890625
1457,0.009765625,-0.966796875,0.1376953125
1458,0.013671875,-0.9609375,0.1328125
1459,0.0146484375,-0.970703125,0.134765625
1460,0.009765625,-0.9716796875,0.1328125
1461,0.01171875,-0.97265625,0.1318359375
1462,0.0087890625,-0.9716796875,0.126953125
1463,0.009765625,-0.9736328125,0.12890625
1464,0.0107421875,-0.9736328125,0.12890625
1465,0.009765625,-0.9755859375,0.125
1466,0.0146484375,-0.970703125,0.1298828125
1467,0.009765625,-0.974609375,0.125
1468,0.0126953125,-0.9765625,0.1240234375
1469,0.015625,-0.9755859375,0.1298828125
1470,0.0126953125,-0.97265625,0.123046875
1471,0.01171875,-0.970703125,0.119140625
1472,0.0126953125,-0.9765625,0.1220703125
1473,0.013671875,-0.966796875,0.1201171875
1474,0.01171875,-0.96875,0.1220703125
1475,0.013671875,-0.9658203125,0.1240234375
1476,0.0087890625,-0.970703125,0.1220703125
1477,0.0185546875,-0.9658203125,0.119140625
1478,0.01171875,-0.970703125,0.1240234375
1479,0.015625,-0.9697265625,0.125
1480,0.015625,-0.966796875,0.126953125
1481,0.013671875,-0.962890625,0.1259765625
1482,0.013671875,-0.9599609375,0.1298828125
1483,0.0126953125,-0.9599609375,0.1337890625
1484,0.0166015625,-0.9619140625,0.1328125
1485,0.0185546875,-0.9541015625,0.12890625
1486,0.021484375,-0.953125,0.1337890625
1487,0.013671875,-0.9541015625,0.1298828125
1488,0.0146484375,-0.9580078125,0.125
1489,0.0126953125,-0.9609375,0.126953125
1490,0.0107421875,-0.966796875,0.12890625
1491,0.0107421875,-0.9697265625,0.12890625
1492,0.0146484375,-0.97265625,0.126953125
1493,0.0126953125,-0.9755859375,0.12890625
1494,0.015625,-0.9833984375,0.12890625
1495,0.013671875,-0.9833984375,0.125
1496,0.01171875,-0.978515625,0.1201171875
1497,0.01171875,-0.98828125,0.1181640625
1498,0.0107421875,-0.9853515625,0.123046875
1499,0.009765625,-0.98046875,0.1220703125
1500,0.0078125,-0.974609375,0.119140625
1501,0.009765625,-0.9775390625,0.1240234375
1502,0.0068359375,-0.9736328125,0.1220703125
1503,0.01171875,-0.9697265625,0.119140625
1504,0.0146484375,-0.9638671875,0.1201171875
1505,0.01171875,-0.9599609375,0.1181640625
1506,0.0087890625,-0.955078125,0.1201171875
1507,0.0146484375,-0.962890625,0.119140625
1508,0.013671875,-0.9580078125,0.1201171875
1509,0.01171875,-0.9580078125,0.1171875
1510,0.013671875,-0.9521484375,0.1181640625
1511,0.013671875,-0.955078125,0.107421875
1512,0.013671875,-0.958984375,0.1142578125
1513,0.015625,-0.9599609375,0.1123046875
1514,0.01953125,-0.9619140625,0.107421875
1515,0.0185546875,-0.9677734375,0.1044921875
1516,0.015625,-0.9697265625,0.107421875
1517,0.013671875,-0.970703125,0.10546875
1518,0.0146484375,-0.9775390625,0.0986328125
1519,0.009765625,-0.9765625,0.1015625
1520,0.0146484375,-0.98046875,0.1015625
1521,0.009765625,-0.978515625,0.09765625
1522,0.0068359375,-0.978515625,0.099609375
1523,0.0087890625,-0.9775390625,0.1044921875
1524,0.0087890625,-0.98046875,0.1005859375
1525,0.009765625,-0.978515625,0.1015625
1526,0.0068359375,-0.9755859375,0.1025390625
1527,0.009765625,-0.97265625,0.1044921875
1528,0.0146484375,-0.970703125,0.10546875
1529,0.01171875,-0.9697265625,0.1044921875
1530,0.0146484375,-0.96875,0.103515625
1531,0.0126953125,-0.9619140625,0.107421875
1532,0.01171875,-0.962890625,0.10546875
1533,0.015625,-0.962890625,0.1064453125
1534,0.0126953125,-0.9609375,0.107421875
1535,0.0166015625,-0.958984375,0.1064453125
1536,0.013671875,-0.958984375,0.1025390625
1537,0.0126953125,-0.955078125,0.103515625
1538,0.0146484375,-0.9599609375,0.1005859375
1539,0.0166015625,-0.962890625,0.095703125
1540,0.0146484375,-0.9599609375,0.1015625
1541,0.015625,-0.96484375,0.095703125
1542,0.01171875,-0.9638671875,0.0947265625
1543,0.01171875,-0.96875,0.0908203125
1544,0.0087890625,-0.9677734375,0.091796875
1545,0.0107421875,-0.96875,0.0927734375
1546,0.005859375,-0.9697265625,0.0869140625
1547,0.0068359375,-0.970703125,0.08203125
1548,0.00390625,-0.9736328125,0.0771484375
1549,0.005859375,-0.9697265625,0.0830078125
1550,0.0048828125,-0.97265625,0.08203125
1551,0.0029296875,-0.974609375,0.0751953125
1552,0.0048828125,-0.974609375,0.0751953125
1553,0.005859375,-0.9775390625,0.0771484375
1554,0.0009765625,-0.9794921875,0.078125
1555,0.005859375,-0.9794921875,0.07421875
1556,0.00390625,-0.9775390625,0.078125
1557,0.001953125,-0.974609375,0.078125
1558,0.00390625,-0.9794921875,0.0771484375
1559,0.0029296875,-0.9765625,0.080078125
1560,0.0029296875,-0.9716796875,0.0712890625
1561,0.00390625,-0.9658203125,0.0732421875
1562,0.005859375,-0.970703125,0.0693359375
1563,0.0029296875,-0.9736328125,0.0712890625
1564,0.00390625,-0.96875,0.0634765625
1565,0.00390625,-0.970703125,0.0693359375
1566,0.009765625,-0.9677734375,0.0654296875
1567,0.0048828125,-0.9716796875,0.06640625
1568,0.001953125,-0.974609375,0.0625
1569,0.0068359375,-0.966796875,0.0625
1570,0.0048828125,-0.9697265625,0.0615234375
1571,0.001953125,-0.970703125,0.05859375
1572,0.0029296875,-0.970703125,0.0625
1573,0.0029296875,-0.9716796875,0.0615234375
1574,0.005859375,-0.9697265625,0.0625
1575,0.0048828125,-0.9677734375,0.0634765625
1576,0.0078125,-0.9697265625,0.0595703125
1577,0.013671875,-0.9609375,0.060546875
1578,0.0078125,-0.9658203125,0.06640625
1579,0.0087890625,-0.958984375,0.0615234375
1580,0.0048828125,-0.9619140625,0.0625
1581,0.009765625,-0.962890625,0.064453125
1582,0.0078125,-0.9599609375,0.064453125
1583,0.0087890625,-0.9609375,0.0625
1584,0.0107421875,-0.9619140625,0.060546875
1585,0.0087890625,-0.9609375,0.0634765625
1586,0.0087890625,-0.9580078125,0.064453125
1587,0.0048828125,-0.9609375,0.0615234375
1588,0.0078125,-0.9638671875,0.064453125
1589,0.0078125,-0.9658203125,0.0654296875
1590,0.0078125,-0.9677734375,0.060546875
1591,0.0048828125,-0.970703125,0.05859375
1592,0.0087890625,-0.970703125,0.0625
1593,0.0009765625,-0.9755859375,0.064453125
1594,0.001953125,-0.9765625,0.0546875
1595,0.0078125,-0.9794921875,0.05859375
1596,0.0029296875,-0.984375,0.056640625
1597,0.0087890625,-0.98046875,0.05859375
1598,0.005859375,-0.9814453125,0.0556640625
1599,0.0087890625,-0.9755859375,0.0595703125
1600,0.009765625,-0.9775390625,0.0576171875
1601,0.0078125,-0.9794921875,0.0576171875
1602,0.005859375,-0.974609375,0.0556640625
1603,0.005859375,-0.9677734375,0.052734375
1604,0.0048828125,-0.96875,0.048828125
1605,0.009765625,-0.966796875,0.04296875
1606,0.0029296875,-0.966796875,0.0439453125
1607,0.001953125,-0.962890625,0.0390625
1608,-0.0029296875,-0.9619140625,0.0400390625
1609,0.00390625,-0.95703125,0.0361328125
1610,-0.0009765625,-0.9521484375,0.025390625
1611,-0.0029296875,-0.9609375,0.0263671875
1612,-0.00390625,-0.9599609375,0.0244140625
1613,-0.0009765625,-0.9619140625,0.0205078125
1614,-0.005859375,-0.95703125,0.015625
1615,-0.001953125,-0.9580078125,0.0126953125
1616,-0.0107421875,-0.962890625,0.0107421875
1617,-0.00390625,-0.9638671875,0.0078125
1618,-0.0068359375,-0.97265625,0.0126953125
1619,-0.0048828125,-0.9716796875,0.0087890625
1620,-0.0078125,-0.9736328125,0.0126953125
1621,-0.0068359375,-0.98046875,0.0126953125
1622,-0.0078125,-0.9794921875,0.0107421875
1623,-0.0087890625,-0.9833984375,0.0048828125
1624,-0.0126953125,-0.982421875,0.0
1625,-0.009765625,-0.98046875,-0.0029296875
1626,-0.005859375,-0.9814453125,-0.0048828125
1627,-0.0087890625,-0.978515625,-0.0009765625
1628,-0.0078125,-0.978515625,-0.01171875
1629,-0.0107421875,-0.9765625,-0.01171875
1630,-0.009765625,-0.9697265625,-0.0107421875
1631,-0.01171875,-0.9716796875,-0.01953125
1632,-0.0107421875,-0.96875,-0.01953125
1633,-0.01171875,-0.962890625,-0.021484375
1634,-0.015625,-0.96875,-0.0263671875
1635,-0.015625,-0.962890625,-0.0263671875
1636,-0.0166015625,-0.9580078125,-0.0283203125
1637,-0.0166015625,-0.9619140625,-0.029296875
1638,-0.015625,-0.9599609375,-0.0302734375
1639,-0.0087890625,-0.9638671875,-0.037109375
1640,-0.0078125,-0.9619140625,-0.0419921875
1641,-0.01171875,-0.9638671875,-0.0390625
1642,-0.009765625,-0.9658203125,-0.044921875
1643,-0.01171875,-0.9658203125,-0.044921875
1644,-0.015625,-0.9609375,-0.046875
1645,-0.0087890625,-0.958984375,-0.0498046875
1646,-0.01171875,-0.962890625,-0.048828125
1647,-0.0126953125,-0.962890625,-0.052734375
1648,-0.017578125,-0.9609375,-0.056640625
1649,-0.013671875,-0.9677734375,-0.0595703125
1650,-0.015625,-0.9658203125,-0.0615234375
1651,-0.017578125,-0.9658203125,-0.0615234375
1652,-0.015625,-0.96875,-0.0654296875
1653,-0.0185546875,-0.9619140625,-0.0673828125
1654,-0.015625,-0.96875,-0.072265625
1655,-0.015625,-0.9677734375,-0.072265625
1656,-0.0185546875,-0.9716796875,-0.07421875
1657,-0.015625,-0.9697265625,-0.0771484375
1658,-0.0146484375,-0.96875,-0.080078125
1659,-0.0185546875,-0.96875,-0.0771484375
1660,-0.021484375,-0.96875,-0.0830078125
1661,-0.01953125,-0.970703125,-0.0869140625
1662,-0.017578125,-0.96484375,-0.0859375
1663,-0.0146484375,-0.970703125,-0.08984375
1664,-0.017578125,-0.9638671875,-0.0888671875
1665,-0.0126953125,-0.9638671875,-0.08984375
1666,-0.013671875,-0.9609375,-0.091796875
1667,-0.0166015625,-0.962890625,-0.0966796875
1668,-0.017578125,-0.9599609375,-0.099609375
1669,-0.0205078125,-0.962890625,-0.1064453125
1670,-0.013671875,-0.9599609375,-0.1044921875
1671,-0.017578125,-0.95703125,-0.1083984375
1672,-0.0205078125,-0.9599609375,-0.1142578125
1673,-0.015625,-0.958984375,-0.1162109375
1674,-0.021484375,-0.9580078125,-0.126953125
1675,-0.0234375,-0.9599609375,-0.1318359375
1676,-0.0263671875,-0.9609375,-0.1328125
1677,-0.0224609375,-0.958984375,-0.1396484375
1678,-0.0185546875,-0.95703125,-0.138671875
1679,-0.0185546875,-0.9638671875,-0.1396484375
1680,-0.01953125,-0.958984375,-0.1474609375
1681,-0.0166015625,-0.9580078125,-0.1513671875
1682,-0.015625,-0.9609375,-0.15625
1683,-0.009765625,-0.9619140625,-0.162109375
1684,-0.0146484375,-0.95703125,-0.1650390625
1685,-0.017578125,-0.9482421875,-0.1689453125
1686,-0.0126953125,-0.9521484375,-0.1708984375
1687,-0.0068359375,-0.9580078125,-0.1728515625
1688,-0.0087890625,-0.9482421875,-0.1728515625
1689,-0.015625,-0.953125,-0.177734375
1690,-0.015625,-0.9501953125,-0.1806640625
1691,-0.0107421875,-0.951171875,-0.1865234375
1692,-0.0126953125,-0.94921875,-0.189453125
1693,-0.0205078125,-0.947265625,-0.1962890625
1694,-0.015625,-0.951171875,-0.2041015625
1695,-0.021484375,-0.953125,-0.2021484375
1696,-0.021484375,-0.9482421875,-0.20703125
1697,-0.015625,-0.9482421875,-0.21484375
1698,-0.0166015625,-0.953125,-0.21484375
1699,-0.009765625,-0.95703125,-0.2177734375
1700,-0.01953125,-0.95703125,-0.2216796875
1701,-0.0146484375,-0.94921875,-0.224609375
1702,-0.0107421875,-0.9580078125,-0.2314453125
1703,-0.0126953125,-0.9560546875,-0.2333984375
1704,-0.0205078125,-0.95703125,-0.23828125
1705,-0.0322265625,-0.9501953125,-0.2421875
1706,-0.01953125,-0.9423828125,-0.24609375
1707,-0.01953125,-0.9423828125,-0.248046875
1708,-0.021484375,-0.9404296875,-0.2529296875
1709,-0.025390625,-0.9404296875,-0.2587890625
1710,-0.025390625,-0.935546875,-0.259765625
1711,-0.029296875,-0.9384765625,-0.2626953125
1712,-0.02734375,-0.9345703125,-0.2666015625
1713,-0.02734375,-0.9326171875,-0.2705078125
1714,-0.0302734375,-0.935546875,-0.2744140625
1715,-0.0234375,-0.9345703125,-0.275390625
1716,-0.02734375,-0.9326171875,-0.2841796875
1717,-0.021484375,-0.93359375,-0.28515625
1718,-0.021484375,-0.931640625,-0.2841796875
1719,-0.02734375,-0.9345703125,-0.2890625
1720,-0.017578125,-0.9306640625,-0.296875
1721,-0.0205078125,-0.9287109375,-0.2958984375
1722,-0.02734375,-0.9375,-0.30078125
1723,-0.0205078125,-0.923828125,-0.302734375
1724,-0.0009765625,-0.9189453125,-0.30859375
1725,-0.0048828125,-0.9248046875,-0.314453125
1726,-0.0087890625,-0.92578125,-0.3154296875
1727,-0.0078125,-0.9228515625,-0.3193359375
1728,-0.015625,-0.9228515625,-0.3203125
1729,-0.0146484375,-0.9267578125,-0.3349609375
1730,-0.0166015625,-0.9208984375,-0.3310546875
1731,-0.01953125,-0.921875,-0.33984375
1732,-0.02734375,-0.9189453125,-0.345703125
1733,-0.0302734375,-0.919921875,-0.357421875
1734,-0.0322265625,-0.916015625,-0.35546875
1735,-0.0419921875,-0.9130859375,-0.3583984375
1736,-0.04296875,-0.91796875,-0.36328125
1737,-0.0458984375,-0.9208984375,-0.369140625
1738,-0.0625,-0.9091796875,-0.365234375
1739,-0.052734375,-0.912109375,-0.3681640625
1740,-0.0341796875,-0.919921875,-0.3857421875
1741,-0.0380859375,-0.9140625,-0.3916015625
1742,-0.037109375,-0.91796875,-0.3984375
1743,-0.0341796875,-0.9150390625,-0.3994140625
1744,-0.025390625,-0.916015625,-0.4013671875
1745,-0.0244140625,-0.912109375,-0.40625
1746,-0.0166015625,-0.9140625,-0.41015625
1747,-0.0146484375,-0.912109375,-0.4169921875
1748,-0.009765625,-0.916015625,-0.4140625
1749,-0.0126953125,-0.9150390625,-0.4140625
1750,-0.0185546875,-0.9150390625,-0.4267578125
1751,-0.0283203125,-0.9140625,-0.4306640625
1752,-0.0341796875,-0.9111328125,-0.435546875
1753,-0.03515625,-0.9111328125,-0.435546875
1754,-0.044921875,-0.9072265625,-0.4345703125
1755,-0.046875,-0.9130859375,-0.4345703125
1756,-0.0556640625,-0.9169921875,-0.4384765625
1757,-0.05859375,-0.9208984375,-0.44140625
1758,-0.056640625,-0.927734375,-0.4443359375
1759,-0.064453125,-0.9296875,-0.4482421875
1760,-0.060546875,-0.931640625,-0.4609375
1761,-0.0498046875,-0.939453125,-0.4638671875
1762,-0.056640625,-0.94140625,-0.47265625
1763,-0.0458984375,-0.9375,-0.482421875
1764,-0.04296875,-0.935546875,-0.4892578125
1765,-0.041015625,-0.9345703125,-0.494140625
1766,-0.0400390625,-0.9345703125,-0.51171875
1767,-0.037109375,-0.935546875,-0.5234375
1768,-0.04296875,-0.931640625,-0.5302734375
1769,-0.0439453125,-0.9306640625,-0.5361328125
1770,-0.0498046875,-0.9267578125,-0.5439453125
1771,-0.052734375,-0.9296875,-0.5498046875
1772,-0.0537109375,-0.9326171875,-0.5537109375
1773,-0.0556640625,-0.9287109375,-0.5546875
1774,-0.05859375,-0.92578125,-0.5556640625
1775,-0.0615234375,-0.927734375,-0.5625
1776,-0.0625,-0.923828125,-0.5634765625
1777,-0.064453125,-0.919921875,-0.5654296875
1778,-0.0556640625,-0.912109375,-0.5673828125
1779,-0.0615234375,-0.9130859375,-0.5703125
1780,-0.056640625,-0.912109375,-0.572265625
1781,-0.056640625,-0.904296875,-0.57421875
1782,-0.056640625,-0.8994140625,-0.578125
1783,-0.052734375,-0.8896484375,-0.5732421875
1784,-0.05078125,-0.8896484375,-0.578125
1785,-0.05078125,-0.8876953125,-0.576171875
1786,-0.0478515625,-0.876953125,-0.572265625
1787,-0.0458984375,-0.8681640625,-0.572265625
1788,-0.044921875,-0.865234375,-0.5673828125
1789,-0.0439453125,-0.8603515625,-0.5654296875
1790,-0.0400390625,-0.849609375,-0.5654296875
1791,-0.041015625,-0.83984375,-0.568359375
1792,-0.0361328125,-0.8310546875,-0.5712890625
1793,-0.03515625,-0.8212890625,-0.5712890625
1794,-0.0361328125,-0.818359375,-0.5712890625
1795,-0.0400390625,-0.80859375,-0.576171875
1796,-0.0380859375,-0.802734375,-0.57421875
1797,-0.044921875,-0.798828125,-0.5810546875
1798,-0.044921875,-0.796875,-0.5869140625
1799,-0.046875,-0.796875,-0.5908203125
1800,-0.05078125,-0.798828125,-0.5908203125
1801,-0.0546875,-0.7998046875,-0.5947265625
1802,-0.060546875,-0.8037109375,-0.6005859375
1803,-0.05859375,-0.8076171875,-0.603515625
1804,-0.0654296875,-0.8046875,-0.607421875
1805,-0.0615234375,-0.8076171875,-0.611328125
1806,-0.06640625,-0.8115234375,-0.6162109375
1807,-0.06640625,-0.810546875,-0.623046875
1808,-0.06640625,-0.814453125,-0.6259765625
1809,-0.068359375,-0.8125,-0.6318359375
1810,-0.0673828125,-0.8076171875,-0.6357421875
1811,-0.078125,-0.818359375,-0.6318359375
1812,-0.0703125,-0.8173828125,-0.6328125
1813,-0.08203125,-0.822265625,-0.6396484375
1814,-0.0732421875,-0.8115234375,-0.638671875
1815,-0.080078125,-0.8134765625,-0.6396484375
1816,-0.072265625,-0.81640625,-0.630859375
1817,-0.072265625,-0.806640625,-0.634765625
1818,-0.0732421875,-0.810546875,-0.62890625
1819,-0.0712890625,-0.8095703125,-0.62890625
1820,-0.076171875,-0.8095703125,-0.6259765625
1821,-0.078125,-0.810546875,-0.6240234375
1822,-0.0703125,-0.8076171875,-0.6220703125
1823,-0.0712890625,-0.80859375,-0.6162109375
1824,-0.0693359375,-0.80859375,-0.611328125
1825,-0.0703125,-0.8046875,-0.6064453125
1826,-0.068359375,-0.80859375,-0.6064453125
1827,-0.072265625,-0.8046875,-0.6005859375
1828,-0.0732421875,-0.802734375,-0.6025390625
1829,-0.0732421875,-0.806640625,-0.5986328125
1830,-0.068359375,-0.7998046875,-0.59765625
1831,-0.0751953125,-0.796875,-0.5927734375
1832,-0.0791015625,-0.8017578125,-0.58984375
1833,-0.076171875,-0.798828125,-0.5888671875
1834,-0.0791015625,-0.796875,-0.5888671875
1835,-0.0751953125,-0.802734375,-0.5908203125
1836,-0.078125,-0.7998046875,-0.5888671875
1837,-0.0810546875,-0.7958984375,-0.591796875
1838,-0.0791015625,-0.798828125,-0.5859375
1839,-0.0751953125,-0.798828125,-0.5869140625
1840,-0.0693359375,-0.802734375,-0.5869140625
1841,-0.076171875,-0.7998046875,-0.5947265625
1842,-0.0693359375,-0.8076171875,-0.587890625
1843,-0.0712890625,-0.80078125,-0.595703125
1844,-0.0732421875,-0.806640625,-0.595703125
1845,-0.07421875,-0.806640625,-0.5966796875
1846,-0.0751953125,-0.8056640625,-0.59765625
1847,-0.0791015625,-0.8095703125,-0.59375
1848,-0.0830078125,-0.8125,-0.59765625
1849,-0.087890625,-0.810546875,-0.6005859375
1850,-0.0791015625,-0.80859375,-0.6005859375
1851,-0.087890625,-0.8125,-0.5966796875
1852,-0.076171875,-0.8173828125,-0.595703125
1853,-0.0732421875,-0.8115234375,-0.595703125
1854,-0.0732421875,-0.818359375,-0.5966796875
1855,-0.0703125,-0.81640625,-0.6015625
1856,-0.0693359375,-0.81640625,-0.5966796875
1857,-0.0654296875,-0.8173828125,-0.595703125
1858,-0.0673828125,-0.8271484375,-0.59375
1859,-0.068359375,-0.8330078125,-0.599609375
1860,-0.064453125,-0.8291015625,-0.6005859375
1861,-0.06640625,-0.83203125,-0.6005859375
1862,-0.0693359375,-0.8408203125,-0.6044921875
1863,-0.0712890625,-0.845703125,-0.6005859375
1864,-0.07421875,-0.8447265625,-0.6083984375
1865,-0.078125,-0.8447265625,-0.60546875
1866,-0.080078125,-0.85546875,-0.6064453125
1867,-0.0830078125,-0.8544921875,-0.607421875
1868,-0.08984375,-0.8505859375,-0.60546875
1869,-0.076171875,-0.8525390625,-0.603515625
1870,-0.08203125,-0.8525390625,-0.6025390625
1871,-0.0859375,-0.8544921875,-0.6015625
1872,-0.0859375,-0.8564453125,-0.599609375
1873,-0.0859375,-0.85546875,-0.59765625
1874,-0.0859375,-0.8505859375,-0.59765625
1875,-0.078125,-0.8525390625,-0.58984375
1876,-0.078125,-0.8544921875,-0.5908203125
1877,-0.0771484375,-0.85546875,-0.5869140625
1878,-0.0751953125,-0.8505859375,-0.5830078125
1879,-0.0703125,-0.8505859375,-0.580078125
1880,-0.064453125,-0.8505859375,-0.572265625
1881,-0.0615234375,-0.8486328125,-0.576171875
1882,-0.0576171875,-0.85546875,-0.5751953125
1883,-0.0556640625,-0.85546875,-0.5693359375
1884,-0.05078125,-0.85546875,-0.5654296875
1885,-0.0537109375,-0.8583984375,-0.5615234375
1886,-0.0537109375,-0.853515625,-0.5556640625
1887,-0.0546875,-0.857421875,-0.556640625
1888,-0.05078125,-0.85546875,-0.548828125
1889,-0.0576171875,-0.8515625,-0.5517578125
1890,-0.056640625,-0.8505859375,-0.5419921875
1891,-0.0625,-0.8603515625,-0.5439453125
1892,-0.0615234375,-0.8603515625,-0.5341796875
1893,-0.0693359375,-0.8603515625,-0.5322265625
1894,-0.0673828125,-0.86328125,-0.53125
1895,-0.068359375,-0.8642578125,-0.5244140625
1896,-0.060546875,-0.8662109375,-0.5185546875
1897,-0.064453125,-0.875,-0.5205078125
1898,-0.0654296875,-0.87890625,-0.5224609375
1899,-0.0712890625,-0.8701171875,-0.5302734375
1900,-0.064453125,-0.888671875,-0.5224609375
1901,-0.0673828125,-0.888671875,-0.521484375
1902,-0.064453125,-0.8837890625,-0.521484375
1903,-0.0693359375,-0.884765625,-0.5166015625
1904,-0.064453125,-0.88671875,-0.5107421875
1905,-0.0654296875,-0.8798828125,-0.5068359375
1906,-0.064453125,-0.873046875,-0.5009765625
1907,-0.0537109375,-0.8681640625,-0.4970703125
1908,-0.05859375,-0.8623046875,-0.4921875
1909,-0.0654296875,-0.8544921875,-0.4921875
1910,-0.060546875,-0.84765625,-0.4912109375
1911,-0.0595703125,-0.8369140625,-0.4814453125
1912,-0.060546875,-0.8291015625,-0.4814453125
1913,-0.0615234375,-0.8251953125,-0.4765625
1914,-0.05859375,-0.818359375,-0.47265625
1915,-0.0546875,-0.8095703125,-0.470703125
1916,-0.0546875,-0.8037109375,-0.4677734375
1917,-0.0546875,-0.798828125,-0.4658203125
1918,-0.0556640625,-0.7939453125,-0.4599609375
1919,-0.046875,-0.7919921875,-0.4541015625
1920,-0.044921875,-0.7939453125,-0.4541015625
1921,-0.0439453125,-0.7978515625,-0.451171875
1922,-0.037109375,-0.7958984375,-0.4482421875
1923,-0.03125,-0.794921875,-0.447265625
1924,-0.0322265625,-0.7998046875,-0.443359375
1925,-0.0283203125,-0.8037109375,-0.4501953125
1926,-0.0224609375,-0.8095703125,-0.4521484375
1927,-0.01953125,-0.8203125,-0.4482421875
1928,-0.017578125,-0.8193359375,-0.44921875
1929,-0.0126953125,-0.828125,-0.44921875
1930,-0.0224609375,-0.833984375,-0.455078125
1931,-0.0185546875,-0.8369140625,-0.455078125
1932,-0.0224609375,-0.8369140625,-0.4541015625
1933,-0.0263671875,-0.84375,-0.4462890625
1934,-0.0234375,-0.8583984375,-0.4462890625
1935,-0.0302734375,-0.86328125,-0.4404296875
1936,-0.0283203125,-0.8681640625,-0.439453125
1937,-0.03125,-0.8857421875,-0.43359375
1938,-0.033203125,-0.88671875,-0.4267578125
1939,-0.0283203125,-0.89453125,-0.4296875
1940,-0.03125,-0.8984375,-0.4248046875
1941,-0.03515625,-0.90234375,-0.4130859375
1942,-0.0361328125,-0.91015625,-0.4140625
1943,-0.0380859375,-0.9111328125,-0.408203125
1944,-0.0341796875,-0.9091796875,-0.3984375
1945,-0.0400390625,-0.9111328125,-0.396484375
1946,-0.0341796875,-0.91015625,-0.3955078125
1947,-0.033203125,-0.904296875,-0.392578125
1948,-0.033203125,-0.9091796875,-0.388671875
1949,-0.0322265625,-0.9052734375,-0.3916015625
1950,-0.033203125,-0.896484375,-0.3896484375
1951,-0.0341796875,-0.8994140625,-0.38671875
1952,-0.033203125,-0.900390625,-0.3857421875
1953,-0.03515625,-0.8974609375,-0.37890625
1954,-0.0361328125,-0.8896484375,-0.375
1955,-0.0341796875,-0.8916015625,-0.3759765625
1956,-0.03125,-0.88671875,-0.373046875
1957,-0.03515625,-0.8837890625,-0.373046875
1958,-0.033203125,-0.876953125,-0.369140625
1959,-0.0341796875,-0.8671875,-0.3642578125
1960,-0.033203125,-0.8671875,-0.357421875
1961,-0.029296875,-0.86328125,-0.3515625
1962,-0.0283203125,-0.86328125,-0.3525390625
1963,-0.0263671875,-0.861328125,-0.3427734375
1964,-0.0244140625,-0.8603515625,-0.341796875
1965,-0.0224609375,-0.857421875,-0.3310546875
1966,-0.0224609375,-0.84765625,-0.3330078125
1967,-0.0244140625,-0.84765625,-0.32421875
1968,-0.015625,-0.85546875,-0.3193359375
1969,-0.0146484375,-0.857421875,-0.3193359375
1970,-0.0166015625,-0.8623046875,-0.3173828125
1971,-0.015625,-0.8642578125,-0.314453125
1972,-0.017578125,-0.8701171875,-0.3115234375
1973,-0.01953125,-0.873046875,-0.3125
1974,-0.01953125,-0.8837890625,-0.3076171875
1975,-0.017578125,-0.8916015625,-0.3017578125
1976,-0.0205078125,-0.8935546875,-0.296875
1977,-0.0166015625,-0.900390625,-0.296875
1978,-0.0126953125,-0.9052734375,-0.2978515625
1979,-0.017578125,-0.90625,-0.296875
1980,-0.0087890625,-0.91015625,-0.2919921875
1981,-0.0146484375,-0.916015625,-0.2880859375
1982,-0.009765625,-0.9169921875,-0.2880859375
1983,-0.013671875,-0.916015625,-0.28515625
1984,-0.0068359375,-0.919921875,-0.2841796875
1985,-0.0107421875,-0.921875,-0.2783203125
1986,-0.0048828125,-0.9228515625,-0.263671875
1987,-0.009765625,-0.9228515625,-0.265625
1988,-0.0068359375,-0.92578125,-0.2568359375
1989,-0.009765625,-0.9287109375,-0.2529296875
1990,-0.015625,-0.927734375,-0.248046875
1991,-0.01171875,-0.9306640625,-0.2451171875
1992,-0.0078125,-0.9296875,-0.2412109375
1993,-0.0068359375,-0.93359375,-0.2353515625
1994,-0.0068359375,-0.92578125,-0.23046875
1995,-0.01171875,-0.9267578125,-0.232421875
1996,-0.0146484375,-0.9296875,-0.224609375
1997,-0.0166015625,-0.9296875,-0.2138671875
1998,-0.015625,-0.927734375,-0.2255859375
1999,-0.0185546875,-0.9287109375,-0.2138671875
2000,-0.0185546875,-0.927734375,-0.21484375
2001,-0.0205078125,-0.9296875,-0.208984375
2002,-0.0224609375,-0.9287109375,-0.2060546875
2003,-0.01953125,-0.9228515625,-0.2080078125
2004,-0.0224609375,-0.921875,-0.203125
2005,-0.017578125,-0.921875,-0.2060546875
2006,-0.0166015625,-0.9208984375,-0.2060546875
2007,-0.015625,-0.9169921875,-0.205078125
2008,-0.0166015625,-0.9189453125,-0.2001953125
2009,-0.0126953125,-0.9130859375,-0.2060546875
2010,-0.0146484375,-0.90625,-0.19921875
2011,-0.0068359375,-0.908203125,-0.197265625
2012,-0.00390625,-0.9111328125,-0.1962890625
2013,0.0009765625,-0.908203125,-0.1904296875
2014,0.001953125,-0.90625,-0.1865234375
2015,0.00390625,-0.9111328125,-0.185546875
2016,0.01171875,-0.9072265625,-0.18359375
2017,0.0107421875,-0.9052734375,-0.1748046875
2018,0.009765625,-0.904296875,-0.169921875
2019,0.0107421875,-0.9130859375,-0.166015625
2020,0.0107421875,-0.9130859375,-0.1591796875
2021,0.0087890625,-0.9130859375,-0.150390625
2022,0.0029296875,-0.9189453125,-0.150390625
2023,0.001953125,-0.916015625,-0.1396484375
2024,0.005859375,-0.9140625,-0.14453125
2025,-0.0029296875,-0.92578125,-0.140625
2026,-0.0078125,-0.9189453125,-0.134765625
2027,-0.0146484375,-0.9248046875,-0.13671875
2028,-0.0068359375,-0.9228515625,-0.130859375
2029,-0.0068359375,-0.92578125,-0.1279296875
2030,-0.015625,-0.921875,-0.12109375
2031,-0.0244140625,-0.9287109375,-0.1220703125
2032,-0.01953125,-0.931640625,-0.1201171875
2033,-0.0185546875,-0.9296875,-0.1181640625
2034,-0.013671875,-0.9326171875,-0.11328125
2035,-0.01171875,-0.9345703125,-0.1123046875
2036,-0.013671875,-0.9365234375,-0.10546875
2037,-0.00390625,-0.935546875,-0.1083984375
2038,-0.0068359375,-0.93359375,-0.1083984375
2039,-0.001953125,-0.9365234375,-0.1044921875
2040,0.005859375,-0.93359375,-0.1015625
2041,0.0087890625,-0.9375,-0.0947265625
2042,0.0107421875,-0.9345703125,-0.0947265625
2043,0.0087890625,-0.935546875,-0.0908203125
2044,0.0078125,-0.935546875,-0.0908203125
2045,0.01171875,-0.931640625,-0.09375
2046,0.009765625,-0.9326171875,-0.087890625
2047,0.013671875,-0.9228515625,-0.0810546875
2048,0.0166015625,-0.9228515625,-0.083984375
2049,0.0126953125,-0.9228515625,-0.0771484375
2050,0.01171875,-0.9150390625,-0.0732421875
2051,0.01171875,-0.9130859375,-0.0712890625
2052,0.0087890625,-0.912109375,-0.072265625
2053,0.0029296875,-0.9111328125,-0.0693359375
2054,0.0087890625,-0.9130859375,-0.0625
2055,0.0126953125,-0.91015625,-0.060546875
2056,0.0146484375,-0.912109375,-0.0576171875
2057,0.0185546875,-0.9140625,-0.0595703125
2058,0.0126953125,-0.9208984375,-0.064453125
2059,0.01171875,-0.9248046875,-0.0615234375
2060,0.01953125,-0.927734375,-0.0615234375
2061,0.0205078125,-0.9345703125,-0.0537109375
2062,0.0146484375,-0.9375,-0.0517578125
2063,0.01171875,-0.9384765625,-0.048828125
2064,0.01171875,-0.9453125,-0.0458984375
2065,0.0107421875,-0.9453125,-0.0478515625
2066,0.0029296875,-0.94921875,-0.046875
2067,0.00390625,-0.94921875,-0.046875
2068,0.0029296875,-0.955078125,-0.0478515625
2069,0.001953125,-0.95703125,-0.048828125
2070,-0.0029296875,-0.958984375,-0.0517578125
2071,0.0029296875,-0.951171875,-0.0458984375
2072,-0.00390625,-0.9541015625,-0.044921875
2073,-0.0029296875,-0.951171875,-0.0400390625
2074,0.001953125,-0.9501953125,-0.0302734375
2075,0.0078125,-0.9482421875,-0.0185546875
2076,0.0048828125,-0.943359375,-0.01953125
2077,0.0146484375,-0.9443359375,-0.0107421875
2078,0.009765625,-0.951171875,-0.0078125
2079,0.0146484375,-0.9453125,0.0
2080,0.013671875,-0.9453125,-0.0068359375
2081,0.015625,-0.9482421875,-0.0009765625
2082,0.017578125,-0.9521484375,-0.0078125
2083,0.0185546875,-0.9453125,-0.0068359375
2084,0.0166015625,-0.9501953125,-0.0048828125
2085,0.0166015625,-0.953125,-0.0087890625
2086,0.0126953125,-0.955078125,-0.00390625
2087,0.015625,-0.9580078125,-0.009765625
2088,0.0126953125,-0.9599609375,-0.009765625
2089,0.0126953125,-0.9501953125,-0.0107421875
2090,0.01171875,-0.9521484375,-0.009765625
2091,0.0087890625,-0.9580078125,-0.0068359375
2092,0.0107421875,-0.9501953125,-0.00390625
2093,0.013671875,-0.955078125,-0.00390625
2094,0.0126953125,-0.9541015625,-0.005859375
2095,0.015625,-0.9560546875,0.0
2096,0.0166015625,-0.955078125,0.0
2097,0.01953125,-0.955078125,0.0048828125
2098,0.0263671875,-0.95703125,0.0048828125
2099,0.0224609375,-0.9609375,0.0078125
2100,0.0205078125,-0.958984375,0.0126953125
2101,0.0224609375,-0.9560546875,0.0146484375
2102,0.017578125,-0.95703125,0.0107421875
2103,0.0146484375,-0.958984375,0.01171875
2104,0.0146484375,-0.9580078125,0.013671875
2105,0.013671875,-0.955078125,0.0087890625
2106,0.013671875,-0.9580078125,0.0185546875
2107,0.0107421875,-0.95703125,0.01171875
2108,0.0068359375,-0.9609375,0.0185546875
2109,0.0087890625,-0.9599609375,0.021484375
2110,-0.0009765625,-0.96484375,0.0244140625
2111,-0.0009765625,-0.9658203125,0.029296875
2112,-0.0009765625,-0.96875,0.0341796875
2113,0.0029296875,-0.97265625,0.04296875
2114,-0.0048828125,-0.9716796875,0.0419921875
2115,-0.00390625,-0.9765625,0.0419921875
2116,-0.001953125,-0.97265625,0.03515625
2117,-0.001953125,-0.974609375,0.041015625
2118,-0.0048828125,-0.97265625,0.044921875
2119,-0.00390625,-0.9716796875,0.0458984375
2120,-0.0009765625,-0.9697265625,0.0419921875
2121,-0.0068359375,-0.9716796875,0.041015625
2122,0.0029296875,-0.970703125,0.0458984375
2123,0.00390625,-0.970703125,0.046875
2124,0.0029296875,-0.97265625,0.0458984375
2125,0.0068359375,-0.974609375,0.052734375
2126,0.0078125,-0.96875,0.0576171875
2127,0.0126953125,-0.9716796875,0.056640625
2128,0.015625,-0.9716796875,0.0576171875
2129,0.0166015625,-0.9716796875,0.05859375
2130,0.0126953125,-0.9736328125,0.0634765625
2131,0.017578125,-0.96484375,0.0556640625
2132,0.0146484375,-0.9755859375,0.056640625
2133,0.009765625,-0.9716796875,0.0517578125
2134,0.0068359375,-0.9697265625,0.0556640625
2135,0.00390625,-0.96875,0.0517578125
2136,0.0048828125,-0.9677734375,0.05078125
2137,-0.0029296875,-0.970703125,0.0517578125
2138,0.001953125,-0.96875,0.0517578125
2139,-0.0048828125,-0.96875,0.0537109375
2140,-0.0009765625,-0.9697265625,0.056640625
2141,-0.0048828125,-0.96484375,0.0517578125
2142,-0.0126953125,-0.97265625,0.048828125
2143,-0.005859375,-0.9697265625,0.0537109375
2144,-0.0078125,-0.9736328125,0.0537109375
2145,-0.0068359375,-0.9736328125,0.0537109375
2146,-0.00390625,-0.97265625,0.052734375
2147,-0.0068359375,-0.974609375,0.0537109375
2148,-0.005859375,-0.978515625,0.05859375
2149,-0.0048828125,-0.974609375,0.0576171875
2150,-0.005859375,-0.978515625,0.056640625
2151,-0.0068359375,-0.9794921875,0.05859375
2152,-0.005859375,-0.98046875,0.05859375
2153,-0.0029296875,-0.9775390625,0.0576171875
2154,-0.0009765625,-0.9775390625,0.0654296875
2155,-0.00390625,-0.9775390625,0.0634765625
2156,-0.0048828125,-0.9794921875,0.064453125
2157,-0.0009765625,-0.974609375,0.064453125
2158,0.0,-0.974609375,0.0615234375
2159,0.0009765625,-0.9765625,0.068359375
2160,0.0009765625,-0.97265625,0.072265625
2161,0.0029296875,-0.978515625,0.0703125
2162,0.0029296875,-0.97265625,0.0703125
2163,0.001953125,-0.96875,0.0673828125
2164,0.00390625,-0.9697265625,0.0751953125
2165,0.0048828125,-0.97265625,0.078125
2166,0.0048828125,-0.9697265625,0.080078125
2167,0.005859375,-0.97265625,0.080078125
2168,0.0068359375,-0.9677734375,0.0849609375
2169,0.0078125,-0.9736328125,0.0859375
2170,0.0087890625,-0.974609375,0.0849609375
2171,0.005859375,-0.96875,0.0869140625
2172,0.0029296875,-0.97265625,0.080078125
2173,0.001953125,-0.97265625,0.0830078125
2174,-0.001953125,-0.970703125,0.080078125
2175,-0.0048828125,-0.9716796875,0.0810546875
2176,-0.01171875,-0.9755859375,0.0869140625
2177,-0.01171875,-0.9755859375,0.0869140625
2178,-0.015625,-0.974609375,0.083984375
2179,-0.015625,-0.9755859375,0.0869140625
2180,-0.017578125,-0.9775390625,0.08203125
2181,-0.0087890625,-0.978515625,0.078125
2182,-0.0166015625,-0.9765625,0.0888671875
2183,-0.015625,-0.9736328125,0.083984375
2184,-0.005859375,-0.9765625,0.0888671875
2185,-0.0166015625,-0.9775390625,0.0859375
2186,-0.013671875,-0.9775390625,0.0888671875
2187,-0.0078125,-0.9775390625,0.0849609375
2188,-0.017578125,-0.978515625,0.087890625
2189,-0.01171875,-0.9755859375,0.0927734375
2190,-0.009765625,-0.9755859375,0.087890625
2191,-0.0146484375,-0.9765625,0.0927734375
2192,-0.0107421875,-0.9775390625,0.083984375
2193,-0.0078125,-0.9716796875,0.08984375
2194,-0.0146484375,-0.9755859375,0.083984375
2195,-0.005859375,-0.9716796875,0.0830078125
2196,-0.00390625,-0.96875,0.0859375
2197,-0.0029296875,-0.974609375,0.087890625
2198,-0.0009765625,-0.9765625,0.0859375
2199,-0.0009765625,-0.9697265625,0.091796875
2200,0.0,-0.974609375,0.083984375
2201,0.0029296875,-0.97265625,0.0849609375
2202,0.00390625,-0.9794921875,0.08984375
2203,0.0009765625,-0.978515625,0.091796875
2204,-0.0009765625,-0.9755859375,0.0927734375
2205,0.0068359375,-0.9794921875,0.0927734375
2206,0.005859375,-0.970703125,0.0966796875
2207,0.0068359375,-0.9697265625,0.0947265625
2208,0.009765625,-0.9716796875,0.09375
2209,0.0107421875,-0.9658203125,0.1005859375
2210,0.0126953125,-0.96875,0.09375
2211,0.009765625,-0.9638671875,0.09765625
2212,0.0146484375,-0.9638671875,0.0986328125
2213,0.015625,-0.9658203125,0.0966796875
2214,0.0126953125,-0.9697265625,0.0966796875
2215,0.017578125,-0.96875,0.0986328125
2216,0.0224609375,-0.966796875,0.099609375
2217,0.0224609375,-0.96875,0.1015625
2218,0.017578125,-0.970703125,0.0986328125
2219,0.0185546875,-0.9736328125,0.095703125
2220,0.021484375,-0.9814453125,0.0947265625
2221,0.02734375,-0.9765625,0.0947265625
2222,0.0263671875,-0.974609375,0.099609375
2223,0.0283203125,-0.9716796875,0.095703125
2224,0.029296875,-0.978515625,0.09375
2225,0.0302734375,-0.9755859375,0.095703125
2226,0.0322265625,-0.9775390625,0.09375
2227,0.0263671875,-0.9755859375,0.0947265625
2228,0.0302734375,-0.9755859375,0.0927734375
2229,0.0263671875,-0.98046875,0.0986328125
2230,0.029296875,-0.9736328125,0.0966796875
2231,0.0302734375,-0.97265625,0.0966796875
2232,0.0263671875,-0.9716796875,0.0966796875
2233,0.0302734375,-0.9658203125,0.095703125
2234,0.029296875,-0.9658203125,0.09765625
2235,0.0302734375,-0.9609375,0.1015625
2236,0.03515625,-0.958984375,0.103515625
2237,0.0302734375,-0.9619140625,0.1044921875
2238,0.0302734375,-0.962890625,0.0986328125
2239,0.029296875,-0.9658203125,0.0986328125
2240,0.0341796875,-0.9697265625,0.0986328125
2241,0.0322265625,-0.9736328125,0.0986328125
2242,0.0341796875,-0.9716796875,0.1005859375
2243,0.0234375,-0.97265625,0.0986328125
2244,0.025390625,-0.974609375,0.1005859375
2245,0.0224609375,-0.97265625,0.1025390625
2246,0.0244140625,-0.97265625,0.10546875
2247,0.0263671875,-0.9775390625,0.099609375
2248,0.025390625,-0.9765625,0.1064453125
2249,0.02734375,-0.9765625,0.1025390625
2250,0.0224609375,-0.9755859375,0.1044921875
2251,0.02734375,-0.9736328125,0.1044921875
2252,0.0224609375,-0.97265625,0.10546875
2253,0.025390625,-0.97265625,0.1083984375
2254,0.0224609375,-0.9736328125,0.1083984375
2255,0.0244140625,-0.970703125,0.1083984375
2256,0.0302734375,-0.96875,0.107421875
2257,0.033203125,-0.9697265625,0.1103515625
2258,0.025390625,-0.9697265625,0.1064453125
2259,0.0234375,-0.966796875,0.11328125
2260,0.033203125,-0.9697265625,0.1123046875
2261,0.025390625,-0.9716796875,0.107421875
2262,0.0263671875,-0.9697265625,0.1083984375
2263,0.025390625,-0.96484375,0.1083984375
2264,0.0302734375,-0.9658203125,0.1123046875
2265,0.0263671875,-0.9638671875,0.1103515625
2266,0.0263671875,-0.9716796875,0.107421875
2267,0.029296875,-0.9677734375,0.10546875
2268,0.0263671875,-0.9716796875,0.107421875
2269,0.0244140625,-0.9658203125,0.1123046875
2270,0.029296875,-0.9697265625,0.103515625
2271,0.0244140625,-0.9697265625,0.1083984375
2272,0.0234375,-0.9716796875,0.1044921875
2273,0.025390625,-0.97265625,0.1044921875
2274,0.025390625,-0.9775390625,0.107421875
2275,0.0205078125,-0.9794921875,0.1025390625
2276,0.025390625,-0.9775390625,0.1044921875
2277,0.0224609375,-0.9775390625,0.107421875
2278,0.0205078125,-0.9736328125,0.1025390625
2279,0.0205078125,-0.974609375,0.1064453125
2280,0.01953125,-0.9755859375,0.1015625
2281,0.017578125,-0.9736328125,0.1025390625
2282,0.0166015625,-0.9697265625,0.1044921875
2283,0.0205078125,-0.970703125,0.1064453125
2284,0.01953125,-0.9677734375,0.103515625
2285,0.0224609375,-0.9677734375,0.103515625
2286,0.0185546875,-0.96875,0.10546875
2287,0.0224609375,-0.97265625,0.103515625
2288,0.0185546875,-0.970703125,0.0986328125
2289,0.0205078125,-0.9765625,0.0986328125
2290,0.015625,-0.96875,0.1015625
2291,0.0166015625,-0.970703125,0.1005859375
2292,0.017578125,-0.9716796875,0.099609375
2293,0.0126953125,-0.9716796875,0.095703125
2294,0.013671875,-0.9677734375,0.095703125
2295,0.0166015625,-0.974609375,0.1025390625
2296,0.0126953125,-0.9765625,0.0986328125
2297,0.015625,-0.9736328125,0.099609375
2298,0.01171875,-0.9775390625,0.1015625
2299,0.009765625,-0.97265625,0.09765625
2300,0.0146484375,-0.970703125,0.0966796875
2301,0.0146484375,-0.9716796875,0.0947265625
2302,0.0107421875,-0.9775390625,0.0947265625
2303,0.009765625,-0.97265625,0.09375
2304,0.01171875,-0.9697265625,0.1015625
2305,0.0126953125,-0.9775390625,0.099609375
2306,0.013671875,-0.96875,0.09375
2307,0.009765625,-0.9736328125,0.0947265625
2308,0.013671875,-0.9765625,0.099609375
2309,0.01171875,-0.974609375,0.1005859375
2310,0.009765625,-0.9716796875,0.09765625
2311,0.0146484375,-0.9765625,0.095703125
2312,0.005859375,-0.9716796875,0.0947265625
2313,0.0087890625,-0.97265625,0.09765625
2314,0.0068359375,-0.974609375,0.0927734375
2315,0.0048828125,-0.9736328125,0.0947265625
2316,0.009765625,-0.970703125,0.095703125
2317,0.0087890625,-0.9736328125,0.0947265625
2318,0.0126953125,-0.9716796875,0.1005859375
2319,0.009765625,-0.970703125,0.095703125
2320,0.0185546875,-0.97265625,0.1025390625
2321,0.01171875,-0.974609375,0.103515625
2322,0.009765625,-0.97265625,0.099609375
2323,0.0107421875,-0.9736328125,0.099609375
2324,0.0107421875,-0.9755859375,0.09765625
2325,0.005859375,-0.9736328125,0.099609375
2326,0.009765625,-0.9755859375,0.0947265625
2327,0.0087890625,-0.9697265625,0.095703125
2328,0.01171875,-0.97265625,0.095703125
2329,0.0146484375,-0.97265625,0.0966796875
2330,0.0078125,-0.97265625,0.0966796875
2331,0.01171875,-0.9697265625,0.1025390625
2332,0.0068359375,-0.974609375,0.1025390625
2333,0.0078125,-0.9736328125,0.0986328125
2334,0.0029296875,-0.9736328125,0.1044921875
2335,0.005859375,-0.9697265625,0.1005859375
2336,0.0078125,-0.974609375,0.0986328125
2337,0.0068359375,-0.974609375,0.1044921875
2338,0.0078125,-0.9765625,0.1025390625
2339,0.0087890625,-0.9736328125,0.1025390625
2340,0.0107421875,-0.9736328125,0.1005859375
2341,0.009765625,-0.96875,0.1005859375
2342,0.0107421875,-0.970703125,0.1015625
2343,0.01171875,-0.970703125,0.09765625
2344,0.0107421875,-0.9716796875,0.095703125
2345,0.009765625,-0.96875,0.0927734375
2346,0.013671875,-0.9658203125,0.095703125
2347,0.01171875,-0.9697265625,0.095703125
2348,0.0068359375,-0.97265625,0.0908203125
2349,0.0068359375,-0.9736328125,0.09765625
2350,0.005859375,-0.97265625,0.09375
2351,0.0087890625,-0.97265625,0.09765625
2352,0.009765625,-0.97265625,0.1015625
2353,0.009765625,-0.974609375,0.10546875
2354,0.0087890625,-0.9755859375,0.1064453125
2355,0.0078125,-0.970703125,0.09765625
2356,0.0048828125,-0.97265625,0.1025390625
2357,0.013671875,-0.97265625,0.1005859375
2358,0.009765625,-0.970703125,0.103515625
2359,0.013671875,-0.9716796875,0.103515625
2360,0.013671875,-0.96484375,0.1044921875
2361,0.0107421875,-0.970703125,0.1005859375
2362,0.01171875,-0.9677734375,0.099609375
2363,0.0126953125,-0.9697265625,0.1025390625
2364,0.013671875,-0.9716796875,0.103515625
2365,0.0146484375,-0.97265625,0.1005859375
2366,0.01171875,-0.9755859375,0.1005859375
2367,0.0107421875,-0.9765625,0.103515625
2368,0.0107421875,-0.982421875,0.1015625
2369,0.009765625,-0.978515625,0.0986328125
2370,0.0107421875,-0.9755859375,0.103515625
2371,0.0107421875,-0.9716796875,0.103515625
2372,0.0078125,-0.9716796875,0.09765625
2373,0.0078125,-0.9716796875,0.099609375
2374,0.013671875,-0.9716796875,0.0927734375
2375,0.0078125,-0.974609375,0.09375
2376,0.0048828125,-0.970703125,0.099609375
2377,0.0087890625,-0.9755859375,0.095703125
2378,0.013671875,-0.9736328125,0.0947265625
2379,0.0107421875,-0.9736328125,0.0966796875
2380,0.0087890625,-0.974609375,0.1025390625
2381,0.0146484375,-0.970703125,0.099609375
2382,0.013671875,-0.9716796875,0.1015625
2383,0.013671875,-0.970703125,0.1025390625
2384,0.0166015625,-0.9697265625,0.1025390625
2385,0.0146484375,-0.970703125,0.1044921875
2386,0.013671875,-0.9716796875,0.10546875
2387,0.01171875,-0.974609375,0.1025390625
2388,0.0126953125,-0.97265625,0.1025390625
2389,0.0107421875,-0.9775390625,0.1044921875
2390,0.0126953125,-0.9775390625,0.09765625
2391,0.0126953125,-0.97265625,0.0986328125
2392,0.009765625,-0.9794921875,0.095703125
2393,0.0107421875,-0.966796875,0.1015625
2394,0.0068359375,-0.9716796875,0.0966796875
2395,0.0107421875,-0.970703125,0.0986328125
2396,0.0068359375,-0.9716796875,0.099609375
2397,0.009765625,-0.96875,0.099609375
2398,0.0126953125,-0.966796875,0.1064453125
2399,0.0107421875,-0.9716796875,0.103515625
