,accelerometerAccelerationX(G),accelerometerAccelerationY(G),accelerometerAccelerationZ(G)
0,-0.009765625,-0.88671875,0.3408203125
1,-0.0087890625,-0.8818359375,0.3447265625
2,-0.0146484375,-0.8837890625,0.3408203125
3,-0.0107421875,-0.8798828125,0.3408203125
4,-0.009765625,-0.8837890625,0.3408203125
5,-0.0078125,-0.8837890625,0.3447265625
6,-0.0078125,-0.8798828125,0.3388671875
7,-0.01171875,-0.8857421875,0.3408203125
8,-0.0087890625,-0.8779296875,0.3408203125
9,-0.0107421875,-0.890625,0.33984375
10,-0.0146484375,-0.884765625,0.341796875
11,-0.015625,-0.8896484375,0.341796875
12,-0.015625,-0.8837890625,0.3369140625
13,-0.009765625,-0.88671875,0.3447265625
14,-0.015625,-0.8837890625,0.3408203125
15,-0.0078125,-0.884765625,0.3388671875
16,-0.01171875,-0.88671875,0.3388671875
17,-0.01171875,-0.880859375,0.3408203125
18,-0.01171875,-0.8837890625,0.3388671875
19,-0.01171875,-0.8818359375,0.34375
20,-0.0146484375,-0.8759765625,0.3408203125
21,-0.0107421875,-0.87890625,0.34375
22,-0.017578125,-0.8818359375,0.3447265625
23,-0.017578125,-0.8818359375,0.3447265625
24,-0.017578125,-0.8818359375,0.34375
25,-0.0166015625,-0.8857421875,0.3447265625
26,-0.01953125,-0.87890625,0.345703125
27,-0.017578125,-0.888671875,0.3427734375
28,-0.013671875,-0.880859375,0.3447265625
29,-0.015625,-0.87890625,0.345703125
30,-0.01171875,-0.8798828125,0.341796875
31,-0.0166015625,-0.8857421875,0.341796875
32,-0.009765625,-0.88671875,0.345703125
33,-0.0107421875,-0.8837890625,0.345703125
34,-0.013671875,-0.8779296875,0.3447265625
35,-0.0166015625,-0.8837890625,0.3447265625
36,-0.0166015625,-0.8828125,0.34375
37,-0.0146484375,-0.884765625,0.34375
38,-0.01171875,-0.8837890625,0.34375
39,-0.0166015625,-0.8857421875,0.34375
40,-0.009765625,-0.880859375,0.3408203125
41,-0.0146484375,-0.8818359375,0.3466796875
42,-0.021484375,-0.880859375,0.3408203125
43,-0.013671875,-0.8828125,0.341796875
44,-0.015625,-0.8837890625,0.341796875
45,-0.015625,-0.8818359375,0.3447265625
46,-0.0146484375,-0.8828125,0.345703125
47,-0.0146484375,-0.8828125,0.341796875
48,-0.0146484375,-0.8828125,0.3447265625
49,-0.0126953125,-0.8818359375,0.3447265625
50,-0.015625,-0.87890625,0.345703125
51,-0.017578125,-0.8798828125,0.34375
52,-0.0166015625,-0.87890625,0.3447265625
53,-0.021484375,-0.880859375,0.3447265625
54,-0.017578125,-0.880859375,0.3486328125
55,-0.0166015625,-0.880859375,0.345703125
56,-0.0205078125,-0.8818359375,0.3486328125
57,-0.017578125,-0.8828125,0.345703125
58,-0.01953125,-0.8828125,0.3505859375
59,-0.015625,-0.8818359375,0.34375
60,-0.0166015625,-0.87890625,0.3486328125
61,-0.0166015625,-0.8798828125,0.3447265625
62,-0.0107421875,-0.8837890625,0.3466796875
63,-0.009765625,-0.8818359375,0.3486328125
64,-0.015625,-0.8779296875,0.34765625
65,-0.013671875,-0.87890625,0.3447265625
66,-0.01171875,-0.8818359375,0.349609375
67,-0.009765625,-0.8818359375,0.3466796875
68,-0.01171875,-0.8779296875,0.349609375
69,-0.009765625,-0.8818359375,0.3466796875
70,-0.0087890625,-0.8798828125,0.3447265625
71,-0.009765625,-0.87890625,0.3408203125
72,-0.0087890625,-0.880859375,0.3408203125
73,-0.005859375,-0.8818359375,0.34765625
74,-0.0107421875,-0.8837890625,0.3427734375
75,-0.0087890625,-0.875,0.34375
76,-0.01171875,-0.880859375,0.34375
77,-0.009765625,-0.8828125,0.33984375
78,-0.0078125,-0.884765625,0.33984375
79,-0.0087890625,-0.8876953125,0.34765625
80,-0.0048828125,-0.890625,0.341796875
81,-0.0068359375,-0.8876953125,0.341796875
82,-0.013671875,-0.884765625,0.341796875
83,-0.0126953125,-0.8837890625,0.34375
84,-0.0048828125,-0.884765625,0.3447265625
85,-0.0078125,-0.8798828125,0.34765625
86,-0.0078125,-0.8837890625,0.34375
87,-0.0087890625,-0.8818359375,0.3408203125
88,-0.005859375,-0.87890625,0.341796875
89,-0.0107421875,-0.880859375,0.33984375
90,-0.009765625,-0.8759765625,0.3447265625
91,-0.009765625,-0.8828125,0.337890625
92,-0.0087890625,-0.880859375,0.341796875
93,-0.0087890625,-0.876953125,0.3466796875
94,-0.0087890625,-0.875,0.341796875
95,-0.0087890625,-0.87890625,0.3447265625
96,0.0,-0.8818359375,0.34375
97,-0.00390625,-0.8876953125,0.34375
98,0.0,-0.8828125,0.3505859375
99,0.00390625,-0.884765625,0.341796875
100,0.0068359375,-0.8818359375,0.3466796875
101,0.0,-0.8828125,0.3447265625
102,0.0,-0.884765625,0.3447265625
103,-0.0048828125,-0.884765625,0.345703125
104,-0.0068359375,-0.8798828125,0.34375
105,-0.01171875,-0.8798828125,0.345703125
106,-0.0087890625,-0.8798828125,0.341796875
107,-0.0087890625,-0.87890625,0.33984375
108,-0.013671875,-0.87890625,0.3369140625
109,-0.01171875,-0.876953125,0.337890625
110,-0.01171875,-0.8837890625,0.3359375
111,-0.017578125,-0.8857421875,0.337890625
112,-0.0185546875,-0.880859375,0.333984375
113,-0.021484375,-0.88671875,0.3369140625
114,-0.0234375,-0.8818359375,0.3359375
115,-0.021484375,-0.8857421875,0.33984375
116,-0.0263671875,-0.888671875,0.337890625
117,-0.01953125,-0.888671875,0.33984375
118,-0.0263671875,-0.890625,0.337890625
119,-0.0263671875,-0.8935546875,0.33984375
120,-0.0224609375,-0.8876953125,0.33984375
121,-0.025390625,-0.888671875,0.337890625
122,-0.021484375,-0.8916015625,0.337890625
123,-0.0263671875,-0.8837890625,0.341796875
124,-0.01953125,-0.8876953125,0.3408203125
125,-0.0234375,-0.884765625,0.341796875
126,-0.0224609375,-0.8779296875,0.3388671875
127,-0.021484375,-0.880859375,0.3408203125
128,-0.017578125,-0.8837890625,0.3388671875
129,-0.0224609375,-0.88671875,0.345703125
130,-0.0205078125,-0.8857421875,0.3427734375
131,-0.0185546875,-0.884765625,0.33984375
132,-0.01171875,-0.880859375,0.3388671875
133,-0.013671875,-0.884765625,0.3349609375
134,-0.0107421875,-0.8837890625,0.337890625
135,-0.0126953125,-0.8837890625,0.33203125
136,-0.01171875,-0.884765625,0.3369140625
137,-0.015625,-0.884765625,0.337890625
138,-0.0146484375,-0.8837890625,0.3369140625
139,-0.0126953125,-0.8779296875,0.3447265625
140,-0.01171875,-0.8828125,0.3408203125
141,-0.01171875,-0.8798828125,0.3408203125
142,-0.013671875,-0.8837890625,0.345703125
143,-0.0078125,-0.8837890625,0.3408203125
144,-0.0146484375,-0.8837890625,0.3447265625
145,-0.01171875,-0.87890625,0.341796875
146,-0.0078125,-0.8818359375,0.3408203125
147,-0.0068359375,-0.8837890625,0.341796875
148,-0.0029296875,-0.8818359375,0.3408203125
149,-0.001953125,-0.8798828125,0.3369140625
150,0.0,-0.8818359375,0.34375
151,-0.0009765625,-0.880859375,0.33984375
152,0.001953125,-0.880859375,0.3427734375
153,-0.0078125,-0.8828125,0.3388671875
154,-0.001953125,-0.88671875,0.337890625
155,0.0,-0.8876953125,0.341796875
156,-0.001953125,-0.890625,0.3408203125
157,-0.00390625,-0.892578125,0.341796875
158,-0.005859375,-0.892578125,0.341796875
159,-0.00390625,-0.88671875,0.33984375
160,-0.0078125,-0.88671875,0.3486328125
161,-0.009765625,-0.8828125,0.3408203125
162,-0.009765625,-0.8828125,0.345703125
163,-0.013671875,-0.880859375,0.341796875
164,-0.0126953125,-0.8798828125,0.337890625
165,-0.0107421875,-0.87890625,0.3369140625
166,-0.0048828125,-0.8798828125,0.3408203125
167,-0.0068359375,-0.8828125,0.3388671875
168,-0.0078125,-0.888671875,0.3388671875
169,-0.009765625,-0.8818359375,0.333984375
170,-0.01171875,-0.884765625,0.3388671875
171,-0.0068359375,-0.8837890625,0.3388671875
172,-0.01171875,-0.8818359375,0.3427734375
173,-0.013671875,-0.8876953125,0.3408203125
174,-0.021484375,-0.88671875,0.341796875
175,-0.0205078125,-0.88671875,0.33984375
176,-0.01953125,-0.88671875,0.34375
177,-0.0185546875,-0.884765625,0.341796875
178,-0.021484375,-0.8818359375,0.3408203125
179,-0.0205078125,-0.876953125,0.3466796875
180,-0.02734375,-0.8779296875,0.3447265625
181,-0.0234375,-0.8818359375,0.341796875
182,-0.0185546875,-0.880859375,0.3427734375
183,-0.021484375,-0.876953125,0.3447265625
184,-0.0166015625,-0.8798828125,0.345703125
185,-0.01953125,-0.8828125,0.3388671875
186,-0.0146484375,-0.8857421875,0.3349609375
187,-0.0126953125,-0.8828125,0.341796875
188,-0.0185546875,-0.8837890625,0.3447265625
189,-0.0126953125,-0.8857421875,0.3466796875
190,-0.01171875,-0.892578125,0.345703125
191,-0.017578125,-0.8916015625,0.34375
192,-0.0185546875,-0.888671875,0.3427734375
193,-0.0166015625,-0.8876953125,0.337890625
194,-0.0126953125,-0.888671875,0.337890625
195,-0.0146484375,-0.88671875,0.337890625
196,-0.0234375,-0.88671875,0.333984375
197,-0.0263671875,-0.890625,0.3271484375
198,-0.0283203125,-0.8876953125,0.330078125
199,-0.029296875,-0.8876953125,0.3310546875
200,-0.03125,-0.890625,0.3271484375
201,-0.0322265625,-0.8876953125,0.3251953125
202,-0.03125,-0.8896484375,0.330078125
203,-0.0244140625,-0.8876953125,0.3291015625
204,-0.02734375,-0.890625,0.3369140625
205,-0.0244140625,-0.8916015625,0.330078125
206,-0.017578125,-0.8955078125,0.33203125
207,-0.0205078125,-0.89453125,0.333984375
208,-0.0166015625,-0.89453125,0.3271484375
209,-0.0087890625,-0.89453125,0.3310546875
210,-0.00390625,-0.89453125,0.3310546875
211,-0.0068359375,-0.8916015625,0.3310546875
212,-0.0029296875,-0.890625,0.3349609375
213,0.0009765625,-0.8935546875,0.3330078125
214,-0.0029296875,-0.8935546875,0.337890625
215,0.001953125,-0.892578125,0.330078125
216,0.005859375,-0.88671875,0.33203125
217,0.0078125,-0.892578125,0.3330078125
218,0.00390625,-0.8916015625,0.3359375
219,0.0048828125,-0.88671875,0.33984375
220,0.0,-0.8837890625,0.33984375
221,-0.001953125,-0.8818359375,0.33984375
222,-0.001953125,-0.8837890625,0.3486328125
223,-0.0078125,-0.8798828125,0.3427734375
224,-0.0107421875,-0.8779296875,0.34765625
225,-0.015625,-0.8818359375,0.3466796875
226,-0.015625,-0.880859375,0.359375
227,-0.0185546875,-0.880859375,0.3466796875
228,-0.025390625,-0.87890625,0.3466796875
229,-0.0244140625,-0.8779296875,0.357421875
230,-0.025390625,-0.8720703125,0.357421875
231,-0.0234375,-0.87890625,0.3662109375
232,-0.0205078125,-0.8779296875,0.3623046875
233,-0.0185546875,-0.87890625,0.3681640625
234,-0.02734375,-0.8740234375,0.3759765625
235,-0.029296875,-0.873046875,0.3701171875
236,-0.0234375,-0.8681640625,0.373046875
237,-0.02734375,-0.86328125,0.37890625
238,-0.033203125,-0.8671875,0.384765625
239,-0.0283203125,-0.8583984375,0.392578125
240,-0.0263671875,-0.8544921875,0.3876953125
241,-0.0361328125,-0.837890625,0.3876953125
242,-0.03125,-0.8447265625,0.3935546875
243,-0.0234375,-0.845703125,0.3828125
244,-0.015625,-0.8515625,0.3857421875
245,-0.009765625,-0.8486328125,0.384765625
246,-0.0078125,-0.8486328125,0.3662109375
247,0.0029296875,-0.8505859375,0.3642578125
248,0.0068359375,-0.8466796875,0.3515625
249,0.0107421875,-0.84765625,0.3486328125
250,0.0166015625,-0.845703125,0.349609375
251,0.0078125,-0.845703125,0.353515625
252,0.013671875,-0.849609375,0.359375
253,0.017578125,-0.8525390625,0.365234375
254,0.0166015625,-0.859375,0.3720703125
255,0.0146484375,-0.8720703125,0.37890625
256,0.0166015625,-0.8759765625,0.37890625
257,0.0146484375,-0.8828125,0.37890625
258,0.009765625,-0.888671875,0.3759765625
259,0.0107421875,-0.8828125,0.365234375
260,0.0068359375,-0.880859375,0.361328125
261,0.00390625,-0.875,0.3642578125
262,-0.0029296875,-0.8759765625,0.35546875
263,-0.0126953125,-0.8720703125,0.3505859375
264,-0.0185546875,-0.869140625,0.3486328125
265,-0.0283203125,-0.875,0.35546875
266,-0.033203125,-0.875,0.357421875
267,-0.033203125,-0.8828125,0.357421875
268,-0.0361328125,-0.87890625,0.35546875
269,-0.0458984375,-0.890625,0.3564453125
270,-0.04296875,-0.8896484375,0.3583984375
271,-0.046875,-0.8896484375,0.3583984375
272,-0.0556640625,-0.8876953125,0.3564453125
273,-0.052734375,-0.8876953125,0.353515625
274,-0.0517578125,-0.8759765625,0.34765625
275,-0.048828125,-0.8740234375,0.3427734375
276,-0.041015625,-0.869140625,0.33984375
277,-0.041015625,-0.8740234375,0.3388671875
278,-0.0380859375,-0.8720703125,0.34375
279,-0.03125,-0.8720703125,0.3369140625
280,-0.02734375,-0.8720703125,0.341796875
281,-0.0244140625,-0.876953125,0.3447265625
282,-0.0283203125,-0.8779296875,0.3466796875
283,-0.0224609375,-0.87890625,0.34765625
284,-0.0244140625,-0.875,0.353515625
285,-0.0166015625,-0.8828125,0.349609375
286,-0.0087890625,-0.8837890625,0.35546875
287,-0.00390625,-0.8876953125,0.357421875
288,-0.0078125,-0.8876953125,0.3515625
289,-0.0048828125,-0.8916015625,0.3544921875
290,0.0,-0.8837890625,0.3515625
291,-0.001953125,-0.88671875,0.3525390625
292,0.001953125,-0.876953125,0.345703125
293,0.0078125,-0.8740234375,0.3505859375
294,0.0,-0.8720703125,0.3427734375
295,-0.00390625,-0.8798828125,0.3466796875
296,-0.00390625,-0.8779296875,0.3564453125
297,0.0009765625,-0.8759765625,0.3486328125
298,-0.0048828125,-0.8720703125,0.35546875
299,-0.0068359375,-0.8818359375,0.3603515625
300,-0.005859375,-0.8779296875,0.3662109375
301,-0.015625,-0.8740234375,0.3603515625
302,-0.01953125,-0.873046875,0.365234375
303,-0.0185546875,-0.87109375,0.3671875
304,-0.0283203125,-0.8740234375,0.3681640625
305,-0.0302734375,-0.8720703125,0.365234375
306,-0.0322265625,-0.875,0.3701171875
307,-0.0322265625,-0.8759765625,0.3671875
308,-0.033203125,-0.87890625,0.36328125
309,-0.0322265625,-0.876953125,0.3681640625
310,-0.029296875,-0.8759765625,0.369140625
311,-0.03125,-0.87890625,0.36328125
312,-0.033203125,-0.873046875,0.3623046875
313,-0.03125,-0.8779296875,0.36328125
314,-0.0322265625,-0.8779296875,0.3662109375
315,-0.02734375,-0.8759765625,0.3671875
316,-0.025390625,-0.8759765625,0.3623046875
317,-0.0322265625,-0.8779296875,0.3623046875
318,-0.0283203125,-0.8818359375,0.3662109375
319,-0.01953125,-0.884765625,0.357421875
320,-0.0205078125,-0.8740234375,0.359375
321,-0.0185546875,-0.880859375,0.3544921875
322,-0.0146484375,-0.8759765625,0.357421875
323,-0.0166015625,-0.875,0.35546875
324,-0.0166015625,-0.880859375,0.3544921875
325,-0.009765625,-0.8798828125,0.3544921875
326,-0.0078125,-0.880859375,0.3544921875
327,-0.0087890625,-0.87890625,0.3515625
328,-0.0078125,-0.8798828125,0.35546875
329,-0.0087890625,-0.8818359375,0.3544921875
330,-0.005859375,-0.8818359375,0.353515625
331,-0.0048828125,-0.87890625,0.3515625
332,-0.0029296875,-0.8798828125,0.3525390625
333,0.00390625,-0.87890625,0.35546875
334,0.001953125,-0.8779296875,0.3466796875
335,0.001953125,-0.88671875,0.3505859375
336,0.0009765625,-0.875,0.34765625
337,-0.0009765625,-0.8779296875,0.34765625
338,-0.0029296875,-0.8837890625,0.349609375
339,-0.0029296875,-0.8779296875,0.3525390625
340,-0.0029296875,-0.8818359375,0.3505859375
341,-0.0048828125,-0.8828125,0.3505859375
342,-0.00390625,-0.8759765625,0.3525390625
343,-0.0146484375,-0.87890625,0.3525390625
344,-0.0126953125,-0.876953125,0.3583984375
345,-0.009765625,-0.87890625,0.357421875
346,-0.0107421875,-0.876953125,0.349609375
347,-0.01171875,-0.8779296875,0.359375
348,-0.0048828125,-0.8779296875,0.361328125
349,-0.0078125,-0.875,0.359375
350,-0.0078125,-0.8740234375,0.3642578125
351,-0.0078125,-0.87109375,0.3603515625
352,-0.00390625,-0.8720703125,0.3603515625
353,-0.0078125,-0.8662109375,0.3583984375
354,-0.009765625,-0.875,0.3603515625
355,-0.0166015625,-0.8740234375,0.3564453125
356,-0.0146484375,-0.869140625,0.3623046875
357,-0.017578125,-0.873046875,0.36328125
358,-0.015625,-0.873046875,0.365234375
359,-0.015625,-0.8701171875,0.3671875
360,-0.0185546875,-0.873046875,0.3603515625
361,-0.0166015625,-0.8720703125,0.3642578125
362,-0.0234375,-0.875,0.3681640625
363,-0.0166015625,-0.8681640625,0.3701171875
364,-0.021484375,-0.8720703125,0.3720703125
365,-0.0234375,-0.873046875,0.3662109375
366,-0.01953125,-0.8720703125,0.373046875
367,-0.0166015625,-0.873046875,0.369140625
368,-0.021484375,-0.8740234375,0.3681640625
369,-0.017578125,-0.8681640625,0.3681640625
370,-0.0224609375,-0.8701171875,0.37109375
371,-0.01953125,-0.8662109375,0.365234375
372,-0.0185546875,-0.869140625,0.3701171875
373,-0.015625,-0.869140625,0.37109375
374,-0.01171875,-0.8681640625,0.3623046875
375,-0.01953125,-0.8671875,0.3720703125
376,-0.015625,-0.8681640625,0.359375
377,-0.015625,-0.873046875,0.3623046875
378,-0.0146484375,-0.8720703125,0.361328125
379,-0.0166015625,-0.8779296875,0.3701171875
380,-0.015625,-0.8740234375,0.3603515625
381,-0.015625,-0.873046875,0.3603515625
382,-0.0146484375,-0.8779296875,0.3623046875
383,-0.0107421875,-0.8818359375,0.361328125
384,-0.0146484375,-0.8779296875,0.3603515625
385,-0.013671875,-0.87890625,0.35546875
386,-0.0078125,-0.8759765625,0.3564453125
387,-0.009765625,-0.8779296875,0.359375
388,-0.0078125,-0.875,0.357421875
389,-0.0087890625,-0.8779296875,0.353515625
390,-0.01171875,-0.876953125,0.3564453125
391,-0.0087890625,-0.8779296875,0.353515625
392,-0.01171875,-0.8798828125,0.3525390625
393,-0.009765625,-0.8759765625,0.3515625
394,-0.0087890625,-0.8798828125,0.3583984375
395,-0.0126953125,-0.876953125,0.35546875
396,-0.0078125,-0.8779296875,0.353515625
397,-0.0107421875,-0.8779296875,0.3525390625
398,-0.0146484375,-0.8759765625,0.35546875
399,-0.015625,-0.880859375,0.3515625
400,-0.01171875,-0.8740234375,0.3505859375
401,-0.0146484375,-0.87890625,0.3564453125
402,-0.021484375,-0.880859375,0.3564453125
403,-0.0146484375,-0.8828125,0.3505859375
404,-0.013671875,-0.8828125,0.3544921875
405,-0.0185546875,-0.8876953125,0.34765625
406,-0.0185546875,-0.8837890625,0.3525390625
407,-0.01953125,-0.8798828125,0.3466796875
408,-0.017578125,-0.8857421875,0.3486328125
409,-0.0185546875,-0.8828125,0.3466796875
410,-0.017578125,-0.8798828125,0.3427734375
411,-0.01953125,-0.8828125,0.3466796875
412,-0.0146484375,-0.884765625,0.34375
413,-0.015625,-0.880859375,0.345703125
414,-0.015625,-0.884765625,0.3505859375
415,-0.0185546875,-0.8759765625,0.345703125
416,-0.015625,-0.875,0.3544921875
417,-0.0185546875,-0.876953125,0.3544921875
418,-0.017578125,-0.875,0.3525390625
419,-0.0126953125,-0.8779296875,0.353515625
420,-0.0087890625,-0.8759765625,0.353515625
421,-0.015625,-0.876953125,0.349609375
422,-0.009765625,-0.8759765625,0.349609375
423,-0.0126953125,-0.8759765625,0.349609375
424,-0.0146484375,-0.8828125,0.349609375
425,-0.0078125,-0.87890625,0.34765625
426,-0.013671875,-0.8798828125,0.349609375
427,-0.0126953125,-0.88671875,0.345703125
428,-0.009765625,-0.8828125,0.3466796875
429,-0.009765625,-0.880859375,0.3505859375
430,-0.0107421875,-0.8779296875,0.3486328125
431,-0.013671875,-0.87890625,0.3486328125
432,-0.01953125,-0.875,0.3486328125
433,-0.015625,-0.8759765625,0.3505859375
434,-0.01953125,-0.87890625,0.349609375
435,-0.0205078125,-0.876953125,0.349609375
436,-0.0185546875,-0.8828125,0.3486328125
437,-0.021484375,-0.876953125,0.357421875
438,-0.009765625,-0.87890625,0.34765625
439,-0.0126953125,-0.8759765625,0.349609375
440,-0.009765625,-0.876953125,0.3505859375
441,-0.0126953125,-0.875,0.3525390625
442,-0.009765625,-0.8740234375,0.3515625
443,-0.0126953125,-0.8759765625,0.3564453125
444,-0.0107421875,-0.8798828125,0.3564453125
445,-0.0048828125,-0.873046875,0.35546875
446,-0.01171875,-0.8828125,0.3544921875
447,-0.0068359375,-0.8828125,0.357421875
448,-0.009765625,-0.873046875,0.3603515625
449,-0.0126953125,-0.8798828125,0.359375
450,-0.0087890625,-0.8740234375,0.3642578125
451,-0.009765625,-0.873046875,0.3642578125
452,-0.015625,-0.8759765625,0.359375
453,-0.015625,-0.8720703125,0.3623046875
454,-0.0126953125,-0.873046875,0.361328125
455,-0.0078125,-0.8759765625,0.3671875
456,-0.0087890625,-0.873046875,0.369140625
457,-0.0146484375,-0.8740234375,0.3642578125
458,-0.01171875,-0.87109375,0.3662109375
459,-0.015625,-0.87109375,0.359375
460,-0.0166015625,-0.87109375,0.3623046875
461,-0.0146484375,-0.875,0.3623046875
462,-0.015625,-0.873046875,0.3603515625
463,-0.0146484375,-0.8701171875,0.3662109375
464,-0.015625,-0.8720703125,0.3603515625
465,-0.017578125,-0.873046875,0.3623046875
466,-0.021484375,-0.869140625,0.3642578125
467,-0.015625,-0.87109375,0.36328125
468,-0.0205078125,-0.869140625,0.369140625
469,-0.0146484375,-0.876953125,0.365234375
470,-0.0166015625,-0.8759765625,0.36328125
471,-0.0146484375,-0.8759765625,0.3662109375
472,-0.015625,-0.876953125,0.3701171875
473,-0.0126953125,-0.876953125,0.365234375
474,-0.0185546875,-0.8701171875,0.3603515625
475,-0.015625,-0.876953125,0.3603515625
476,-0.01171875,-0.873046875,0.36328125
477,-0.0107421875,-0.87890625,0.3583984375
478,-0.0126953125,-0.875,0.353515625
479,-0.0185546875,-0.873046875,0.3583984375
480,-0.017578125,-0.8740234375,0.3564453125
481,-0.009765625,-0.8798828125,0.359375
482,-0.0224609375,-0.876953125,0.3515625
483,-0.015625,-0.8779296875,0.35546875
484,-0.01953125,-0.8759765625,0.359375
485,-0.0224609375,-0.8740234375,0.357421875
486,-0.01953125,-0.875,0.357421875
487,-0.0185546875,-0.8779296875,0.35546875
488,-0.017578125,-0.8759765625,0.3544921875
489,-0.0166015625,-0.8779296875,0.353515625
490,-0.015625,-0.8798828125,0.3505859375
491,-0.015625,-0.8828125,0.3544921875
492,-0.015625,-0.8798828125,0.3486328125
493,-0.0166015625,-0.8798828125,0.3486328125
494,-0.01171875,-0.8798828125,0.3486328125
495,-0.0146484375,-0.8798828125,0.3505859375
496,-0.0107421875,-0.8798828125,0.3486328125
497,-0.01171875,-0.876953125,0.34765625
498,-0.017578125,-0.884765625,0.34375
499,-0.0126953125,-0.8837890625,0.3486328125
500,-0.009765625,-0.87890625,0.3525390625
501,-0.01171875,-0.8828125,0.3525390625
502,-0.009765625,-0.8828125,0.34375
503,-0.017578125,-0.8828125,0.34765625
504,-0.0146484375,-0.8818359375,0.3447265625
505,-0.0166015625,-0.884765625,0.3486328125
506,-0.0185546875,-0.8818359375,0.3505859375
507,-0.015625,-0.8798828125,0.349609375
508,-0.015625,-0.87890625,0.3515625
509,-0.0166015625,-0.8759765625,0.3447265625
510,-0.0146484375,-0.8818359375,0.3466796875
511,-0.0087890625,-0.87890625,0.349609375
512,-0.015625,-0.880859375,0.349609375
513,-0.013671875,-0.8818359375,0.3525390625
514,-0.0185546875,-0.8779296875,0.3486328125
515,-0.015625,-0.884765625,0.34375
516,-0.015625,-0.8828125,0.34765625
517,-0.013671875,-0.8818359375,0.3466796875
518,-0.015625,-0.87890625,0.34765625
519,-0.0166015625,-0.875,0.3427734375
520,-0.015625,-0.87890625,0.3515625
521,-0.017578125,-0.884765625,0.34375
522,-0.0126953125,-0.8818359375,0.349609375
523,-0.0107421875,-0.880859375,0.3505859375
524,-0.01171875,-0.8857421875,0.353515625
525,-0.0166015625,-0.8798828125,0.349609375
526,-0.0146484375,-0.880859375,0.3486328125
527,-0.0107421875,-0.8779296875,0.353515625
528,-0.013671875,-0.876953125,0.3505859375
529,-0.0185546875,-0.8740234375,0.3486328125
530,-0.015625,-0.8740234375,0.3525390625
531,-0.017578125,-0.875,0.3525390625
532,-0.013671875,-0.8759765625,0.3515625
533,-0.0126953125,-0.8779296875,0.349609375
534,-0.0146484375,-0.875,0.357421875
535,-0.013671875,-0.8798828125,0.3564453125
536,-0.017578125,-0.8779296875,0.35546875
537,-0.015625,-0.8798828125,0.3583984375
538,-0.0146484375,-0.875,0.3564453125
539,-0.0146484375,-0.8779296875,0.3564453125
540,-0.0107421875,-0.8798828125,0.3564453125
541,-0.0166015625,-0.876953125,0.353515625
542,-0.017578125,-0.87890625,0.3486328125
543,-0.013671875,-0.876953125,0.34375
544,-0.015625,-0.8759765625,0.3505859375
545,-0.013671875,-0.8759765625,0.345703125
546,-0.009765625,-0.8759765625,0.34375
547,-0.0087890625,-0.873046875,0.3544921875
548,-0.0146484375,-0.87109375,0.3525390625
549,-0.0166015625,-0.875,0.3544921875
550,-0.01953125,-0.873046875,0.35546875
551,-0.0224609375,-0.8720703125,0.3583984375
552,-0.0185546875,-0.8720703125,0.359375
553,-0.0185546875,-0.8759765625,0.359375
554,-0.01953125,-0.8740234375,0.365234375
555,-0.0205078125,-0.87890625,0.3505859375
556,-0.01953125,-0.8740234375,0.3564453125
557,-0.013671875,-0.8740234375,0.3583984375
558,-0.017578125,-0.8720703125,0.3505859375
559,-0.0205078125,-0.8740234375,0.35546875
560,-0.0126953125,-0.8740234375,0.353515625
561,-0.015625,-0.8779296875,0.3525390625
562,-0.0146484375,-0.875,0.3486328125
563,-0.015625,-0.8837890625,0.3544921875
564,-0.0126953125,-0.876953125,0.3466796875
565,-0.015625,-0.8779296875,0.341796875
566,-0.0205078125,-0.8759765625,0.3408203125
567,-0.0166015625,-0.8818359375,0.341796875
568,-0.0146484375,-0.8798828125,0.3408203125
569,-0.0166015625,-0.8798828125,0.3408203125
570,-0.0126953125,-0.8818359375,0.3369140625
571,-0.0146484375,-0.8828125,0.3359375
572,-0.0146484375,-0.880859375,0.3349609375
573,-0.015625,-0.8828125,0.3349609375
574,-0.0166015625,-0.8798828125,0.3310546875
575,-0.013671875,-0.8818359375,0.3359375
576,-0.0166015625,-0.8837890625,0.3359375
577,-0.0185546875,-0.890625,0.3349609375
578,-0.017578125,-0.8828125,0.337890625
579,-0.0185546875,-0.880859375,0.337890625
580,-0.0185546875,-0.8876953125,0.3359375
581,-0.0185546875,-0.8857421875,0.3369140625
582,-0.015625,-0.8828125,0.3427734375
583,-0.013671875,-0.890625,0.337890625
584,-0.015625,-0.8857421875,0.328125
585,-0.0146484375,-0.8837890625,0.33984375
586,-0.017578125,-0.8828125,0.3388671875
587,-0.0185546875,-0.880859375,0.3369140625
588,-0.01171875,-0.8837890625,0.341796875
589,-0.013671875,-0.8818359375,0.3388671875
590,-0.0126953125,-0.880859375,0.3427734375
591,-0.013671875,-0.8798828125,0.3388671875
592,-0.0166015625,-0.87890625,0.3408203125
593,-0.0205078125,-0.8798828125,0.3427734375
594,-0.0107421875,-0.8818359375,0.3427734375
595,-0.017578125,-0.8798828125,0.3447265625
596,-0.01953125,-0.8818359375,0.349609375
597,-0.0146484375,-0.8818359375,0.34765625
598,-0.015625,-0.8779296875,0.3486328125
599,-0.017578125,-0.880859375,0.3447265625
600,-0.017578125,-0.87890625,0.345703125
601,-0.0205078125,-0.8857421875,0.34765625
602,-0.017578125,-0.87890625,0.34375
603,-0.017578125,-0.8818359375,0.349609375
604,-0.0166015625,-0.876953125,0.3486328125
605,-0.0107421875,-0.876953125,0.3447265625
606,-0.0166015625,-0.8857421875,0.3447265625
607,-0.01171875,-0.8828125,0.3486328125
608,-0.01953125,-0.8798828125,0.3505859375
609,-0.01171875,-0.876953125,0.34375
610,-0.0107421875,-0.8798828125,0.345703125
611,-0.015625,-0.8818359375,0.34375
612,-0.013671875,-0.873046875,0.34375
613,-0.009765625,-0.8818359375,0.341796875
614,-0.017578125,-0.884765625,0.3447265625
615,-0.01171875,-0.8837890625,0.3427734375
616,-0.0146484375,-0.884765625,0.3427734375
617,-0.013671875,-0.884765625,0.3427734375
618,-0.0205078125,-0.8837890625,0.3427734375
619,-0.017578125,-0.8818359375,0.341796875
620,-0.017578125,-0.8837890625,0.34375
621,-0.017578125,-0.8857421875,0.33984375
622,-0.0166015625,-0.8896484375,0.337890625
623,-0.0166015625,-0.8798828125,0.3427734375
624,-0.01171875,-0.8857421875,0.34375
625,-0.0146484375,-0.8828125,0.341796875
626,-0.013671875,-0.8837890625,0.3447265625
627,-0.013671875,-0.880859375,0.3447265625
628,-0.009765625,-0.8876953125,0.3408203125
629,-0.017578125,-0.8857421875,0.345703125
630,-0.0166015625,-0.884765625,0.337890625
631,-0.0205078125,-0.884765625,0.3427734375
632,-0.017578125,-0.88671875,0.3408203125
633,-0.017578125,-0.8828125,0.3369140625
634,-0.01953125,-0.8837890625,0.3408203125
635,-0.0107421875,-0.884765625,0.337890625
636,-0.0126953125,-0.8837890625,0.337890625
637,-0.0146484375,-0.884765625,0.3427734375
638,-0.0166015625,-0.8818359375,0.341796875
639,-0.01171875,-0.880859375,0.3408203125
640,-0.0166015625,-0.8837890625,0.3427734375
641,-0.013671875,-0.8779296875,0.3486328125
642,-0.01953125,-0.87890625,0.3505859375
643,-0.0146484375,-0.8818359375,0.3525390625
644,-0.013671875,-0.880859375,0.3505859375
645,-0.015625,-0.876953125,0.3505859375
646,-0.0146484375,-0.87890625,0.3525390625
647,-0.01171875,-0.87890625,0.3583984375
648,-0.013671875,-0.8837890625,0.3486328125
649,-0.0107421875,-0.87890625,0.3486328125
650,-0.0107421875,-0.8798828125,0.3466796875
651,-0.0166015625,-0.8828125,0.3544921875
652,-0.009765625,-0.8779296875,0.3564453125
653,-0.0126953125,-0.8798828125,0.3544921875
654,-0.015625,-0.87890625,0.3515625
655,-0.0126953125,-0.8740234375,0.3486328125
656,-0.015625,-0.8779296875,0.3505859375
657,-0.0185546875,-0.8798828125,0.3505859375
658,-0.015625,-0.8837890625,0.3486328125
659,-0.015625,-0.8798828125,0.3515625
660,-0.01953125,-0.880859375,0.35546875
661,-0.01953125,-0.880859375,0.3515625
662,-0.0244140625,-0.875,0.3505859375
663,-0.017578125,-0.8779296875,0.357421875
664,-0.017578125,-0.876953125,0.3544921875
665,-0.021484375,-0.8779296875,0.349609375
666,-0.01953125,-0.87890625,0.3564453125
667,-0.017578125,-0.8818359375,0.349609375
668,-0.0166015625,-0.8759765625,0.353515625
669,-0.0185546875,-0.8759765625,0.3505859375
670,-0.0166015625,-0.880859375,0.3544921875
671,-0.017578125,-0.87890625,0.3564453125
672,-0.015625,-0.8779296875,0.3564453125
673,-0.015625,-0.880859375,0.353515625
674,-0.01953125,-0.880859375,0.35546875
675,-0.0166015625,-0.8779296875,0.3486328125
676,-0.0166015625,-0.8818359375,0.34765625
677,-0.017578125,-0.876953125,0.3486328125
678,-0.0146484375,-0.8759765625,0.349609375
679,-0.0166015625,-0.876953125,0.3505859375
680,-0.01171875,-0.8759765625,0.3486328125
681,-0.0146484375,-0.875,0.3544921875
682,-0.013671875,-0.8779296875,0.35546875
683,-0.013671875,-0.876953125,0.349609375
684,-0.013671875,-0.875,0.3505859375
685,-0.0146484375,-0.8779296875,0.3583984375
686,-0.0126953125,-0.8740234375,0.349609375
687,-0.015625,-0.875,0.349609375
688,-0.015625,-0.8779296875,0.3515625
689,-0.015625,-0.87890625,0.349609375
690,-0.0078125,-0.8837890625,0.3583984375
691,-0.0126953125,-0.876953125,0.3515625
692,-0.01171875,-0.88671875,0.3564453125
693,-0.0068359375,-0.8828125,0.3466796875
694,-0.0087890625,-0.8857421875,0.3466796875
695,-0.0146484375,-0.8798828125,0.3486328125
696,-0.0146484375,-0.8759765625,0.345703125
697,-0.013671875,-0.880859375,0.3466796875
698,-0.017578125,-0.875,0.34375
699,-0.0087890625,-0.8740234375,0.3486328125
700,-0.0146484375,-0.87890625,0.3486328125
701,-0.0146484375,-0.880859375,0.353515625
702,-0.017578125,-0.8828125,0.3515625
703,-0.01953125,-0.8818359375,0.3525390625
704,-0.0087890625,-0.8837890625,0.353515625
705,-0.0146484375,-0.8798828125,0.345703125
706,-0.0185546875,-0.8818359375,0.3486328125
707,-0.009765625,-0.8818359375,0.3486328125
708,-0.0126953125,-0.8818359375,0.3466796875
709,-0.009765625,-0.875,0.345703125
710,-0.0126953125,-0.87890625,0.349609375
711,-0.0078125,-0.8798828125,0.349609375
712,-0.0146484375,-0.8818359375,0.3486328125
713,-0.0087890625,-0.8798828125,0.35546875
714,-0.017578125,-0.8779296875,0.3515625
715,-0.0185546875,-0.875,0.357421875
716,-0.0185546875,-0.880859375,0.35546875
717,-0.017578125,-0.8779296875,0.35546875
718,-0.0166015625,-0.8740234375,0.353515625
719,-0.0166015625,-0.876953125,0.3544921875
720,-0.0166015625,-0.875,0.3544921875
721,-0.017578125,-0.87890625,0.3544921875
722,-0.0126953125,-0.8759765625,0.3525390625
723,-0.01171875,-0.87890625,0.353515625
724,-0.015625,-0.876953125,0.3564453125
725,-0.0146484375,-0.87890625,0.36328125
726,-0.0166015625,-0.8759765625,0.361328125
727,-0.0126953125,-0.8818359375,0.359375
728,-0.015625,-0.8779296875,0.3544921875
729,-0.01171875,-0.8818359375,0.3525390625
730,-0.009765625,-0.87890625,0.353515625
731,-0.01171875,-0.876953125,0.3544921875
732,-0.0107421875,-0.880859375,0.3564453125
733,-0.0087890625,-0.8759765625,0.3505859375
734,-0.01171875,-0.876953125,0.3525390625
735,-0.01171875,-0.876953125,0.3525390625
736,-0.0078125,-0.8759765625,0.357421875
737,-0.0078125,-0.8740234375,0.353515625
738,-0.0146484375,-0.8759765625,0.35546875
739,-0.0146484375,-0.8720703125,0.353515625
740,-0.013671875,-0.8779296875,0.353515625
741,-0.015625,-0.873046875,0.357421875
742,-0.0126953125,-0.8720703125,0.3515625
743,-0.015625,-0.87890625,0.357421875
744,-0.01953125,-0.876953125,0.353515625
745,-0.015625,-0.8759765625,0.35546875
746,-0.0126953125,-0.8759765625,0.3564453125
747,-0.01953125,-0.8759765625,0.3525390625
748,-0.0205078125,-0.876953125,0.3544921875
749,-0.0146484375,-0.876953125,0.357421875
750,-0.015625,-0.873046875,0.349609375
751,-0.015625,-0.876953125,0.35546875
752,-0.0185546875,-0.875,0.3544921875
753,-0.0146484375,-0.8740234375,0.3515625
754,-0.0146484375,-0.876953125,0.3525390625
755,-0.017578125,-0.876953125,0.349609375
756,-0.015625,-0.8759765625,0.357421875
757,-0.015625,-0.8798828125,0.357421875
758,-0.0107421875,-0.876953125,0.3564453125
759,-0.013671875,-0.880859375,0.3544921875
760,-0.015625,-0.8779296875,0.35546875
761,-0.01171875,-0.8779296875,0.353515625
762,-0.0185546875,-0.8759765625,0.3603515625
763,-0.0166015625,-0.875,0.3603515625
764,-0.017578125,-0.876953125,0.357421875
765,-0.0166015625,-0.8759765625,0.359375
766,-0.015625,-0.875,0.357421875
767,-0.0185546875,-0.87890625,0.36328125
768,-0.013671875,-0.875,0.357421875
769,-0.0146484375,-0.8779296875,0.3603515625
770,-0.0146484375,-0.876953125,0.3544921875
771,-0.015625,-0.8759765625,0.359375
772,-0.0146484375,-0.8759765625,0.3564453125
773,-0.013671875,-0.875,0.3603515625
774,-0.013671875,-0.87890625,0.3623046875
775,-0.013671875,-0.8740234375,0.35546875
776,-0.015625,-0.873046875,0.357421875
777,-0.015625,-0.875,0.3564453125
778,-0.015625,-0.873046875,0.35546875
779,-0.0166015625,-0.8720703125,0.3583984375
780,-0.015625,-0.869140625,0.3583984375
781,-0.0126953125,-0.8759765625,0.359375
782,-0.0166015625,-0.8720703125,0.3544921875
783,-0.015625,-0.8720703125,0.35546875
784,-0.0146484375,-0.8779296875,0.353515625
785,-0.0126953125,-0.87890625,0.3583984375
786,-0.0146484375,-0.876953125,0.3603515625
787,-0.0126953125,-0.8818359375,0.3583984375
788,-0.0185546875,-0.87890625,0.353515625
789,-0.01953125,-0.876953125,0.35546875
790,-0.0166015625,-0.87890625,0.3603515625
791,-0.0146484375,-0.8818359375,0.3544921875
792,-0.0146484375,-0.87890625,0.3515625
793,-0.0126953125,-0.8798828125,0.3447265625
794,-0.0107421875,-0.87890625,0.3466796875
795,-0.013671875,-0.875,0.3515625
796,-0.009765625,-0.8779296875,0.3515625
797,-0.009765625,-0.8798828125,0.3515625
798,-0.0126953125,-0.87890625,0.3466796875
799,-0.0087890625,-0.876953125,0.3515625
800,-0.0126953125,-0.8740234375,0.357421875
801,-0.0166015625,-0.880859375,0.3515625
802,-0.0146484375,-0.8759765625,0.35546875
803,-0.017578125,-0.8759765625,0.3583984375
804,-0.0185546875,-0.880859375,0.359375
805,-0.0205078125,-0.87890625,0.3662109375
806,-0.0166015625,-0.8759765625,0.365234375
807,-0.015625,-0.875,0.3642578125
808,-0.0146484375,-0.8759765625,0.3623046875
809,-0.009765625,-0.8798828125,0.3603515625
810,-0.0146484375,-0.8740234375,0.3564453125
811,-0.01953125,-0.87890625,0.3583984375
812,-0.0078125,-0.8779296875,0.3603515625
813,-0.015625,-0.876953125,0.3544921875
814,-0.015625,-0.8798828125,0.349609375
815,-0.017578125,-0.8759765625,0.3544921875
816,-0.015625,-0.8759765625,0.345703125
817,-0.0087890625,-0.8798828125,0.3466796875
818,-0.0126953125,-0.8701171875,0.3486328125
819,-0.0078125,-0.873046875,0.345703125
820,-0.015625,-0.8740234375,0.3564453125
821,-0.0068359375,-0.875,0.3544921875
822,-0.017578125,-0.8779296875,0.3486328125
823,-0.0107421875,-0.875,0.3427734375
824,-0.015625,-0.8798828125,0.3515625
825,-0.0126953125,-0.8779296875,0.349609375
826,-0.009765625,-0.8818359375,0.3505859375
827,-0.0107421875,-0.873046875,0.357421875
828,-0.0087890625,-0.8779296875,0.35546875
829,-0.0107421875,-0.8740234375,0.3544921875
830,-0.0087890625,-0.8662109375,0.3505859375
831,-0.015625,-0.8603515625,0.3515625
832,-0.0087890625,-0.8583984375,0.3505859375
833,-0.0166015625,-0.85546875,0.357421875
834,-0.0029296875,-0.865234375,0.3525390625
835,-0.013671875,-0.8623046875,0.3623046875
836,-0.025390625,-0.8662109375,0.3544921875
837,-0.0205078125,-0.8623046875,0.357421875
838,-0.029296875,-0.8642578125,0.3603515625
839,-0.029296875,-0.869140625,0.357421875
840,-0.025390625,-0.8701171875,0.3603515625
841,-0.02734375,-0.87109375,0.3681640625
842,-0.025390625,-0.8720703125,0.3642578125
843,-0.0234375,-0.869140625,0.37109375
844,-0.025390625,-0.8623046875,0.3623046875
845,-0.021484375,-0.86328125,0.357421875
846,-0.0224609375,-0.8623046875,0.3583984375
847,-0.013671875,-0.859375,0.3583984375
848,-0.01171875,-0.85546875,0.3515625
849,-0.0166015625,-0.865234375,0.3564453125
850,-0.0048828125,-0.857421875,0.3515625
851,-0.0087890625,-0.8603515625,0.3564453125
852,-0.009765625,-0.8583984375,0.3515625
853,-0.01171875,-0.865234375,0.3515625
854,-0.01953125,-0.865234375,0.35546875
855,-0.017578125,-0.8662109375,0.3544921875
856,-0.015625,-0.865234375,0.3515625
857,-0.0146484375,-0.865234375,0.35546875
858,-0.0166015625,-0.86328125,0.357421875
859,-0.013671875,-0.8662109375,0.361328125
860,-0.01171875,-0.859375,0.36328125
861,-0.013671875,-0.8642578125,0.3544921875
862,-0.013671875,-0.8662109375,0.349609375
863,-0.013671875,-0.8662109375,0.353515625
864,-0.013671875,-0.861328125,0.33984375
865,-0.01171875,-0.8623046875,0.3447265625
866,-0.005859375,-0.861328125,0.33984375
867,-0.009765625,-0.86328125,0.3427734375
868,-0.0078125,-0.859375,0.337890625
869,-0.0068359375,-0.865234375,0.3388671875
870,-0.0078125,-0.873046875,0.3427734375
871,-0.01171875,-0.8740234375,0.3388671875
872,-0.0126953125,-0.869140625,0.3408203125
873,-0.0107421875,-0.873046875,0.33984375
874,-0.0166015625,-0.875,0.33984375
875,-0.013671875,-0.869140625,0.33203125
876,-0.0146484375,-0.8779296875,0.3369140625
877,-0.017578125,-0.873046875,0.333984375
878,-0.0166015625,-0.87890625,0.33203125
879,-0.0146484375,-0.8740234375,0.3251953125
880,-0.0087890625,-0.8701171875,0.3203125
881,-0.015625,-0.8759765625,0.322265625
882,-0.017578125,-0.8720703125,0.3134765625
883,-0.015625,-0.8740234375,0.318359375
884,-0.0205078125,-0.87109375,0.3154296875
885,-0.0205078125,-0.873046875,0.3173828125
886,-0.025390625,-0.8720703125,0.3076171875
887,-0.02734375,-0.873046875,0.3017578125
888,-0.021484375,-0.8720703125,0.3046875
889,-0.0205078125,-0.8720703125,0.3037109375
890,-0.0224609375,-0.8701171875,0.2939453125
891,-0.03125,-0.8720703125,0.294921875
892,-0.0234375,-0.876953125,0.294921875
893,-0.029296875,-0.8779296875,0.287109375
894,-0.021484375,-0.8837890625,0.2890625
895,-0.0283203125,-0.87890625,0.2880859375
896,-0.0283203125,-0.8837890625,0.2822265625
897,-0.0283203125,-0.884765625,0.2890625
898,-0.0322265625,-0.8828125,0.28125
899,-0.025390625,-0.8916015625,0.2841796875
900,-0.029296875,-0.8857421875,0.2734375
901,-0.0283203125,-0.8876953125,0.2685546875
902,-0.025390625,-0.8896484375,0.259765625
903,-0.0224609375,-0.892578125,0.2626953125
904,-0.0166015625,-0.8955078125,0.248046875
905,-0.009765625,-0.8935546875,0.244140625
906,-0.0234375,-0.892578125,0.2451171875
907,-0.01953125,-0.892578125,0.232421875
908,-0.0185546875,-0.888671875,0.236328125
909,-0.0166015625,-0.8896484375,0.2314453125
910,-0.0185546875,-0.8876953125,0.21875
911,-0.0185546875,-0.890625,0.2197265625
912,-0.0205078125,-0.892578125,0.208984375
913,-0.0107421875,-0.8916015625,0.2080078125
914,-0.013671875,-0.8984375,0.2197265625
915,-0.021484375,-0.896484375,0.21484375
916,-0.01953125,-0.904296875,0.2021484375
917,-0.01953125,-0.9091796875,0.2109375
918,-0.009765625,-0.9033203125,0.1923828125
919,-0.013671875,-0.904296875,0.185546875
920,-0.0087890625,-0.9130859375,0.193359375
921,-0.0234375,-0.919921875,0.189453125
922,-0.015625,-0.91796875,0.169921875
923,-0.013671875,-0.923828125,0.166015625
924,-0.0078125,-0.9091796875,0.154296875
925,-0.0087890625,-0.9228515625,0.1591796875
926,-0.0078125,-0.9248046875,0.14453125
927,-0.0205078125,-0.9287109375,0.15625
928,-0.0205078125,-0.9248046875,0.1376953125
929,-0.0224609375,-0.927734375,0.13671875
930,-0.0341796875,-0.984375,0.16015625
931,-0.0185546875,-0.9228515625,0.1240234375
932,-0.025390625,-0.91796875,0.1181640625
933,-0.0146484375,-0.9169921875,0.115234375
934,-0.0234375,-0.919921875,0.1025390625
935,-0.01171875,-0.91796875,0.0849609375
936,-0.01171875,-0.9306640625,0.0849609375
937,-0.0107421875,-0.927734375,0.0693359375
938,-0.0078125,-0.9345703125,0.068359375
939,0.001953125,-0.94921875,0.0595703125
940,-0.00390625,-0.9462890625,0.052734375
941,-0.0068359375,-0.9462890625,0.0625
942,-0.009765625,-0.9501953125,0.072265625
943,-0.0087890625,-0.9609375,0.0693359375
944,-0.0166015625,-0.96484375,0.0634765625
945,-0.0146484375,-0.9736328125,0.0615234375
946,0.0224609375,-0.970703125,0.060546875
947,-0.02734375,-0.990234375,0.048828125
948,-0.01171875,-0.9853515625,0.029296875
949,-0.009765625,-0.990234375,0.0205078125
950,0.0029296875,-0.9970703125,0.0087890625
951,0.021484375,-0.9794921875,-0.0029296875
952,-0.009765625,-0.9970703125,-0.01953125
953,0.0009765625,-1.005859375,-0.0302734375
954,0.009765625,-1.025390625,-0.037109375
955,-0.005859375,-1.03515625,-0.0322265625
956,-0.009765625,-1.03515625,-0.05078125
957,-0.029296875,-1.0390625,-0.06640625
958,-0.0361328125,-1.060546875,-0.072265625
959,-0.04296875,-1.0732421875,-0.0869140625
960,-0.0556640625,-1.0810546875,-0.1015625
961,-0.0625,-1.0830078125,-0.1005859375
962,-0.044921875,-1.1005859375,-0.1162109375
963,-0.0419921875,-1.10546875,-0.1376953125
964,-0.03515625,-1.1083984375,-0.158203125
965,-0.02734375,-1.1083984375,-0.18359375
966,-0.0263671875,-1.1015625,-0.208984375
967,-0.0244140625,-1.0966796875,-0.2421875
968,-0.0166015625,-1.0927734375,-0.2763671875
969,-0.0244140625,-1.087890625,-0.3046875
970,-0.015625,-1.0869140625,-0.3310546875
971,-0.0107421875,-1.080078125,-0.3564453125
972,-0.0029296875,-1.078125,-0.3759765625
973,0.001953125,-1.0693359375,-0.396484375
974,0.013671875,-1.0703125,-0.408203125
975,0.0146484375,-1.056640625,-0.421875
976,0.01171875,-1.0615234375,-0.431640625
977,0.0166015625,-1.0546875,-0.451171875
978,0.0263671875,-1.056640625,-0.45703125
979,0.03515625,-1.0654296875,-0.453125
980,0.0341796875,-1.046875,-0.453125
981,0.0263671875,-1.0517578125,-0.4345703125
982,0.0087890625,-1.0673828125,-0.40625
983,-0.0146484375,-1.0712890625,-0.3837890625
984,-0.0302734375,-1.0751953125,-0.3759765625
985,-0.0458984375,-1.056640625,-0.35546875
986,-0.04296875,-1.0693359375,-0.33984375
987,-0.0419921875,-1.068359375,-0.3154296875
988,-0.0419921875,-1.0703125,-0.298828125
989,-0.04296875,-1.078125,-0.291015625
990,-0.03515625,-1.083984375,-0.2783203125
991,-0.0419921875,-1.08203125,-0.2685546875
992,-0.04296875,-1.0673828125,-0.267578125
993,-0.0419921875,-1.05078125,-0.263671875
994,-0.044921875,-1.0419921875,-0.265625
995,-0.0556640625,-1.0224609375,-0.2626953125
996,-0.0419921875,-1.0,-0.2841796875
997,-0.033203125,-0.9697265625,-0.3037109375
998,-0.0361328125,-0.9375,-0.31640625
999,-0.0361328125,-0.912109375,-0.326171875
1000,-0.04296875,-0.91015625,-0.3310546875
1001,-0.046875,-0.896484375,-0.3349609375
1002,-0.05078125,-0.8955078125,-0.3388671875
1003,-0.0537109375,-0.892578125,-0.3369140625
1004,-0.0537109375,-0.89453125,-0.3388671875
1005,-0.0634765625,-0.89453125,-0.345703125
1006,-0.05859375,-0.892578125,-0.3505859375
1007,-0.05078125,-0.89453125,-0.3603515625
1008,-0.0615234375,-0.8896484375,-0.3740234375
1009,-0.041015625,-0.8837890625,-0.3828125
1010,-0.04296875,-0.8779296875,-0.3896484375
1011,-0.041015625,-0.8798828125,-0.392578125
1012,-0.04296875,-0.8837890625,-0.4052734375
1013,-0.0478515625,-0.9072265625,-0.4140625
1014,-0.0537109375,-0.8896484375,-0.4111328125
1015,-0.0576171875,-0.890625,-0.427734375
1016,-0.064453125,-0.8916015625,-0.4267578125
1017,-0.0517578125,-0.892578125,-0.42578125
1018,-0.0361328125,-0.8974609375,-0.4375
1019,-0.0205078125,-0.8984375,-0.4365234375
1020,-0.0068359375,-0.90625,-0.44140625
1021,-0.0048828125,-0.91015625,-0.44140625
1022,0.00390625,-0.9072265625,-0.4443359375
1023,0.0048828125,-0.9091796875,-0.4404296875
1024,-0.0009765625,-0.91015625,-0.4462890625
1025,-0.0009765625,-0.916015625,-0.4453125
1026,-0.0146484375,-0.9033203125,-0.447265625
1027,-0.017578125,-0.9013671875,-0.4423828125
1028,-0.025390625,-0.9033203125,-0.4501953125
1029,-0.03125,-0.8955078125,-0.453125
1030,-0.0322265625,-0.8984375,-0.453125
1031,-0.033203125,-0.8994140625,-0.455078125
1032,-0.0400390625,-0.9033203125,-0.4560546875
1033,-0.0439453125,-0.9013671875,-0.4599609375
1034,-0.0400390625,-0.9052734375,-0.4658203125
1035,-0.0390625,-0.896484375,-0.470703125
1036,-0.0517578125,-0.8955078125,-0.4677734375
1037,-0.0537109375,-0.8994140625,-0.4697265625
1038,-0.0517578125,-0.8974609375,-0.474609375
1039,-0.0595703125,-0.89453125,-0.470703125
1040,-0.0517578125,-0.8955078125,-0.4794921875
1041,-0.0439453125,-0.884765625,-0.4765625
1042,-0.044921875,-0.884765625,-0.4833984375
1043,-0.041015625,-0.884765625,-0.484375
1044,-0.037109375,-0.876953125,-0.486328125
1045,-0.0400390625,-0.87890625,-0.48046875
1046,-0.033203125,-0.8798828125,-0.4765625
1047,-0.029296875,-0.8837890625,-0.4765625
1048,-0.0263671875,-0.89453125,-0.46875
1049,-0.0263671875,-0.8994140625,-0.47265625
1050,-0.0283203125,-0.900390625,-0.4716796875
1051,-0.029296875,-0.9072265625,-0.4765625
1052,-0.0361328125,-0.9033203125,-0.4765625
1053,-0.0390625,-0.9052734375,-0.482421875
1054,-0.046875,-0.9111328125,-0.4912109375
1055,-0.0458984375,-0.912109375,-0.49609375
1056,-0.0478515625,-0.9130859375,-0.49609375
1057,-0.0517578125,-0.9267578125,-0.5
1058,-0.0517578125,-0.921875,-0.5029296875
1059,-0.052734375,-0.921875,-0.5029296875
1060,-0.052734375,-0.9248046875,-0.505859375
1061,-0.0458984375,-0.919921875,-0.5205078125
1062,-0.044921875,-0.9248046875,-0.521484375
1063,-0.0458984375,-0.92578125,-0.5146484375
1064,-0.04296875,-0.9208984375,-0.5029296875
1065,-0.0478515625,-0.9208984375,-0.49609375
1066,-0.04296875,-0.9169921875,-0.4892578125
1067,-0.037109375,-0.9169921875,-0.490234375
1068,-0.029296875,-0.9169921875,-0.4814453125
1069,-0.0380859375,-0.9130859375,-0.484375
1070,-0.0380859375,-0.9150390625,-0.484375
1071,-0.033203125,-0.91796875,-0.4921875
1072,-0.0439453125,-0.916015625,-0.4921875
1073,-0.0380859375,-0.9189453125,-0.4970703125
1074,-0.0361328125,-0.91796875,-0.498046875
1075,-0.0390625,-0.923828125,-0.5087890625
1076,-0.033203125,-0.9248046875,-0.50390625
1077,-0.0390625,-0.9248046875,-0.5078125
1078,-0.0341796875,-0.92578125,-0.5126953125
1079,-0.0400390625,-0.91796875,-0.509765625
1080,-0.037109375,-0.91796875,-0.5048828125
1081,-0.04296875,-0.9140625,-0.5107421875
1082,-0.0419921875,-0.90625,-0.515625
1083,-0.0419921875,-0.8974609375,-0.517578125
1084,-0.0380859375,-0.896484375,-0.529296875
1085,-0.04296875,-0.890625,-0.515625
1086,-0.048828125,-0.8916015625,-0.521484375
1087,-0.048828125,-0.8828125,-0.5224609375
1088,-0.05859375,-0.880859375,-0.515625
1089,-0.064453125,-0.8740234375,-0.509765625
1090,-0.060546875,-0.8740234375,-0.505859375
1091,-0.046875,-0.853515625,-0.498046875
1092,-0.0537109375,-0.849609375,-0.494140625
1093,-0.056640625,-0.8486328125,-0.5
1094,-0.0322265625,-0.8388671875,-0.5009765625
1095,-0.0341796875,-0.83203125,-0.5078125
1096,-0.03125,-0.830078125,-0.5087890625
1097,-0.03125,-0.8349609375,-0.4990234375
1098,-0.0322265625,-0.8369140625,-0.4931640625
1099,-0.025390625,-0.837890625,-0.490234375
1100,-0.025390625,-0.84765625,-0.4931640625
1101,-0.03515625,-0.8515625,-0.482421875
1102,-0.037109375,-0.84765625,-0.486328125
1103,-0.044921875,-0.8466796875,-0.4794921875
1104,-0.05078125,-0.8447265625,-0.4833984375
1105,-0.0595703125,-0.8388671875,-0.4794921875
1106,-0.0595703125,-0.8388671875,-0.4755859375
1107,-0.0751953125,-0.8447265625,-0.4873046875
1108,-0.041015625,-0.8271484375,-0.470703125
1109,-0.052734375,-0.8212890625,-0.4697265625
1110,-0.0400390625,-0.8154296875,-0.458984375
1111,-0.0322265625,-0.8056640625,-0.455078125
1112,-0.025390625,-0.806640625,-0.458984375
1113,-0.0205078125,-0.80859375,-0.4501953125
1114,-0.013671875,-0.802734375,-0.4462890625
1115,-0.0068359375,-0.8056640625,-0.453125
1116,-0.0048828125,-0.810546875,-0.458984375
1117,-0.013671875,-0.8125,-0.455078125
1118,-0.013671875,-0.822265625,-0.4619140625
1119,-0.01171875,-0.826171875,-0.458984375
1120,-0.017578125,-0.8330078125,-0.45703125
1121,-0.033203125,-0.8408203125,-0.4609375
1122,-0.0400390625,-0.8408203125,-0.4599609375
1123,-0.04296875,-0.8447265625,-0.462890625
1124,-0.0419921875,-0.853515625,-0.4580078125
1125,-0.0419921875,-0.8486328125,-0.4658203125
1126,-0.048828125,-0.8447265625,-0.458984375
1127,-0.046875,-0.8466796875,-0.46875
1128,-0.037109375,-0.8447265625,-0.47265625
1129,-0.0322265625,-0.84375,-0.4765625
1130,-0.0244140625,-0.84375,-0.4736328125
1131,-0.0205078125,-0.8359375,-0.48046875
1132,-0.0166015625,-0.8447265625,-0.4833984375
1133,-0.01171875,-0.841796875,-0.48828125
1134,-0.0068359375,-0.8359375,-0.494140625
1135,-0.001953125,-0.8349609375,-0.4921875
1136,-0.0048828125,-0.8330078125,-0.4970703125
1137,-0.013671875,-0.83203125,-0.4931640625
1138,-0.0146484375,-0.833984375,-0.49609375
1139,-0.0224609375,-0.8369140625,-0.501953125
1140,-0.0322265625,-0.8447265625,-0.5
1141,-0.0419921875,-0.845703125,-0.49609375
1142,-0.0458984375,-0.8505859375,-0.50390625
1143,-0.0517578125,-0.8486328125,-0.5048828125
1144,-0.0595703125,-0.845703125,-0.505859375
1145,-0.0419921875,-0.84765625,-0.50390625
1146,-0.0244140625,-0.8486328125,-0.5146484375
1147,-0.0263671875,-0.8486328125,-0.525390625
1148,-0.009765625,-0.8466796875,-0.5390625
1149,-0.0029296875,-0.83984375,-0.5380859375
1150,-0.0009765625,-0.837890625,-0.5517578125
1151,0.0009765625,-0.830078125,-0.5498046875
1152,-0.0048828125,-0.8349609375,-0.556640625
1153,-0.005859375,-0.8369140625,-0.5615234375
1154,-0.009765625,-0.8408203125,-0.560546875
1155,-0.0146484375,-0.8388671875,-0.564453125
1156,-0.01953125,-0.8349609375,-0.56640625
1157,-0.0283203125,-0.8369140625,-0.5615234375
1158,-0.02734375,-0.83984375,-0.564453125
1159,-0.0283203125,-0.8369140625,-0.568359375
1160,-0.0263671875,-0.8388671875,-0.56640625
1161,-0.03125,-0.84375,-0.56640625
1162,-0.0361328125,-0.84375,-0.560546875
1163,-0.03515625,-0.845703125,-0.5517578125
1164,-0.03515625,-0.8388671875,-0.544921875
1165,-0.0302734375,-0.8408203125,-0.5390625
1166,-0.0244140625,-0.8310546875,-0.5302734375
1167,-0.021484375,-0.826171875,-0.5263671875
1168,-0.0146484375,-0.8203125,-0.517578125
1169,-0.017578125,-0.80078125,-0.5068359375
1170,-0.0205078125,-0.80078125,-0.505859375
1171,-0.0224609375,-0.7880859375,-0.5009765625
1172,-0.0205078125,-0.7783203125,-0.498046875
1173,-0.0126953125,-0.76953125,-0.4970703125
1174,-0.01171875,-0.755859375,-0.49609375
1175,-0.0087890625,-0.75,-0.49609375
1176,-0.005859375,-0.740234375,-0.4931640625
1177,-0.01171875,-0.7333984375,-0.486328125
1178,-0.0078125,-0.7294921875,-0.48828125
1179,-0.0087890625,-0.7216796875,-0.4794921875
1180,0.0,-0.7138671875,-0.4833984375
1181,0.0048828125,-0.70703125,-0.4833984375
1182,0.0009765625,-0.7060546875,-0.484375
1183,-0.0029296875,-0.703125,-0.4853515625
1184,-0.0068359375,-0.6943359375,-0.4873046875
1185,-0.0087890625,-0.6904296875,-0.486328125
1186,-0.0078125,-0.68359375,-0.4794921875
1187,-0.0068359375,-0.6787109375,-0.48046875
1188,-0.005859375,-0.671875,-0.4873046875
1189,-0.0029296875,-0.662109375,-0.4921875
1190,-0.00390625,-0.66015625,-0.5087890625
1191,-0.013671875,-0.6630859375,-0.501953125
1192,-0.0283203125,-0.6650390625,-0.49609375
1193,-0.0361328125,-0.6650390625,-0.49609375
1194,-0.0390625,-0.6767578125,-0.4970703125
1195,-0.0390625,-0.6845703125,-0.5009765625
1196,-0.033203125,-0.6923828125,-0.5029296875
1197,-0.0302734375,-0.703125,-0.4921875
1198,-0.0302734375,-0.70703125,-0.490234375
1199,-0.0244140625,-0.7109375,-0.482421875
1200,-0.0185546875,-0.712890625,-0.486328125
1201,-0.005859375,-0.7138671875,-0.4892578125
1202,-0.00390625,-0.7119140625,-0.49609375
1203,-0.001953125,-0.71484375,-0.4931640625
1204,0.00390625,-0.7158203125,-0.4970703125
1205,0.0009765625,-0.7197265625,-0.4970703125
1206,0.009765625,-0.724609375,-0.5224609375
1207,0.013671875,-0.734375,-0.513671875
1208,0.0048828125,-0.7451171875,-0.509765625
1209,0.009765625,-0.751953125,-0.51953125
1210,0.0146484375,-0.7626953125,-0.513671875
1211,0.0107421875,-0.7626953125,-0.525390625
1212,0.0126953125,-0.76171875,-0.5205078125
1213,0.00390625,-0.7509765625,-0.5185546875
1214,0.0068359375,-0.7451171875,-0.5263671875
1215,-0.0087890625,-0.7392578125,-0.525390625
1216,-0.0068359375,-0.7333984375,-0.5205078125
1217,-0.0146484375,-0.73046875,-0.505859375
1218,-0.01953125,-0.7265625,-0.5068359375
1219,-0.0263671875,-0.720703125,-0.501953125
1220,-0.033203125,-0.71484375,-0.5
1221,-0.0341796875,-0.7158203125,-0.494140625
1222,-0.0390625,-0.716796875,-0.4892578125
1223,-0.0341796875,-0.7158203125,-0.482421875
1224,-0.033203125,-0.7236328125,-0.4814453125
1225,-0.033203125,-0.7275390625,-0.48046875
1226,-0.0283203125,-0.7275390625,-0.4765625
1227,-0.03125,-0.732421875,-0.4775390625
1228,-0.017578125,-0.7314453125,-0.4716796875
1229,-0.0029296875,-0.7265625,-0.46875
1230,0.0048828125,-0.7314453125,-0.4619140625
1231,0.0087890625,-0.73046875,-0.4609375
1232,0.0,-0.7158203125,-0.453125
1233,-0.0068359375,-0.7109375,-0.4462890625
1234,-0.017578125,-0.7060546875,-0.4423828125
1235,-0.0263671875,-0.6982421875,-0.4384765625
1236,-0.0244140625,-0.689453125,-0.435546875
1237,-0.03125,-0.681640625,-0.4365234375
1238,-0.03125,-0.6689453125,-0.431640625
1239,-0.0322265625,-0.654296875,-0.423828125
1240,-0.0322265625,-0.650390625,-0.42578125
1241,-0.02734375,-0.6484375,-0.4130859375
1242,-0.0234375,-0.6474609375,-0.408203125
1243,-0.021484375,-0.6513671875,-0.396484375
1244,-0.021484375,-0.6474609375,-0.3740234375
1245,-0.0185546875,-0.650390625,-0.3642578125
1246,-0.015625,-0.6416015625,-0.3505859375
1247,-0.0078125,-0.6435546875,-0.3330078125
1248,-0.00390625,-0.6474609375,-0.3095703125
1249,0.0048828125,-0.63671875,-0.2998046875
1250,0.0205078125,-0.6318359375,-0.29296875
1251,0.0234375,-0.625,-0.28515625
1252,0.0234375,-0.625,-0.2802734375
1253,0.021484375,-0.6083984375,-0.2841796875
1254,0.013671875,-0.58984375,-0.279296875
1255,-0.0048828125,-0.59375,-0.2841796875
1256,-0.0224609375,-0.599609375,-0.279296875
1257,-0.044921875,-0.62109375,-0.2685546875
1258,-0.0556640625,-0.6298828125,-0.251953125
1259,-0.06640625,-0.6513671875,-0.2353515625
1260,-0.068359375,-0.6689453125,-0.2314453125
1261,-0.0634765625,-0.7041015625,-0.224609375
1262,-0.0615234375,-0.7265625,-0.2197265625
1263,-0.05078125,-0.7626953125,-0.2197265625
1264,-0.0390625,-0.7890625,-0.23046875
1265,-0.0263671875,-0.8125,-0.2421875
1266,-0.009765625,-0.830078125,-0.26171875
1267,0.001953125,-0.8349609375,-0.2734375
1268,0.0087890625,-0.8408203125,-0.2734375
1269,0.009765625,-0.841796875,-0.2646484375
1270,0.013671875,-0.8447265625,-0.2587890625
1271,0.0234375,-0.8486328125,-0.248046875
1272,0.0341796875,-0.857421875,-0.2255859375
1273,0.0341796875,-0.87109375,-0.2138671875
1274,0.0234375,-0.888671875,-0.189453125
1275,0.0244140625,-0.9140625,-0.1796875
1276,0.0224609375,-0.9521484375,-0.181640625
1277,0.0146484375,-1.0,-0.18359375
1278,0.0,-1.04296875,-0.203125
1279,-0.029296875,-1.08203125,-0.216796875
1280,-0.0615234375,-1.119140625,-0.236328125
1281,-0.10546875,-1.126953125,-0.25
1282,-0.1318359375,-1.109375,-0.25390625
1283,-0.1494140625,-1.0693359375,-0.2451171875
1284,-0.142578125,-1.0244140625,-0.2265625
1285,-0.1279296875,-0.982421875,-0.2109375
1286,-0.0908203125,-0.9326171875,-0.201171875
1287,-0.04296875,-0.9404296875,-0.1982421875
1288,-0.0185546875,-0.98046875,-0.1806640625
1289,0.041015625,-1.08203125,-0.1279296875
1290,0.099609375,-1.2421875,-0.05078125
1291,0.13671875,-1.5732421875,0.0400390625
1292,0.265625,-2.048828125,0.193359375
1293,0.4306640625,-2.5966796875,0.443359375
1294,0.267578125,-3.2177734375,0.7861328125
1295,-0.01171875,-3.744140625,0.7890625
1296,-0.283203125,-3.978515625,0.251953125
1297,-0.9921875,-3.4453125,-0.271484375
1298,-1.416015625,-2.75390625,-0.189453125
1299,-1.3662109375,-2.02734375,0.013671875
1300,-0.9052734375,-1.4609375,0.1318359375
1301,-0.5048828125,-1.265625,0.1171875
1302,-0.353515625,-1.2880859375,0.189453125
1303,-0.28125,-1.318359375,0.3974609375
1304,-0.244140625,-1.2841796875,0.416015625
1305,-0.16015625,-1.1806640625,0.3505859375
1306,-0.1220703125,-1.037109375,0.2783203125
1307,-0.1328125,-0.8525390625,0.18359375
1308,-0.14453125,-0.6904296875,0.0439453125
1309,-0.1572265625,-0.5439453125,-0.125
1310,-0.1904296875,-0.4619140625,-0.169921875
1311,-0.154296875,-0.37890625,-0.0869140625
1312,-0.12890625,-0.2138671875,0.0615234375
1313,-0.1162109375,-0.16015625,0.189453125
1314,-0.029296875,-0.1884765625,0.283203125
1315,0.0703125,-0.2626953125,0.306640625
1316,0.1357421875,-0.3525390625,0.298828125
1317,0.150390625,-0.4853515625,0.3037109375
1318,0.1181640625,-0.634765625,0.337890625
1319,0.09375,-0.783203125,0.4248046875
1320,0.09375,-0.8916015625,0.576171875
1321,0.10546875,-1.0087890625,0.662109375
1322,0.1318359375,-1.08984375,0.630859375
1323,0.1181640625,-1.09375,0.5380859375
1324,0.1044921875,-1.0517578125,0.416015625
1325,0.0556640625,-0.990234375,0.33203125
1326,0.0107421875,-0.9423828125,0.2978515625
1327,-0.005859375,-0.9267578125,0.298828125
1328,-0.0244140625,-0.8759765625,0.271484375
1329,-0.0322265625,-0.83203125,0.2802734375
1330,-0.0244140625,-0.8046875,0.283203125
1331,-0.00390625,-0.7763671875,0.2734375
1332,0.009765625,-0.79296875,0.2998046875
1333,0.0263671875,-0.806640625,0.3115234375
1334,0.0576171875,-0.8388671875,0.3388671875
1335,0.0693359375,-0.853515625,0.3349609375
1336,0.0576171875,-0.8681640625,0.3359375
1337,0.0791015625,-0.896484375,0.314453125
1338,0.072265625,-0.9296875,0.3193359375
1339,0.072265625,-0.974609375,0.314453125
1340,0.0849609375,-0.9931640625,0.318359375
1341,0.0751953125,-1.0087890625,0.3056640625
1342,0.0791015625,-1.0166015625,0.3017578125
1343,0.076171875,-0.99609375,0.30078125
1344,0.05859375,-0.984375,0.3056640625
1345,0.0458984375,-0.994140625,0.349609375
1346,0.056640625,-0.984375,0.3330078125
1347,0.044921875,-0.8984375,0.2392578125
1348,0.0224609375,-0.8984375,0.2568359375
1349,0.005859375,-0.921875,0.28515625
1350,-0.0029296875,-0.9462890625,0.2802734375
1351,-0.01953125,-0.98046875,0.3017578125
1352,0.0,-0.9248046875,0.2021484375
1353,-0.048828125,-0.9130859375,0.208984375
1354,-0.01953125,-0.951171875,0.2646484375
1355,-0.01953125,-0.9296875,0.2470703125
1356,-0.0263671875,-0.943359375,0.2626953125
1357,-0.0390625,-0.9130859375,0.26953125
1358,-0.01171875,-0.9248046875,0.275390625
1359,-0.0361328125,-0.8798828125,0.2685546875
1360,-0.0322265625,-0.84765625,0.25
1361,-0.037109375,-0.83984375,0.2724609375
1362,-0.046875,-0.830078125,0.27734375
1363,-0.056640625,-0.8271484375,0.279296875
1364,-0.05859375,-0.8359375,0.28125
1365,-0.060546875,-0.837890625,0.2880859375
1366,-0.05859375,-0.853515625,0.2978515625
1367,-0.060546875,-0.8642578125,0.302734375
1368,-0.0615234375,-0.8681640625,0.2978515625
1369,-0.05859375,-0.875,0.3115234375
1370,-0.0478515625,-0.8779296875,0.3056640625
1371,-0.0400390625,-0.884765625,0.318359375
1372,-0.037109375,-0.880859375,0.3310546875
1373,-0.0205078125,-0.8759765625,0.34375
1374,-0.0048828125,-0.880859375,0.33984375
1375,0.005859375,-0.884765625,0.3466796875
1376,-0.0087890625,-0.90234375,0.3642578125
1377,0.017578125,-0.908203125,0.349609375
1378,0.0126953125,-0.8642578125,0.3798828125
1379,-0.0068359375,-0.828125,0.3544921875
1380,0.03125,-0.83984375,0.3828125
1381,0.0263671875,-0.822265625,0.3720703125
1382,0.03515625,-0.8310546875,0.3798828125
1383,0.0224609375,-0.8271484375,0.3955078125
1384,0.025390625,-0.8486328125,0.4296875
1385,0.0400390625,-0.8505859375,0.41796875
1386,0.0341796875,-0.837890625,0.392578125
1387,0.033203125,-0.8388671875,0.396484375
1388,0.02734375,-0.8232421875,0.40234375
1389,0.021484375,-0.8544921875,0.42578125
1390,0.01953125,-0.84375,0.4033203125
1391,0.0185546875,-0.8427734375,0.4150390625
1392,0.0185546875,-0.8330078125,0.4140625
1393,0.0048828125,-0.8486328125,0.4443359375
1394,0.02734375,-0.8349609375,0.4013671875
1395,0.013671875,-0.8212890625,0.396484375
1396,0.0283203125,-0.8271484375,0.4013671875
1397,0.0234375,-0.8310546875,0.3935546875
1398,0.0224609375,-0.8291015625,0.390625
1399,0.0302734375,-0.8408203125,0.4072265625
1400,0.01953125,-0.84375,0.41015625
1401,0.01953125,-0.84765625,0.4072265625
1402,0.0078125,-0.8515625,0.41796875
1403,0.0009765625,-0.849609375,0.423828125
1404,-0.001953125,-0.84765625,0.416015625
1405,-0.0029296875,-0.8486328125,0.4130859375
1406,-0.0087890625,-0.84765625,0.412109375
1407,-0.00390625,-0.84375,0.41015625
1408,-0.005859375,-0.84375,0.4013671875
1409,0.0,-0.84375,0.4072265625
1410,-0.00390625,-0.8466796875,0.40625
1411,-0.005859375,-0.84765625,0.4111328125
1412,-0.0078125,-0.849609375,0.4140625
1413,-0.0244140625,-0.8447265625,0.4208984375
1414,-0.01171875,-0.8427734375,0.4130859375
1415,-0.017578125,-0.837890625,0.4052734375
1416,-0.0224609375,-0.8388671875,0.4130859375
1417,-0.0341796875,-0.83984375,0.4033203125
1418,-0.0322265625,-0.841796875,0.41015625
1419,-0.0390625,-0.8388671875,0.4091796875
1420,-0.0400390625,-0.84375,0.4189453125
1421,-0.046875,-0.8447265625,0.416015625
1422,-0.05078125,-0.8330078125,0.41796875
1423,-0.0439453125,-0.8544921875,0.4169921875
1424,-0.046875,-0.84765625,0.4189453125
1425,-0.037109375,-0.8486328125,0.4033203125
1426,-0.0419921875,-0.8447265625,0.3994140625
1427,-0.0419921875,-0.83984375,0.4013671875
1428,-0.0390625,-0.8427734375,0.4013671875
1429,-0.0322265625,-0.837890625,0.396484375
1430,-0.03125,-0.841796875,0.3984375
1431,-0.0283203125,-0.8447265625,0.4033203125
1432,-0.0283203125,-0.84375,0.4033203125
1433,-0.0224609375,-0.849609375,0.4052734375
1434,-0.021484375,-0.8447265625,0.4033203125
1435,-0.0166015625,-0.8505859375,0.40234375
1436,-0.0126953125,-0.8583984375,0.4072265625
1437,-0.0146484375,-0.8564453125,0.4052734375
1438,-0.013671875,-0.8623046875,0.40234375
1439,-0.005859375,-0.8525390625,0.40234375
1440,-0.00390625,-0.8642578125,0.400390625
1441,-0.0087890625,-0.8544921875,0.400390625
1442,-0.0078125,-0.8544921875,0.4052734375
1443,-0.00390625,-0.85546875,0.40234375
1444,-0.00390625,-0.8525390625,0.396484375
1445,-0.00390625,-0.859375,0.390625
1446,-0.0009765625,-0.8583984375,0.3837890625
1447,-0.0068359375,-0.859375,0.3798828125
1448,-0.009765625,-0.861328125,0.3779296875
1449,-0.0146484375,-0.8642578125,0.3759765625
1450,-0.0205078125,-0.865234375,0.3701171875
1451,-0.025390625,-0.8671875,0.3720703125
1452,-0.025390625,-0.865234375,0.3671875
1453,-0.0263671875,-0.8701171875,0.3701171875
1454,-0.0224609375,-0.8681640625,0.369140625
1455,-0.01953125,-0.8671875,0.361328125
1456,-0.0205078125,-0.869140625,0.361328125
1457,-0.0146484375,-0.873046875,0.359375
1458,-0.0078125,-0.8857421875,0.3623046875
1459,0.0,-0.8857421875,0.375
1460,0.0068359375,-0.8828125,0.3779296875
1461,0.005859375,-0.8818359375,0.3720703125
1462,0.0068359375,-0.8818359375,0.37109375
1463,0.0009765625,-0.8779296875,0.3603515625
1464,0.0,-0.8701171875,0.3583984375
1465,-0.0009765625,-0.873046875,0.3544921875
1466,-0.001953125,-0.8720703125,0.34765625
1467,0.0029296875,-0.8759765625,0.3544921875
1468,-0.001953125,-0.8740234375,0.353515625
1469,-0.0009765625,-0.873046875,0.34765625
1470,0.001953125,-0.873046875,0.34765625
1471,0.00390625,-0.873046875,0.337890625
1472,0.0068359375,-0.873046875,0.359375
1473,0.001953125,-0.876953125,0.36328125
1474,0.0048828125,-0.8759765625,0.3701171875
1475,0.0009765625,-0.8876953125,0.359375
1476,-0.001953125,-0.876953125,0.3583984375
1477,-0.0029296875,-0.880859375,0.3642578125
1478,0.0009765625,-0.875,0.365234375
1479,0.0009765625,-0.8759765625,0.380859375
1480,-0.00390625,-0.8779296875,0.3701171875
1481,-0.0048828125,-0.876953125,0.3603515625
1482,-0.0048828125,-0.873046875,0.369140625
1483,-0.0078125,-0.8681640625,0.37109375
1484,-0.013671875,-0.869140625,0.3740234375
1485,-0.009765625,-0.873046875,0.376953125
1486,-0.009765625,-0.8681640625,0.3681640625
1487,-0.013671875,-0.87109375,0.3857421875
1488,-0.015625,-0.875,0.3828125
1489,-0.013671875,-0.873046875,0.3828125
1490,-0.015625,-0.8759765625,0.3837890625
1491,-0.017578125,-0.876953125,0.390625
1492,-0.0107421875,-0.87109375,0.3876953125
1493,-0.005859375,-0.8623046875,0.384765625
1494,-0.0087890625,-0.8720703125,0.38671875
1495,-0.0068359375,-0.87109375,0.3876953125
1496,-0.0029296875,-0.86328125,0.384765625
1497,-0.0048828125,-0.8681640625,0.3818359375
1498,-0.0009765625,-0.8671875,0.37890625
1499,-0.00390625,-0.869140625,0.3828125
1500,-0.0078125,-0.8623046875,0.38671875
1501,-0.0126953125,-0.869140625,0.38671875
1502,-0.005859375,-0.86328125,0.3857421875
1503,-0.0078125,-0.857421875,0.3857421875
1504,-0.0048828125,-0.859375,0.390625
1505,-0.0087890625,-0.8583984375,0.3916015625
1506,-0.0126953125,-0.85546875,0.3857421875
1507,-0.0126953125,-0.8642578125,0.392578125
1508,-0.013671875,-0.8642578125,0.390625
1509,-0.0126953125,-0.86328125,0.3916015625
1510,-0.0126953125,-0.869140625,0.3828125
1511,-0.0146484375,-0.8642578125,0.3779296875
1512,-0.0126953125,-0.8671875,0.3720703125
1513,-0.017578125,-0.8642578125,0.369140625
1514,-0.01171875,-0.8671875,0.3759765625
1515,-0.0126953125,-0.869140625,0.373046875
1516,-0.021484375,-0.87109375,0.376953125
1517,-0.013671875,-0.8662109375,0.3828125
1518,-0.025390625,-0.8740234375,0.3828125
1519,-0.0185546875,-0.8740234375,0.3857421875
1520,-0.0185546875,-0.87109375,0.384765625
1521,-0.0244140625,-0.873046875,0.3896484375
1522,-0.0205078125,-0.87109375,0.390625
1523,-0.01953125,-0.87109375,0.38671875
1524,-0.01953125,-0.8681640625,0.38671875
1525,-0.0185546875,-0.8671875,0.3837890625
1526,-0.0166015625,-0.8642578125,0.3828125
1527,-0.017578125,-0.87109375,0.3759765625
1528,-0.0126953125,-0.8681640625,0.37890625
1529,-0.017578125,-0.8720703125,0.369140625
1530,-0.0166015625,-0.869140625,0.36328125
1531,-0.0146484375,-0.8662109375,0.369140625
1532,-0.015625,-0.8740234375,0.3662109375
1533,-0.009765625,-0.8671875,0.365234375
1534,-0.01171875,-0.8701171875,0.3720703125
1535,-0.01171875,-0.873046875,0.375
1536,-0.015625,-0.8740234375,0.3701171875
1537,-0.009765625,-0.875,0.3701171875
1538,-0.0185546875,-0.876953125,0.3720703125
1539,-0.0126953125,-0.8798828125,0.3671875
1540,-0.013671875,-0.873046875,0.365234375
1541,-0.0166015625,-0.873046875,0.369140625
1542,-0.0126953125,-0.873046875,0.3662109375
1543,-0.0166015625,-0.8662109375,0.3681640625
1544,-0.01953125,-0.869140625,0.359375
1545,-0.021484375,-0.8681640625,0.3603515625
1546,-0.0185546875,-0.869140625,0.361328125
1547,-0.0263671875,-0.87109375,0.3583984375
1548,-0.0224609375,-0.876953125,0.357421875
1549,-0.0263671875,-0.87109375,0.357421875
1550,-0.0263671875,-0.8671875,0.357421875
1551,-0.021484375,-0.8701171875,0.36328125
1552,-0.021484375,-0.8720703125,0.3603515625
1553,-0.0302734375,-0.873046875,0.361328125
1554,-0.0263671875,-0.873046875,0.361328125
1555,-0.01953125,-0.8740234375,0.369140625
1556,-0.0283203125,-0.8779296875,0.369140625
1557,-0.0263671875,-0.876953125,0.3642578125
1558,-0.0263671875,-0.88671875,0.3671875
1559,-0.02734375,-0.8837890625,0.3623046875
1560,-0.01953125,-0.8857421875,0.365234375
1561,-0.0244140625,-0.875,0.359375
1562,-0.025390625,-0.8720703125,0.3603515625
1563,-0.025390625,-0.8720703125,0.3564453125
1564,-0.01953125,-0.875,0.36328125
1565,-0.0166015625,-0.8740234375,0.357421875
1566,-0.0185546875,-0.8759765625,0.3623046875
1567,-0.0126953125,-0.8798828125,0.3583984375
1568,-0.015625,-0.87890625,0.359375
1569,-0.01171875,-0.876953125,0.359375
1570,-0.0166015625,-0.876953125,0.3623046875
1571,-0.0185546875,-0.875,0.365234375
1572,-0.01953125,-0.8759765625,0.3642578125
1573,-0.0146484375,-0.8759765625,0.365234375
1574,-0.017578125,-0.876953125,0.361328125
1575,-0.015625,-0.873046875,0.37890625
1576,-0.015625,-0.876953125,0.37109375
1577,-0.017578125,-0.8759765625,0.3681640625
1578,-0.013671875,-0.8798828125,0.361328125
1579,-0.015625,-0.873046875,0.3603515625
1580,-0.0146484375,-0.873046875,0.3603515625
1581,-0.01171875,-0.8701171875,0.3662109375
1582,-0.01171875,-0.8671875,0.3623046875
1583,-0.0107421875,-0.8720703125,0.3779296875
1584,-0.0126953125,-0.8681640625,0.369140625
1585,-0.0107421875,-0.8701171875,0.3759765625
1586,-0.0166015625,-0.873046875,0.3623046875
1587,-0.015625,-0.873046875,0.3681640625
1588,-0.015625,-0.8798828125,0.361328125
1589,-0.013671875,-0.87890625,0.373046875
1590,-0.017578125,-0.8818359375,0.3623046875
1591,-0.013671875,-0.87890625,0.36328125
1592,-0.013671875,-0.8720703125,0.3603515625
1593,-0.009765625,-0.876953125,0.357421875
1594,-0.013671875,-0.8720703125,0.35546875
1595,-0.0078125,-0.8720703125,0.3583984375
1596,-0.0107421875,-0.8818359375,0.3515625
1597,-0.0107421875,-0.8779296875,0.3671875
1598,-0.0107421875,-0.8798828125,0.36328125
1599,-0.015625,-0.8828125,0.3583984375
1600,-0.0146484375,-0.876953125,0.357421875
1601,-0.0126953125,-0.8828125,0.3564453125
1602,-0.009765625,-0.8798828125,0.3583984375
1603,-0.0087890625,-0.8759765625,0.3564453125
1604,-0.0107421875,-0.8798828125,0.3564453125
1605,-0.013671875,-0.875,0.3583984375
1606,-0.0107421875,-0.876953125,0.3642578125
1607,-0.013671875,-0.8720703125,0.3662109375
1608,-0.013671875,-0.8720703125,0.3583984375
1609,-0.01171875,-0.8681640625,0.365234375
1610,-0.017578125,-0.8740234375,0.3623046875
1611,-0.0166015625,-0.873046875,0.361328125
1612,-0.013671875,-0.8720703125,0.361328125
1613,-0.0166015625,-0.876953125,0.3681640625
1614,-0.017578125,-0.8740234375,0.37109375
1615,-0.0185546875,-0.8798828125,0.3759765625
1616,-0.017578125,-0.8759765625,0.3759765625
1617,-0.015625,-0.8759765625,0.3681640625
1618,-0.0166015625,-0.87109375,0.380859375
1619,-0.0234375,-0.875,0.3798828125
1620,-0.0234375,-0.875,0.3759765625
1621,-0.0224609375,-0.87109375,0.375
1622,-0.017578125,-0.8701171875,0.3798828125
1623,-0.0185546875,-0.8701171875,0.3759765625
1624,-0.0224609375,-0.8740234375,0.37890625
1625,-0.0185546875,-0.8740234375,0.376953125
1626,-0.0205078125,-0.8701171875,0.3798828125
1627,-0.01953125,-0.8681640625,0.3818359375
1628,-0.0185546875,-0.8740234375,0.3798828125
1629,-0.0224609375,-0.8671875,0.3779296875
1630,-0.025390625,-0.87109375,0.3779296875
1631,-0.0234375,-0.8720703125,0.376953125
1632,-0.0205078125,-0.8740234375,0.37890625
1633,-0.025390625,-0.875,0.3759765625
1634,-0.01953125,-0.875,0.3779296875
1635,-0.0205078125,-0.873046875,0.3779296875
1636,-0.0205078125,-0.8642578125,0.365234375
1637,-0.021484375,-0.873046875,0.36328125
1638,-0.01953125,-0.8701171875,0.3642578125
1639,-0.0166015625,-0.8642578125,0.3603515625
1640,-0.015625,-0.8642578125,0.359375
1641,-0.0185546875,-0.869140625,0.3603515625
1642,-0.017578125,-0.8662109375,0.3544921875
1643,-0.009765625,-0.8701171875,0.3603515625
1644,-0.013671875,-0.87109375,0.361328125
1645,-0.0146484375,-0.873046875,0.3544921875
1646,-0.01171875,-0.87109375,0.349609375
1647,-0.0068359375,-0.869140625,0.3505859375
1648,-0.009765625,-0.87109375,0.3515625
1649,-0.0087890625,-0.8759765625,0.359375
1650,-0.0068359375,-0.87890625,0.3603515625
1651,-0.0078125,-0.87890625,0.3564453125
1652,-0.0068359375,-0.8837890625,0.35546875
1653,-0.0107421875,-0.8828125,0.361328125
1654,-0.009765625,-0.8798828125,0.361328125
1655,-0.0107421875,-0.87890625,0.359375
1656,-0.009765625,-0.8740234375,0.3525390625
1657,-0.00390625,-0.87890625,0.3564453125
1658,-0.0126953125,-0.876953125,0.3515625
1659,-0.009765625,-0.875,0.357421875
1660,-0.013671875,-0.8681640625,0.3603515625
1661,-0.0126953125,-0.8740234375,0.3642578125
1662,-0.01171875,-0.875,0.369140625
1663,-0.0166015625,-0.8720703125,0.369140625
1664,-0.0224609375,-0.8701171875,0.3662109375
1665,-0.0185546875,-0.8759765625,0.373046875
1666,-0.01953125,-0.8759765625,0.3779296875
1667,-0.01953125,-0.8740234375,0.3818359375
1668,-0.017578125,-0.8759765625,0.3837890625
1669,-0.021484375,-0.873046875,0.384765625
1670,-0.0205078125,-0.873046875,0.3828125
1671,-0.025390625,-0.8701171875,0.3818359375
1672,-0.0224609375,-0.8681640625,0.38671875
1673,-0.0234375,-0.8681640625,0.380859375
1674,-0.0234375,-0.8681640625,0.3818359375
1675,-0.021484375,-0.869140625,0.380859375
1676,-0.0205078125,-0.865234375,0.384765625
1677,-0.01953125,-0.869140625,0.3876953125
1678,-0.0224609375,-0.8662109375,0.3837890625
1679,-0.025390625,-0.8681640625,0.3837890625
1680,-0.0244140625,-0.8642578125,0.3857421875
1681,-0.0244140625,-0.8681640625,0.3818359375
1682,-0.021484375,-0.8662109375,0.3798828125
1683,-0.0205078125,-0.86328125,0.3779296875
1684,-0.01953125,-0.8671875,0.373046875
1685,-0.0205078125,-0.8701171875,0.3701171875
1686,-0.01953125,-0.8662109375,0.3662109375
1687,-0.021484375,-0.8671875,0.3662109375
1688,-0.0146484375,-0.8662109375,0.361328125
1689,-0.01953125,-0.873046875,0.3583984375
1690,-0.017578125,-0.8740234375,0.3505859375
1691,-0.0126953125,-0.8759765625,0.3515625
1692,-0.0107421875,-0.87890625,0.3564453125
1693,-0.013671875,-0.873046875,0.3564453125
1694,-0.0087890625,-0.875,0.35546875
1695,-0.01171875,-0.875,0.3583984375
1696,-0.01171875,-0.875,0.3544921875
1697,-0.0078125,-0.876953125,0.3603515625
1698,-0.0107421875,-0.87890625,0.3525390625
1699,-0.0078125,-0.876953125,0.3544921875
1700,-0.0087890625,-0.875,0.353515625
1701,-0.0078125,-0.875,0.3515625
1702,-0.0087890625,-0.8740234375,0.3486328125
1703,-0.0146484375,-0.8798828125,0.35546875
1704,-0.009765625,-0.87890625,0.357421875
1705,-0.0107421875,-0.876953125,0.3603515625
1706,-0.015625,-0.875,0.3623046875
1707,-0.009765625,-0.8759765625,0.3671875
1708,-0.0126953125,-0.873046875,0.36328125
1709,-0.017578125,-0.869140625,0.3623046875
1710,-0.013671875,-0.87109375,0.373046875
1711,-0.01953125,-0.8701171875,0.3681640625
1712,-0.017578125,-0.8740234375,0.3779296875
1713,-0.0224609375,-0.875,0.37890625
1714,-0.0205078125,-0.8701171875,0.3828125
1715,-0.0224609375,-0.8720703125,0.384765625
1716,-0.017578125,-0.87109375,0.38671875
1717,-0.0244140625,-0.869140625,0.3876953125
1718,-0.021484375,-0.8681640625,0.384765625
1719,-0.017578125,-0.869140625,0.3896484375
1720,-0.017578125,-0.865234375,0.390625
1721,-0.0234375,-0.8623046875,0.3876953125
1722,-0.021484375,-0.8623046875,0.3876953125
1723,-0.025390625,-0.8642578125,0.390625
1724,-0.017578125,-0.865234375,0.38671875
1725,-0.0224609375,-0.8662109375,0.3935546875
1726,-0.01953125,-0.8671875,0.392578125
1727,-0.0244140625,-0.8642578125,0.388671875
1728,-0.0224609375,-0.86328125,0.390625
1729,-0.0224609375,-0.8662109375,0.388671875
1730,-0.0205078125,-0.865234375,0.384765625
1731,-0.0244140625,-0.8603515625,0.3818359375
1732,-0.021484375,-0.8642578125,0.3779296875
1733,-0.029296875,-0.8662109375,0.376953125
1734,-0.01953125,-0.86328125,0.3759765625
1735,-0.0283203125,-0.8671875,0.369140625
1736,-0.02734375,-0.87109375,0.37109375
1737,-0.0302734375,-0.873046875,0.3662109375
1738,-0.0244140625,-0.8701171875,0.361328125
1739,-0.021484375,-0.8740234375,0.3623046875
1740,-0.021484375,-0.8759765625,0.3671875
1741,-0.01953125,-0.876953125,0.365234375
1742,-0.017578125,-0.876953125,0.365234375
1743,-0.0126953125,-0.8740234375,0.35546875
1744,-0.0166015625,-0.875,0.35546875
1745,-0.017578125,-0.8759765625,0.3564453125
1746,-0.0078125,-0.8720703125,0.3525390625
1747,-0.009765625,-0.873046875,0.3486328125
1748,-0.0107421875,-0.8662109375,0.3525390625
1749,-0.009765625,-0.8701171875,0.3525390625
1750,-0.005859375,-0.869140625,0.36328125
1751,-0.00390625,-0.86328125,0.3623046875
1752,-0.0068359375,-0.873046875,0.357421875
1753,-0.0078125,-0.8798828125,0.36328125
1754,-0.015625,-0.8720703125,0.361328125
1755,-0.0078125,-0.876953125,0.3623046875
1756,-0.0048828125,-0.8759765625,0.365234375
1757,-0.0068359375,-0.873046875,0.365234375
1758,-0.015625,-0.8740234375,0.3662109375
1759,-0.0166015625,-0.8720703125,0.37109375
1760,-0.0166015625,-0.87109375,0.369140625
1761,-0.015625,-0.876953125,0.376953125
1762,-0.017578125,-0.873046875,0.380859375
1763,-0.0185546875,-0.8720703125,0.3818359375
1764,-0.025390625,-0.869140625,0.3798828125
1765,-0.0205078125,-0.87109375,0.3798828125
1766,-0.021484375,-0.873046875,0.380859375
1767,-0.0244140625,-0.8671875,0.3798828125
1768,-0.025390625,-0.8681640625,0.37890625
1769,-0.0283203125,-0.865234375,0.3818359375
1770,-0.0322265625,-0.865234375,0.3798828125
1771,-0.021484375,-0.8671875,0.3828125
1772,-0.025390625,-0.865234375,0.38671875
1773,-0.0244140625,-0.8671875,0.3828125
1774,-0.021484375,-0.8642578125,0.3896484375
1775,-0.0234375,-0.8671875,0.3876953125
1776,-0.0224609375,-0.8681640625,0.388671875
1777,-0.0263671875,-0.8671875,0.3857421875
1778,-0.0263671875,-0.8642578125,0.3828125
1779,-0.0224609375,-0.865234375,0.3828125
1780,-0.025390625,-0.8642578125,0.3837890625
1781,-0.0263671875,-0.8681640625,0.3828125
1782,-0.0244140625,-0.865234375,0.376953125
1783,-0.0244140625,-0.8642578125,0.375
1784,-0.0244140625,-0.8662109375,0.37109375
1785,-0.0283203125,-0.865234375,0.373046875
1786,-0.0244140625,-0.8701171875,0.37109375
1787,-0.0224609375,-0.8671875,0.37109375
1788,-0.0234375,-0.865234375,0.37890625
1789,-0.01953125,-0.8720703125,0.3740234375
1790,-0.025390625,-0.869140625,0.37109375
1791,-0.0244140625,-0.873046875,0.37109375
1792,-0.0185546875,-0.8720703125,0.365234375
1793,-0.0126953125,-0.873046875,0.3671875
1794,-0.0146484375,-0.8740234375,0.3662109375
1795,-0.017578125,-0.87109375,0.361328125
1796,-0.017578125,-0.8740234375,0.373046875
1797,-0.015625,-0.8798828125,0.365234375
1798,-0.0126953125,-0.8720703125,0.3623046875
1799,-0.015625,-0.8720703125,0.36328125
1800,-0.0146484375,-0.8681640625,0.3642578125
1801,-0.0185546875,-0.86328125,0.36328125
1802,-0.0185546875,-0.8701171875,0.3671875
1803,-0.0185546875,-0.869140625,0.3720703125
1804,-0.0185546875,-0.87109375,0.3623046875
1805,-0.015625,-0.8779296875,0.376953125
1806,-0.0185546875,-0.8759765625,0.3701171875
1807,-0.0234375,-0.875,0.375
1808,-0.01953125,-0.873046875,0.3623046875
1809,-0.0224609375,-0.873046875,0.361328125
1810,-0.01953125,-0.87109375,0.3623046875
1811,-0.01953125,-0.865234375,0.3623046875
1812,-0.0234375,-0.8681640625,0.3701171875
1813,-0.0205078125,-0.8701171875,0.37109375
1814,-0.0166015625,-0.8681640625,0.3759765625
1815,-0.0234375,-0.8671875,0.3818359375
1816,-0.021484375,-0.8701171875,0.3837890625
1817,-0.0205078125,-0.8701171875,0.3818359375
1818,-0.0185546875,-0.8681640625,0.3828125
1819,-0.0263671875,-0.869140625,0.3857421875
1820,-0.0234375,-0.8671875,0.3837890625
1821,-0.0166015625,-0.87109375,0.3828125
1822,-0.0205078125,-0.8681640625,0.3779296875
1823,-0.015625,-0.8671875,0.3837890625
1824,-0.021484375,-0.865234375,0.37890625
1825,-0.01953125,-0.8662109375,0.3740234375
1826,-0.021484375,-0.8681640625,0.3720703125
1827,-0.01953125,-0.8671875,0.373046875
1828,-0.017578125,-0.869140625,0.3740234375
1829,-0.0185546875,-0.8701171875,0.373046875
1830,-0.01953125,-0.8671875,0.3681640625
1831,-0.021484375,-0.8720703125,0.3671875
1832,-0.0205078125,-0.8671875,0.369140625
1833,-0.01953125,-0.8720703125,0.3623046875
1834,-0.0185546875,-0.869140625,0.361328125
1835,-0.02734375,-0.8671875,0.357421875
1836,-0.025390625,-0.8720703125,0.3642578125
1837,-0.0205078125,-0.873046875,0.3603515625
1838,-0.021484375,-0.880859375,0.3603515625
1839,-0.0244140625,-0.8779296875,0.353515625
1840,-0.0263671875,-0.8720703125,0.3525390625
1841,-0.02734375,-0.87109375,0.3525390625
1842,-0.0205078125,-0.873046875,0.3544921875
1843,-0.025390625,-0.876953125,0.357421875
1844,-0.0234375,-0.873046875,0.3544921875
1845,-0.013671875,-0.8779296875,0.3505859375
1846,-0.0166015625,-0.8837890625,0.361328125
1847,-0.0205078125,-0.8779296875,0.357421875
1848,-0.0205078125,-0.875,0.3603515625
1849,-0.0185546875,-0.8720703125,0.35546875
1850,-0.015625,-0.8701171875,0.357421875
1851,-0.0166015625,-0.8759765625,0.3544921875
1852,-0.009765625,-0.87109375,0.3525390625
1853,-0.0166015625,-0.875,0.365234375
1854,-0.0166015625,-0.876953125,0.3642578125
1855,-0.017578125,-0.8671875,0.3603515625
1856,-0.0244140625,-0.8701171875,0.365234375
1857,-0.0166015625,-0.876953125,0.361328125
1858,-0.0146484375,-0.87109375,0.3642578125
1859,-0.0185546875,-0.8681640625,0.3671875
1860,-0.01953125,-0.8701171875,0.3720703125
1861,-0.015625,-0.87109375,0.3623046875
1862,-0.0166015625,-0.8720703125,0.376953125
1863,-0.025390625,-0.87109375,0.375
1864,-0.01953125,-0.8720703125,0.376953125
1865,-0.0224609375,-0.87109375,0.380859375
1866,-0.021484375,-0.87109375,0.3779296875
1867,-0.01953125,-0.8701171875,0.37890625
1868,-0.0205078125,-0.8671875,0.376953125
1869,-0.0205078125,-0.87109375,0.380859375
1870,-0.0244140625,-0.869140625,0.3857421875
1871,-0.0263671875,-0.861328125,0.37890625
1872,-0.0224609375,-0.865234375,0.3828125
1873,-0.0224609375,-0.869140625,0.380859375
1874,-0.0205078125,-0.869140625,0.37890625
1875,-0.02734375,-0.8642578125,0.37890625
1876,-0.0234375,-0.8681640625,0.3857421875
1877,-0.0234375,-0.8681640625,0.3837890625
1878,-0.021484375,-0.869140625,0.3759765625
1879,-0.0224609375,-0.869140625,0.3818359375
1880,-0.025390625,-0.869140625,0.3779296875
1881,-0.025390625,-0.8662109375,0.37890625
1882,-0.025390625,-0.86328125,0.3779296875
1883,-0.025390625,-0.87109375,0.3759765625
1884,-0.0205078125,-0.87109375,0.380859375
1885,-0.0263671875,-0.865234375,0.376953125
1886,-0.02734375,-0.8720703125,0.369140625
1887,-0.02734375,-0.8671875,0.3701171875
1888,-0.029296875,-0.8720703125,0.3720703125
1889,-0.029296875,-0.8701171875,0.373046875
1890,-0.025390625,-0.8701171875,0.365234375
1891,-0.0263671875,-0.8720703125,0.359375
1892,-0.025390625,-0.8720703125,0.359375
1893,-0.0224609375,-0.87109375,0.361328125
1894,-0.0263671875,-0.873046875,0.3564453125
1895,-0.0234375,-0.8701171875,0.3603515625
1896,-0.01953125,-0.876953125,0.3544921875
1897,-0.015625,-0.8740234375,0.357421875
1898,-0.0234375,-0.876953125,0.361328125
1899,-0.0185546875,-0.8759765625,0.3603515625
1900,-0.0166015625,-0.875,0.36328125
1901,-0.0185546875,-0.8818359375,0.3642578125
1902,-0.01953125,-0.875,0.3623046875
1903,-0.0146484375,-0.8740234375,0.3671875
1904,-0.0166015625,-0.8740234375,0.3583984375
1905,-0.01953125,-0.8720703125,0.3642578125
1906,-0.015625,-0.8720703125,0.36328125
1907,-0.0166015625,-0.87109375,0.3642578125
1908,-0.017578125,-0.8740234375,0.365234375
1909,-0.0185546875,-0.875,0.361328125
1910,-0.0205078125,-0.87109375,0.3671875
1911,-0.01953125,-0.865234375,0.3681640625
1912,-0.0185546875,-0.869140625,0.3662109375
1913,-0.0185546875,-0.8740234375,0.3720703125
1914,-0.0224609375,-0.8671875,0.3759765625
1915,-0.017578125,-0.869140625,0.37890625
1916,-0.0185546875,-0.873046875,0.3779296875
1917,-0.01953125,-0.869140625,0.37890625
1918,-0.0234375,-0.873046875,0.37890625
1919,-0.0263671875,-0.8671875,0.3828125
1920,-0.025390625,-0.87109375,0.37890625
1921,-0.0234375,-0.869140625,0.376953125
1922,-0.0283203125,-0.8681640625,0.384765625
1923,-0.0224609375,-0.8720703125,0.3837890625
1924,-0.0205078125,-0.8701171875,0.3837890625
1925,-0.0224609375,-0.865234375,0.376953125
1926,-0.0205078125,-0.8681640625,0.380859375
1927,-0.0263671875,-0.8642578125,0.375
1928,-0.0234375,-0.87109375,0.3837890625
1929,-0.0224609375,-0.8623046875,0.3857421875
1930,-0.01953125,-0.859375,0.3818359375
1931,-0.0166015625,-0.8671875,0.3828125
1932,-0.017578125,-0.861328125,0.3837890625
1933,-0.0224609375,-0.8662109375,0.3779296875
1934,-0.0263671875,-0.8662109375,0.37890625
1935,-0.029296875,-0.8671875,0.376953125
1936,-0.01953125,-0.869140625,0.3828125
1937,-0.021484375,-0.87109375,0.3779296875
1938,-0.0185546875,-0.8720703125,0.376953125
1939,-0.025390625,-0.87109375,0.37890625
1940,-0.021484375,-0.869140625,0.375
1941,-0.0234375,-0.8671875,0.3701171875
1942,-0.017578125,-0.8662109375,0.3701171875
1943,-0.0244140625,-0.8701171875,0.3740234375
1944,-0.0166015625,-0.87109375,0.376953125
1945,-0.021484375,-0.876953125,0.3759765625
1946,-0.0234375,-0.8759765625,0.3720703125
1947,-0.0185546875,-0.876953125,0.3759765625
1948,-0.0244140625,-0.8740234375,0.3759765625
1949,-0.0224609375,-0.869140625,0.365234375
1950,-0.0166015625,-0.8701171875,0.361328125
1951,-0.0234375,-0.869140625,0.3623046875
1952,-0.015625,-0.87109375,0.361328125
1953,-0.0234375,-0.8720703125,0.365234375
1954,-0.0185546875,-0.8720703125,0.359375
1955,-0.0205078125,-0.8671875,0.375
1956,-0.017578125,-0.87109375,0.3671875
1957,-0.01953125,-0.869140625,0.3740234375
1958,-0.0146484375,-0.87109375,0.373046875
1959,-0.0205078125,-0.869140625,0.375
1960,-0.0166015625,-0.869140625,0.373046875
1961,-0.0205078125,-0.873046875,0.3701171875
1962,-0.0224609375,-0.8720703125,0.376953125
1963,-0.01953125,-0.8681640625,0.3720703125
1964,-0.01953125,-0.87109375,0.373046875
1965,-0.017578125,-0.8681640625,0.3759765625
1966,-0.01953125,-0.865234375,0.375
1967,-0.0185546875,-0.8642578125,0.37890625
1968,-0.021484375,-0.8681640625,0.376953125
1969,-0.0205078125,-0.8681640625,0.3740234375
1970,-0.01953125,-0.8671875,0.3701171875
1971,-0.0244140625,-0.8701171875,0.3720703125
1972,-0.0224609375,-0.8671875,0.376953125
1973,-0.0263671875,-0.8701171875,0.375
1974,-0.025390625,-0.869140625,0.37109375
1975,-0.0244140625,-0.87109375,0.3779296875
1976,-0.0244140625,-0.8701171875,0.376953125
1977,-0.0263671875,-0.8671875,0.3759765625
1978,-0.025390625,-0.869140625,0.37890625
1979,-0.0263671875,-0.87109375,0.376953125
1980,-0.0224609375,-0.8681640625,0.37890625
1981,-0.02734375,-0.8701171875,0.3759765625
1982,-0.025390625,-0.869140625,0.3720703125
1983,-0.01953125,-0.8701171875,0.3779296875
1984,-0.0224609375,-0.8623046875,0.37109375
1985,-0.017578125,-0.8662109375,0.3701171875
1986,-0.01953125,-0.8681640625,0.3720703125
1987,-0.0244140625,-0.8623046875,0.376953125
1988,-0.0205078125,-0.8671875,0.3740234375
1989,-0.0205078125,-0.86328125,0.376953125
1990,-0.0205078125,-0.8701171875,0.3759765625
1991,-0.0185546875,-0.873046875,0.376953125
1992,-0.0205078125,-0.8720703125,0.3818359375
1993,-0.0263671875,-0.8720703125,0.3759765625
1994,-0.0205078125,-0.869140625,0.3779296875
1995,-0.0244140625,-0.8681640625,0.380859375
1996,-0.01953125,-0.87109375,0.376953125
1997,-0.0244140625,-0.8740234375,0.376953125
1998,-0.0234375,-0.873046875,0.376953125
1999,-0.0224609375,-0.8671875,0.3759765625
2000,-0.01953125,-0.873046875,0.375
2001,-0.021484375,-0.869140625,0.375
2002,-0.0166015625,-0.8662109375,0.3671875
2003,-0.021484375,-0.8681640625,0.380859375
2004,-0.0244140625,-0.87109375,0.3720703125
2005,-0.01953125,-0.8671875,0.3779296875
2006,-0.015625,-0.87109375,0.375
2007,-0.01953125,-0.8701171875,0.37890625
2008,-0.0234375,-0.8642578125,0.380859375
2009,-0.0234375,-0.865234375,0.376953125
2010,-0.021484375,-0.8701171875,0.3779296875
2011,-0.0244140625,-0.8701171875,0.37890625
2012,-0.0224609375,-0.8701171875,0.3720703125
2013,-0.0185546875,-0.87109375,0.376953125
2014,-0.0185546875,-0.869140625,0.37890625
2015,-0.0205078125,-0.87109375,0.373046875
2016,-0.0224609375,-0.87890625,0.373046875
2017,-0.01953125,-0.869140625,0.3779296875
2018,-0.0205078125,-0.8720703125,0.3759765625
2019,-0.017578125,-0.873046875,0.3759765625
2020,-0.017578125,-0.8740234375,0.3740234375
2021,-0.0166015625,-0.8720703125,0.37109375
2022,-0.0185546875,-0.869140625,0.3681640625
2023,-0.0205078125,-0.8720703125,0.37890625
2024,-0.0224609375,-0.865234375,0.376953125
2025,-0.0205078125,-0.869140625,0.3798828125
2026,-0.0234375,-0.865234375,0.3759765625
2027,-0.0263671875,-0.8671875,0.373046875
2028,-0.0263671875,-0.8603515625,0.376953125
2029,-0.021484375,-0.865234375,0.376953125
2030,-0.0224609375,-0.869140625,0.3720703125
2031,-0.0224609375,-0.8701171875,0.3759765625
2032,-0.0244140625,-0.8701171875,0.3759765625
2033,-0.0224609375,-0.8671875,0.3828125
2034,-0.021484375,-0.8681640625,0.3759765625
2035,-0.0244140625,-0.869140625,0.380859375
2036,-0.0244140625,-0.8681640625,0.3818359375
2037,-0.0205078125,-0.87109375,0.3701171875
2038,-0.0185546875,-0.8701171875,0.3701171875
2039,-0.0234375,-0.869140625,0.3740234375
2040,-0.0244140625,-0.8681640625,0.375
2041,-0.01953125,-0.8671875,0.373046875
2042,-0.01953125,-0.87109375,0.37890625
2043,-0.0185546875,-0.87109375,0.3759765625
2044,-0.0205078125,-0.8671875,0.37890625
2045,-0.0234375,-0.87109375,0.3779296875
2046,-0.0146484375,-0.869140625,0.3828125
2047,-0.01953125,-0.87109375,0.3740234375
2048,-0.0205078125,-0.8701171875,0.373046875
2049,-0.021484375,-0.8740234375,0.375
2050,-0.01953125,-0.873046875,0.375
2051,-0.021484375,-0.8701171875,0.3740234375
2052,-0.0205078125,-0.873046875,0.3759765625
2053,-0.0234375,-0.8681640625,0.369140625
2054,-0.021484375,-0.8671875,0.3681640625
2055,-0.0185546875,-0.865234375,0.376953125
2056,-0.021484375,-0.8701171875,0.376953125
2057,-0.0205078125,-0.869140625,0.3876953125
2058,-0.0185546875,-0.8779296875,0.3720703125
2059,-0.0166015625,-0.875,0.375
2060,-0.0224609375,-0.8701171875,0.375
2061,-0.0205078125,-0.8701171875,0.375
2062,-0.017578125,-0.8701171875,0.3828125
2063,-0.015625,-0.8671875,0.3828125
2064,-0.0166015625,-0.8681640625,0.3798828125
2065,-0.0146484375,-0.8720703125,0.3857421875
2066,-0.0234375,-0.8720703125,0.3857421875
2067,-0.0224609375,-0.8720703125,0.369140625
2068,-0.01953125,-0.8662109375,0.369140625
2069,-0.0244140625,-0.869140625,0.3701171875
2070,-0.017578125,-0.8720703125,0.3837890625
2071,-0.0205078125,-0.8681640625,0.369140625
2072,-0.021484375,-0.8740234375,0.3623046875
2073,-0.0224609375,-0.8740234375,0.3779296875
2074,-0.01171875,-0.87109375,0.369140625
2075,-0.0224609375,-0.8720703125,0.3798828125
2076,-0.0185546875,-0.8759765625,0.37109375
2077,-0.0205078125,-0.8740234375,0.384765625
2078,-0.02734375,-0.873046875,0.3701171875
2079,-0.017578125,-0.8662109375,0.3681640625
2080,-0.0166015625,-0.875,0.373046875
2081,-0.021484375,-0.869140625,0.3828125
2082,-0.017578125,-0.8720703125,0.376953125
2083,-0.03125,-0.8642578125,0.3525390625
2084,-0.0263671875,-0.8701171875,0.359375
2085,-0.017578125,-0.8662109375,0.3779296875
2086,-0.0224609375,-0.8720703125,0.3720703125
2087,-0.0263671875,-0.8720703125,0.3720703125
2088,-0.0283203125,-0.8681640625,0.384765625
2089,-0.0224609375,-0.8740234375,0.375
2090,-0.01953125,-0.8759765625,0.3779296875
2091,-0.0263671875,-0.873046875,0.3818359375
2092,-0.025390625,-0.875,0.376953125
2093,-0.0205078125,-0.873046875,0.3583984375
2094,-0.029296875,-0.8759765625,0.373046875
2095,-0.0244140625,-0.8642578125,0.3662109375
2096,-0.0205078125,-0.8681640625,0.3681640625
2097,-0.015625,-0.87109375,0.3662109375
2098,-0.025390625,-0.8720703125,0.380859375
2099,-0.0234375,-0.87109375,0.37109375
2100,-0.0224609375,-0.8701171875,0.3798828125
2101,-0.0263671875,-0.8642578125,0.3623046875
2102,-0.025390625,-0.87109375,0.3720703125
2103,-0.0205078125,-0.8701171875,0.3837890625
2104,-0.0224609375,-0.8681640625,0.375
2105,-0.0146484375,-0.87109375,0.3828125
2106,-0.0166015625,-0.8671875,0.380859375
2107,-0.013671875,-0.8671875,0.3857421875
2108,-0.0166015625,-0.869140625,0.3818359375
2109,-0.0263671875,-0.8662109375,0.361328125
2110,-0.0146484375,-0.8740234375,0.36328125
2111,-0.0126953125,-0.869140625,0.3681640625
2112,-0.017578125,-0.87109375,0.3740234375
2113,-0.0146484375,-0.873046875,0.376953125
2114,-0.01953125,-0.8779296875,0.3720703125
2115,-0.0185546875,-0.87109375,0.3681640625
2116,-0.02734375,-0.873046875,0.373046875
2117,-0.0185546875,-0.87109375,0.37890625
2118,-0.0302734375,-0.8681640625,0.3681640625
2119,-0.015625,-0.869140625,0.36328125
2120,-0.0205078125,-0.873046875,0.3740234375
2121,-0.0205078125,-0.8671875,0.37109375
2122,-0.013671875,-0.87109375,0.365234375
2123,-0.025390625,-0.8740234375,0.373046875
2124,-0.0166015625,-0.869140625,0.375
2125,-0.0224609375,-0.8701171875,0.373046875
2126,-0.0234375,-0.869140625,0.369140625
2127,-0.015625,-0.8671875,0.3740234375
2128,-0.0166015625,-0.873046875,0.3779296875
2129,-0.0166015625,-0.8701171875,0.373046875
2130,-0.0244140625,-0.8681640625,0.380859375
2131,-0.0185546875,-0.8671875,0.369140625
2132,-0.0322265625,-0.86328125,0.3564453125
2133,-0.0205078125,-0.869140625,0.3642578125
2134,-0.021484375,-0.8720703125,0.3759765625
2135,-0.0224609375,-0.8671875,0.376953125
2136,-0.0185546875,-0.869140625,0.376953125
2137,-0.021484375,-0.873046875,0.3740234375
2138,-0.0244140625,-0.8720703125,0.376953125
2139,-0.0224609375,-0.87109375,0.380859375
2140,-0.0224609375,-0.8701171875,0.3828125
2141,-0.01953125,-0.8671875,0.376953125
2142,-0.021484375,-0.869140625,0.3681640625
2143,-0.025390625,-0.869140625,0.369140625
2144,-0.0244140625,-0.87109375,0.37890625
2145,-0.0244140625,-0.8671875,0.3720703125
2146,-0.021484375,-0.869140625,0.361328125
2147,-0.0234375,-0.8720703125,0.365234375
2148,-0.02734375,-0.8720703125,0.37890625
2149,-0.025390625,-0.8720703125,0.359375
2150,-0.0234375,-0.8671875,0.3681640625
2151,-0.0234375,-0.8662109375,0.3828125
2152,-0.015625,-0.8701171875,0.3779296875
2153,-0.015625,-0.869140625,0.3798828125
2154,-0.0185546875,-0.8701171875,0.380859375
2155,-0.01953125,-0.865234375,0.380859375
2156,-0.017578125,-0.8701171875,0.373046875
2157,-0.01953125,-0.869140625,0.376953125
2158,-0.0224609375,-0.8701171875,0.3671875
2159,-0.0234375,-0.87109375,0.3701171875
2160,-0.0283203125,-0.873046875,0.376953125
2161,-0.0205078125,-0.869140625,0.37890625
2162,-0.0185546875,-0.8681640625,0.375
2163,-0.01953125,-0.873046875,0.373046875
2164,-0.021484375,-0.8681640625,0.3759765625
2165,-0.0205078125,-0.8740234375,0.3720703125
2166,-0.01953125,-0.8701171875,0.3759765625
2167,-0.025390625,-0.8701171875,0.3818359375
2168,-0.0234375,-0.8701171875,0.3798828125
2169,-0.0224609375,-0.8701171875,0.3759765625
2170,-0.0166015625,-0.8701171875,0.376953125
2171,-0.01953125,-0.8701171875,0.3798828125
2172,-0.025390625,-0.869140625,0.376953125
2173,-0.0234375,-0.8681640625,0.376953125
2174,-0.01953125,-0.8701171875,0.373046875
2175,-0.02734375,-0.8720703125,0.35546875
2176,-0.021484375,-0.87109375,0.365234375
2177,-0.025390625,-0.8671875,0.3779296875
2178,-0.0205078125,-0.8701171875,0.373046875
2179,-0.0205078125,-0.8701171875,0.373046875
2180,-0.021484375,-0.8720703125,0.3720703125
2181,-0.01953125,-0.87109375,0.3759765625
2182,-0.0185546875,-0.8720703125,0.375
2183,-0.021484375,-0.875,0.380859375
2184,-0.0166015625,-0.8759765625,0.3720703125
2185,-0.0166015625,-0.873046875,0.373046875
2186,-0.021484375,-0.8701171875,0.37890625
2187,-0.0166015625,-0.8671875,0.3779296875
2188,-0.0087890625,-0.8720703125,0.3798828125
2189,-0.01953125,-0.865234375,0.380859375
2190,-0.0224609375,-0.8681640625,0.3759765625
2191,-0.017578125,-0.8671875,0.3720703125
2192,-0.01953125,-0.865234375,0.37109375
2193,-0.0234375,-0.8681640625,0.3759765625
2194,-0.0205078125,-0.875,0.37890625
2195,-0.0263671875,-0.876953125,0.3759765625
2196,-0.0224609375,-0.8720703125,0.3740234375
2197,-0.0234375,-0.87109375,0.3740234375
2198,-0.021484375,-0.8720703125,0.3759765625
2199,-0.0263671875,-0.869140625,0.3759765625
2200,-0.021484375,-0.869140625,0.375
2201,-0.0244140625,-0.8662109375,0.3779296875
2202,-0.0234375,-0.8642578125,0.3779296875
2203,-0.017578125,-0.8671875,0.376953125
2204,-0.0185546875,-0.8681640625,0.3759765625
2205,-0.01953125,-0.8701171875,0.3828125
2206,-0.0166015625,-0.865234375,0.373046875
2207,-0.0205078125,-0.8701171875,0.3740234375
2208,-0.025390625,-0.8701171875,0.3720703125
2209,-0.01953125,-0.87109375,0.376953125
2210,-0.015625,-0.87109375,0.3681640625
2211,-0.017578125,-0.8681640625,0.3818359375
2212,-0.021484375,-0.87109375,0.3759765625
2213,-0.0205078125,-0.8701171875,0.373046875
2214,-0.0205078125,-0.8720703125,0.3779296875
2215,-0.0234375,-0.8681640625,0.376953125
2216,-0.0234375,-0.8681640625,0.3701171875
2217,-0.01953125,-0.869140625,0.3759765625
2218,-0.0166015625,-0.8740234375,0.3798828125
2219,-0.0224609375,-0.8740234375,0.3798828125
2220,-0.0234375,-0.8701171875,0.3798828125
2221,-0.025390625,-0.869140625,0.37890625
2222,-0.0205078125,-0.8701171875,0.3798828125
2223,-0.01953125,-0.87109375,0.37890625
2224,-0.0205078125,-0.869140625,0.3759765625
2225,-0.0224609375,-0.8681640625,0.3828125
2226,-0.0166015625,-0.8681640625,0.373046875
2227,-0.021484375,-0.87109375,0.3681640625
2228,-0.0224609375,-0.8681640625,0.3681640625
2229,-0.0185546875,-0.873046875,0.3779296875
2230,-0.017578125,-0.8681640625,0.373046875
2231,-0.015625,-0.87109375,0.376953125
2232,-0.015625,-0.87109375,0.376953125
2233,-0.017578125,-0.8671875,0.3759765625
2234,-0.021484375,-0.8681640625,0.3740234375
2235,-0.0205078125,-0.87109375,0.3818359375
2236,-0.0244140625,-0.87109375,0.3779296875
2237,-0.0234375,-0.87109375,0.3779296875
2238,-0.021484375,-0.8720703125,0.3759765625
2239,-0.0234375,-0.873046875,0.375
2240,-0.0234375,-0.8701171875,0.3779296875
2241,-0.0185546875,-0.869140625,0.373046875
2242,-0.0166015625,-0.873046875,0.37109375
2243,-0.021484375,-0.8681640625,0.3779296875
2244,-0.02734375,-0.8681640625,0.376953125
2245,-0.029296875,-0.8671875,0.376953125
2246,-0.0234375,-0.8701171875,0.380859375
2247,-0.0322265625,-0.8701171875,0.3798828125
2248,-0.02734375,-0.8701171875,0.3798828125
2249,-0.0244140625,-0.8720703125,0.375
2250,-0.025390625,-0.869140625,0.3662109375
2251,-0.025390625,-0.8740234375,0.3642578125
2252,-0.02734375,-0.87109375,0.36328125
2253,-0.021484375,-0.8740234375,0.365234375
2254,-0.013671875,-0.8720703125,0.3701171875
2255,-0.0205078125,-0.8701171875,0.37109375
2256,-0.0244140625,-0.869140625,0.3623046875
2257,-0.021484375,-0.8662109375,0.3720703125
2258,-0.021484375,-0.8720703125,0.3740234375
2259,-0.021484375,-0.8681640625,0.3798828125
2260,-0.017578125,-0.87109375,0.3798828125
2261,-0.021484375,-0.8662109375,0.37890625
2262,-0.0244140625,-0.865234375,0.3837890625
2263,-0.0185546875,-0.869140625,0.3798828125
2264,-0.01953125,-0.8642578125,0.376953125
2265,-0.0205078125,-0.873046875,0.380859375
2266,-0.017578125,-0.8720703125,0.373046875
2267,-0.0166015625,-0.8681640625,0.37109375
2268,-0.0166015625,-0.8662109375,0.3720703125
2269,-0.015625,-0.87109375,0.3681640625
2270,-0.017578125,-0.865234375,0.3671875
2271,-0.0205078125,-0.8740234375,0.3720703125
2272,-0.017578125,-0.873046875,0.375
2273,-0.0166015625,-0.8720703125,0.3681640625
2274,-0.0185546875,-0.8720703125,0.373046875
2275,-0.0234375,-0.8662109375,0.3701171875
2276,-0.0234375,-0.87109375,0.3662109375
2277,-0.021484375,-0.876953125,0.369140625
2278,-0.0224609375,-0.8720703125,0.3681640625
2279,-0.0185546875,-0.8623046875,0.361328125
2280,-0.0205078125,-0.8681640625,0.369140625
2281,-0.0234375,-0.876953125,0.3681640625
2282,-0.025390625,-0.875,0.3759765625
2283,-0.029296875,-0.8740234375,0.365234375
2284,-0.021484375,-0.8701171875,0.365234375
2285,-0.017578125,-0.869140625,0.3583984375
2286,-0.021484375,-0.8720703125,0.357421875
2287,-0.0224609375,-0.869140625,0.3515625
2288,-0.0166015625,-0.873046875,0.3701171875
2289,-0.01953125,-0.8759765625,0.3720703125
2290,-0.017578125,-0.873046875,0.375
2291,-0.017578125,-0.8701171875,0.3681640625
2292,-0.0224609375,-0.87109375,0.3740234375
2293,-0.0234375,-0.8701171875,0.3818359375
2294,-0.0234375,-0.873046875,0.3759765625
2295,-0.0283203125,-0.87109375,0.373046875
2296,-0.0205078125,-0.8681640625,0.3759765625
2297,-0.0224609375,-0.8701171875,0.3759765625
2298,-0.01953125,-0.869140625,0.380859375
2299,-0.0205078125,-0.873046875,0.3720703125
2300,-0.01953125,-0.8623046875,0.3779296875
2301,-0.0244140625,-0.8720703125,0.380859375
2302,-0.0234375,-0.8671875,0.376953125
2303,-0.02734375,-0.865234375,0.3740234375
2304,-0.0234375,-0.8671875,0.376953125
2305,-0.0185546875,-0.8681640625,0.3798828125
2306,-0.01953125,-0.869140625,0.3701171875
2307,-0.0205078125,-0.8759765625,0.376953125
2308,-0.0224609375,-0.869140625,0.3798828125
2309,-0.0224609375,-0.8701171875,0.3837890625
2310,-0.0185546875,-0.869140625,0.37890625
2311,-0.0263671875,-0.8701171875,0.3759765625
2312,-0.02734375,-0.8681640625,0.3759765625
2313,-0.01953125,-0.87109375,0.3798828125
2314,-0.0234375,-0.869140625,0.37890625
2315,-0.0185546875,-0.8701171875,0.376953125
2316,-0.0224609375,-0.86328125,0.37109375
2317,-0.0146484375,-0.8681640625,0.3759765625
2318,-0.02734375,-0.87109375,0.3759765625
2319,-0.017578125,-0.8720703125,0.3701171875
2320,-0.0224609375,-0.8701171875,0.3720703125
2321,-0.0224609375,-0.8720703125,0.3720703125
2322,-0.021484375,-0.8740234375,0.3798828125
2323,-0.0224609375,-0.8720703125,0.376953125
2324,-0.0234375,-0.8662109375,0.3671875
2325,-0.025390625,-0.87109375,0.376953125
2326,-0.0185546875,-0.8701171875,0.3701171875
2327,-0.0224609375,-0.8681640625,0.369140625
2328,-0.021484375,-0.87109375,0.369140625
2329,-0.0263671875,-0.869140625,0.375
2330,-0.01953125,-0.8720703125,0.376953125
2331,-0.0224609375,-0.8642578125,0.37109375
2332,-0.0185546875,-0.8701171875,0.3701171875
2333,-0.01953125,-0.87109375,0.373046875
2334,-0.0166015625,-0.869140625,0.3759765625
2335,-0.025390625,-0.8701171875,0.37109375
2336,-0.0234375,-0.8720703125,0.36328125
2337,-0.025390625,-0.8720703125,0.3701171875
2338,-0.0234375,-0.8720703125,0.3662109375
2339,-0.017578125,-0.873046875,0.369140625
2340,-0.017578125,-0.8701171875,0.3759765625
2341,-0.01953125,-0.869140625,0.3720703125
2342,-0.0185546875,-0.869140625,0.3701171875
2343,-0.021484375,-0.8662109375,0.375
2344,-0.0185546875,-0.869140625,0.3779296875
2345,-0.025390625,-0.8662109375,0.3720703125
2346,-0.01953125,-0.87109375,0.37109375
2347,-0.0263671875,-0.8671875,0.3720703125
2348,-0.021484375,-0.8681640625,0.3681640625
2349,-0.01953125,-0.8671875,0.373046875
2350,-0.0205078125,-0.8701171875,0.3671875
2351,-0.0234375,-0.87109375,0.376953125
2352,-0.0234375,-0.8701171875,0.365234375
2353,-0.021484375,-0.873046875,0.376953125
2354,-0.0205078125,-0.869140625,0.376953125
2355,-0.0166015625,-0.869140625,0.375
2356,-0.017578125,-0.8701171875,0.376953125
2357,-0.015625,-0.8740234375,0.3759765625
2358,-0.0185546875,-0.8662109375,0.3720703125
2359,-0.0224609375,-0.8671875,0.3759765625
2360,-0.0224609375,-0.8681640625,0.3671875
2361,-0.0166015625,-0.8701171875,0.3759765625
2362,-0.0205078125,-0.8681640625,0.365234375
2363,-0.0224609375,-0.87109375,0.3779296875
2364,-0.0234375,-0.8701171875,0.373046875
2365,-0.021484375,-0.8720703125,0.375
2366,-0.02734375,-0.8720703125,0.3798828125
2367,-0.0205078125,-0.875,0.3759765625
2368,-0.01953125,-0.87109375,0.37890625
2369,-0.01953125,-0.8740234375,0.373046875
2370,-0.025390625,-0.875,0.376953125
2371,-0.0224609375,-0.8701171875,0.376953125
2372,-0.0224609375,-0.8681640625,0.3759765625
2373,-0.0234375,-0.8662109375,0.3759765625
2374,-0.0185546875,-0.8740234375,0.3798828125
2375,-0.01953125,-0.8701171875,0.3759765625
2376,-0.0234375,-0.8662109375,0.37890625
2377,-0.021484375,-0.8720703125,0.3720703125
2378,-0.021484375,-0.865234375,0.3740234375
2379,-0.0224609375,-0.8681640625,0.376953125
2380,-0.0244140625,-0.869140625,0.373046875
2381,-0.017578125,-0.87109375,0.376953125
2382,-0.01953125,-0.8662109375,0.376953125
2383,-0.0234375,-0.8671875,0.3720703125
2384,-0.0224609375,-0.87109375,0.3671875
2385,-0.0224609375,-0.880859375,0.3740234375
2386,-0.021484375,-0.8662109375,0.3740234375
2387,-0.0185546875,-0.8642578125,0.3779296875
2388,-0.017578125,-0.8701171875,0.3798828125
2389,-0.025390625,-0.87109375,0.3818359375
2390,-0.0205078125,-0.873046875,0.37109375
2391,-0.01953125,-0.8720703125,0.3671875
2392,-0.0224609375,-0.8701171875,0.3681640625
2393,-0.021484375,-0.873046875,0.361328125
2394,-0.0234375,-0.8720703125,0.369140625
2395,-0.0166015625,-0.8701171875,0.36328125
2396,-0.0185546875,-0.87109375,0.3701171875
2397,-0.0205078125,-0.869140625,0.3720703125
2398,-0.017578125,-0.87109375,0.373046875
