,accelerometerAccelerationX(G),accelerometerAccelerationY(G),accelerometerAccelerationZ(G)
0,0.0546875,-0.9970703125,-0.1005859375
1,0.0537109375,-1.005859375,-0.1044921875
2,0.0478515625,-0.998046875,-0.1015625
3,0.052734375,-1.0029296875,-0.1044921875
4,0.052734375,-0.9951171875,-0.1005859375
5,0.0517578125,-0.9970703125,-0.0947265625
6,0.0546875,-0.998046875,-0.0966796875
7,0.0478515625,-0.9951171875,-0.0966796875
8,0.0498046875,-0.9970703125,-0.0986328125
9,0.0458984375,-0.9970703125,-0.1025390625
10,0.0517578125,-0.99609375,-0.103515625
11,0.0478515625,-1.0,-0.10546875
12,0.0537109375,-1.005859375,-0.103515625
13,0.0458984375,-1.0009765625,-0.1044921875
14,0.046875,-1.001953125,-0.0986328125
15,0.0498046875,-1.0009765625,-0.1025390625
16,0.0498046875,-1.0,-0.1025390625
17,0.048828125,-1.0009765625,-0.1025390625
18,0.0498046875,-0.99609375,-0.0986328125
19,0.0478515625,-0.9931640625,-0.1025390625
20,0.05859375,-1.0,-0.103515625
21,0.05859375,-0.9921875,-0.1005859375
22,0.0595703125,-1.0,-0.1005859375
23,0.0634765625,-0.9912109375,-0.1005859375
24,0.072265625,-0.99609375,-0.103515625
25,0.078125,-0.9970703125,-0.1005859375
26,0.0771484375,-1.0029296875,-0.1015625
27,0.078125,-1.00390625,-0.0927734375
28,0.0830078125,-1.0126953125,-0.0927734375
29,0.08203125,-1.015625,-0.0888671875
30,0.076171875,-1.01953125,-0.0888671875
31,0.0712890625,-1.015625,-0.0869140625
32,0.064453125,-1.0087890625,-0.08984375
33,0.05859375,-1.0087890625,-0.08203125
34,0.0546875,-0.9990234375,-0.0751953125
35,0.0498046875,-0.9990234375,-0.080078125
36,0.0419921875,-0.998046875,-0.0849609375
37,0.0400390625,-0.990234375,-0.0849609375
38,0.037109375,-0.986328125,-0.083984375
39,0.0390625,-0.98828125,-0.087890625
40,0.0400390625,-0.994140625,-0.080078125
41,0.0419921875,-0.9912109375,-0.0791015625
42,0.044921875,-0.9970703125,-0.0830078125
43,0.0478515625,-0.9990234375,-0.078125
44,0.052734375,-1.0,-0.0810546875
45,0.0576171875,-1.0,-0.0791015625
46,0.064453125,-1.0078125,-0.078125
47,0.0576171875,-1.009765625,-0.0810546875
48,0.0751953125,-1.0146484375,-0.0830078125
49,0.0771484375,-1.017578125,-0.080078125
50,0.0732421875,-1.021484375,-0.080078125
51,0.0751953125,-1.0185546875,-0.08203125
52,0.076171875,-1.0126953125,-0.08203125
53,0.076171875,-1.0126953125,-0.0810546875
54,0.072265625,-1.0068359375,-0.0869140625
55,0.0673828125,-1.0087890625,-0.0830078125
56,0.064453125,-1.009765625,-0.0869140625
57,0.056640625,-1.001953125,-0.091796875
58,0.052734375,-1.001953125,-0.0859375
59,0.048828125,-1.0,-0.078125
60,0.041015625,-1.0,-0.0771484375
61,0.0390625,-1.0048828125,-0.0751953125
62,0.0390625,-1.005859375,-0.0693359375
63,0.0439453125,-1.0009765625,-0.0654296875
64,0.0390625,-1.0,-0.0556640625
65,0.0419921875,-0.9951171875,-0.0576171875
66,0.046875,-0.9892578125,-0.0546875
67,0.05078125,-0.986328125,-0.0576171875
68,0.0546875,-0.982421875,-0.056640625
69,0.0517578125,-0.9794921875,-0.05859375
70,0.0576171875,-0.984375,-0.0556640625
71,0.0625,-0.9912109375,-0.0625
72,0.064453125,-0.98828125,-0.0634765625
73,0.0693359375,-0.994140625,-0.06640625
74,0.068359375,-0.9951171875,-0.0673828125
75,0.0634765625,-0.9990234375,-0.072265625
76,0.0732421875,-0.9951171875,-0.07421875
77,0.0693359375,-0.9990234375,-0.072265625
78,0.0771484375,-0.9912109375,-0.072265625
79,0.064453125,-0.9912109375,-0.07421875
80,0.068359375,-0.994140625,-0.07421875
81,0.0712890625,-0.9921875,-0.0732421875
82,0.0732421875,-0.9873046875,-0.0830078125
83,0.0751953125,-0.9951171875,-0.08203125
84,0.0712890625,-0.9921875,-0.0888671875
85,0.068359375,-0.998046875,-0.0947265625
86,0.0625,-0.99609375,-0.095703125
87,0.064453125,-1.0,-0.095703125
88,0.064453125,-0.9970703125,-0.1005859375
89,0.068359375,-0.998046875,-0.10546875
90,0.05859375,-0.9912109375,-0.115234375
91,0.0576171875,-0.9970703125,-0.1064453125
92,0.0595703125,-1.0,-0.111328125
93,0.05859375,-0.9931640625,-0.111328125
94,0.0546875,-0.9990234375,-0.1044921875
95,0.0537109375,-1.0029296875,-0.1064453125
96,0.056640625,-1.0,-0.1083984375
97,0.052734375,-0.9990234375,-0.103515625
98,0.05078125,-0.9990234375,-0.109375
99,0.0517578125,-1.0009765625,-0.1142578125
100,0.0498046875,-1.0009765625,-0.1171875
101,0.03515625,-0.9990234375,-0.1162109375
102,0.04296875,-0.99609375,-0.11328125
103,0.0380859375,-1.0029296875,-0.115234375
104,0.0380859375,-1.005859375,-0.10546875
105,0.033203125,-0.9970703125,-0.11328125
106,0.0244140625,-0.9951171875,-0.1083984375
107,0.02734375,-0.9912109375,-0.111328125
108,0.015625,-0.9921875,-0.123046875
109,0.0029296875,-0.9814453125,-0.123046875
110,-0.005859375,-0.970703125,-0.1181640625
111,-0.0126953125,-0.966796875,-0.125
112,-0.0283203125,-0.9521484375,-0.1318359375
113,-0.0419921875,-0.943359375,-0.1328125
114,-0.052734375,-0.9375,-0.1357421875
115,-0.068359375,-0.9306640625,-0.13671875
116,-0.0732421875,-0.931640625,-0.134765625
117,-0.0703125,-0.931640625,-0.1298828125
118,-0.0732421875,-0.9365234375,-0.12890625
119,-0.0791015625,-0.958984375,-0.1181640625
120,-0.076171875,-0.9736328125,-0.11328125
121,-0.06640625,-0.990234375,-0.1005859375
122,-0.0634765625,-1.0087890625,-0.1015625
123,-0.064453125,-1.0224609375,-0.0908203125
124,-0.046875,-1.0439453125,-0.0859375
125,-0.0478515625,-1.046875,-0.0869140625
126,-0.0546875,-1.0478515625,-0.09765625
127,-0.0595703125,-1.052734375,-0.0927734375
128,-0.0478515625,-1.05078125,-0.091796875
129,-0.0595703125,-1.060546875,-0.0830078125
130,-0.0634765625,-1.064453125,-0.0859375
131,-0.064453125,-1.0595703125,-0.072265625
132,-0.0576171875,-1.0654296875,-0.064453125
133,-0.05078125,-1.060546875,-0.0615234375
134,-0.0556640625,-1.0537109375,-0.0498046875
135,-0.0390625,-1.05078125,-0.0419921875
136,-0.03125,-1.0478515625,-0.02734375
137,-0.029296875,-1.0283203125,-0.033203125
138,-0.0234375,-1.01953125,-0.0283203125
139,-0.01953125,-1.01953125,-0.0224609375
140,-0.0029296875,-1.0126953125,-0.021484375
141,0.0029296875,-1.0068359375,-0.0107421875
142,0.009765625,-1.0205078125,-0.0009765625
143,0.013671875,-1.0126953125,-0.0048828125
144,0.005859375,-1.0009765625,-0.001953125
145,0.015625,-1.0029296875,-0.0029296875
146,0.0029296875,-0.9990234375,-0.013671875
147,-0.01171875,-0.9951171875,-0.0107421875
148,-0.0263671875,-0.994140625,-0.0146484375
149,-0.0390625,-0.98828125,-0.0185546875
150,-0.0517578125,-0.982421875,-0.0341796875
151,-0.06640625,-0.9833984375,-0.0390625
152,-0.07421875,-0.986328125,-0.0439453125
153,-0.087890625,-0.982421875,-0.0478515625
154,-0.0849609375,-0.9853515625,-0.0498046875
155,-0.1005859375,-0.982421875,-0.0478515625
156,-0.1044921875,-0.9912109375,-0.0478515625
157,-0.1005859375,-0.9912109375,-0.0478515625
158,-0.1142578125,-0.9853515625,-0.0458984375
159,-0.1025390625,-0.9931640625,-0.0478515625
160,-0.09375,-0.9833984375,-0.0478515625
161,-0.08984375,-0.9892578125,-0.037109375
162,-0.087890625,-0.9990234375,-0.0302734375
163,-0.083984375,-0.9931640625,-0.0263671875
164,-0.0830078125,-0.9912109375,-0.02734375
165,-0.0830078125,-0.984375,-0.0263671875
166,-0.0859375,-0.986328125,-0.01953125
167,-0.0869140625,-0.9921875,-0.0146484375
168,-0.08984375,-0.9951171875,-0.0146484375
169,-0.0869140625,-0.99609375,-0.0234375
170,-0.0908203125,-1.0009765625,-0.0126953125
171,-0.083984375,-0.9990234375,-0.0205078125
172,-0.0830078125,-0.9990234375,-0.0234375
173,-0.0830078125,-0.9921875,-0.0283203125
174,-0.0791015625,-0.98828125,-0.0283203125
175,-0.080078125,-0.9892578125,-0.025390625
176,-0.0712890625,-0.984375,-0.03125
177,-0.078125,-0.9775390625,-0.0185546875
178,-0.072265625,-0.9775390625,-0.0205078125
179,-0.076171875,-0.970703125,-0.0166015625
180,-0.0751953125,-0.9716796875,-0.017578125
181,-0.0771484375,-0.970703125,-0.0146484375
182,-0.0771484375,-0.9658203125,-0.01953125
183,-0.076171875,-0.962890625,-0.0126953125
184,-0.06640625,-0.970703125,-0.0107421875
185,-0.0634765625,-0.96875,-0.0126953125
186,-0.06640625,-0.9677734375,-0.01171875
187,-0.0673828125,-0.97265625,-0.0068359375
188,-0.0703125,-0.978515625,0.00390625
189,-0.06640625,-0.97265625,0.0009765625
190,-0.06640625,-0.9794921875,0.0126953125
191,-0.06640625,-0.982421875,0.0126953125
192,-0.06640625,-0.98046875,0.017578125
193,-0.072265625,-0.9716796875,0.013671875
194,-0.0634765625,-0.970703125,0.015625
195,-0.072265625,-0.9619140625,0.0087890625
196,-0.0703125,-0.9482421875,0.00390625
197,-0.072265625,-0.9482421875,0.0029296875
198,-0.0712890625,-0.951171875,-0.00390625
199,-0.076171875,-0.9443359375,-0.001953125
200,-0.080078125,-0.953125,-0.0029296875
201,-0.0849609375,-0.955078125,-0.00390625
202,-0.0830078125,-0.96875,-0.01171875
203,-0.0791015625,-0.9794921875,-0.01171875
204,-0.078125,-1.0,-0.005859375
205,-0.0732421875,-1.015625,-0.01171875
206,-0.0703125,-1.0380859375,-0.009765625
207,-0.0703125,-1.0400390625,-0.009765625
208,-0.0673828125,-1.048828125,-0.009765625
209,-0.0693359375,-1.052734375,-0.0068359375
210,-0.068359375,-1.044921875,-0.0126953125
211,-0.068359375,-1.05078125,-0.0078125
212,-0.0703125,-1.0439453125,-0.0146484375
213,-0.0634765625,-1.0380859375,-0.0087890625
214,-0.07421875,-1.02734375,-0.0126953125
215,-0.0830078125,-1.0341796875,-0.00390625
216,-0.0869140625,-1.0419921875,-0.0078125
217,-0.0927734375,-1.0390625,-0.0029296875
218,-0.09765625,-1.0400390625,-0.01171875
219,-0.1025390625,-1.0400390625,-0.009765625
220,-0.1083984375,-1.0390625,-0.0068359375
221,-0.1103515625,-1.03125,-0.0048828125
222,-0.1220703125,-1.0302734375,-0.0048828125
223,-0.123046875,-1.0302734375,-0.001953125
224,-0.1279296875,-1.03125,-0.0029296875
225,-0.1396484375,-1.0400390625,0.0
226,-0.1416015625,-1.041015625,-0.0078125
227,-0.1474609375,-1.0537109375,-0.0146484375
228,-0.1533203125,-1.0615234375,-0.0068359375
229,-0.1455078125,-1.068359375,-0.00390625
230,-0.1455078125,-1.0830078125,-0.0078125
231,-0.1435546875,-1.09375,0.0009765625
232,-0.1337890625,-1.095703125,0.0029296875
233,-0.1298828125,-1.1044921875,0.005859375
234,-0.12890625,-1.109375,0.001953125
235,-0.1171875,-1.1123046875,-0.0068359375
236,-0.115234375,-1.1123046875,-0.0166015625
237,-0.115234375,-1.123046875,-0.0234375
238,-0.1103515625,-1.12890625,-0.0283203125
239,-0.115234375,-1.1416015625,-0.0576171875
240,-0.1181640625,-1.146484375,-0.0673828125
241,-0.1240234375,-1.158203125,-0.0771484375
242,-0.130859375,-1.1728515625,-0.0927734375
243,-0.130859375,-1.185546875,-0.1015625
244,-0.13671875,-1.1962890625,-0.1123046875
245,-0.134765625,-1.1962890625,-0.1123046875
246,-0.150390625,-1.2138671875,-0.1162109375
247,-0.1640625,-1.203125,-0.099609375
248,-0.1826171875,-1.185546875,-0.09765625
249,-0.19140625,-1.171875,-0.0966796875
250,-0.1982421875,-1.1611328125,-0.0859375
251,-0.189453125,-1.1455078125,-0.0859375
252,-0.1826171875,-1.12890625,-0.0869140625
253,-0.162109375,-1.1123046875,-0.091796875
254,-0.1435546875,-1.103515625,-0.1015625
255,-0.123046875,-1.0908203125,-0.1025390625
256,-0.099609375,-1.0751953125,-0.11328125
257,-0.0732421875,-1.0693359375,-0.126953125
258,-0.046875,-1.044921875,-0.142578125
259,-0.0205078125,-1.015625,-0.1630859375
260,-0.001953125,-0.9951171875,-0.17578125
261,0.0224609375,-0.96875,-0.19921875
262,0.0419921875,-0.9462890625,-0.220703125
263,0.0712890625,-0.923828125,-0.240234375
264,0.0888671875,-0.8984375,-0.2626953125
265,0.10546875,-0.869140625,-0.287109375
266,0.1298828125,-0.859375,-0.31640625
267,0.1484375,-0.8447265625,-0.33203125
268,0.1611328125,-0.8505859375,-0.34375
269,0.17578125,-0.86328125,-0.3583984375
270,0.1845703125,-0.8896484375,-0.35546875
271,0.2001953125,-0.904296875,-0.345703125
272,0.2109375,-0.92578125,-0.3330078125
273,0.2099609375,-0.943359375,-0.3251953125
274,0.1962890625,-0.958984375,-0.3125
275,0.1845703125,-0.98046875,-0.3134765625
276,0.1728515625,-0.9912109375,-0.298828125
277,0.142578125,-1.0068359375,-0.2919921875
278,0.123046875,-1.02734375,-0.28515625
279,0.091796875,-1.0439453125,-0.275390625
280,0.0732421875,-1.0537109375,-0.26171875
281,0.0498046875,-1.0537109375,-0.2587890625
282,0.0224609375,-1.060546875,-0.255859375
283,0.005859375,-1.0654296875,-0.2548828125
284,-0.0048828125,-1.0654296875,-0.2470703125
285,-0.0166015625,-1.0537109375,-0.2451171875
286,-0.0205078125,-1.0517578125,-0.232421875
287,-0.0107421875,-1.0341796875,-0.224609375
288,0.0078125,-1.013671875,-0.216796875
289,0.0234375,-1.005859375,-0.2080078125
290,0.044921875,-0.9892578125,-0.197265625
291,0.0703125,-0.97265625,-0.193359375
292,0.0830078125,-0.9638671875,-0.1884765625
293,0.0927734375,-0.9580078125,-0.181640625
294,0.107421875,-0.951171875,-0.185546875
295,0.1201171875,-0.9541015625,-0.1865234375
296,0.12109375,-0.951171875,-0.189453125
297,0.1328125,-0.951171875,-0.1875
298,0.13671875,-0.9521484375,-0.18359375
299,0.1494140625,-0.9521484375,-0.1865234375
300,0.146484375,-0.9443359375,-0.1796875
301,0.13671875,-0.9443359375,-0.177734375
302,0.1357421875,-0.9482421875,-0.1728515625
303,0.1298828125,-0.9345703125,-0.1650390625
304,0.115234375,-0.9208984375,-0.166015625
305,0.1142578125,-0.9111328125,-0.166015625
306,0.08984375,-0.9033203125,-0.158203125
307,0.0888671875,-0.8857421875,-0.1572265625
308,0.083984375,-0.8828125,-0.1455078125
309,0.0732421875,-0.8681640625,-0.150390625
310,0.0908203125,-0.8896484375,-0.146484375
311,0.08203125,-0.869140625,-0.146484375
312,0.0908203125,-0.888671875,-0.142578125
313,0.103515625,-0.9013671875,-0.1376953125
314,0.1044921875,-0.90234375,-0.1337890625
315,0.0986328125,-0.91015625,-0.13671875
316,0.1240234375,-0.923828125,-0.130859375
317,0.1103515625,-0.931640625,-0.1318359375
318,0.115234375,-0.93359375,-0.126953125
319,0.12890625,-0.9345703125,-0.1181640625
320,0.1279296875,-0.93359375,-0.1123046875
321,0.1259765625,-0.9404296875,-0.1025390625
322,0.13671875,-0.9287109375,-0.1044921875
323,0.134765625,-0.9248046875,-0.1015625
324,0.1279296875,-0.9248046875,-0.1025390625
325,0.1279296875,-0.9228515625,-0.099609375
326,0.123046875,-0.9189453125,-0.0947265625
327,0.1123046875,-0.908203125,-0.0947265625
328,0.0986328125,-0.9072265625,-0.09375
329,0.109375,-0.9013671875,-0.095703125
330,0.0947265625,-0.9091796875,-0.0947265625
331,0.0927734375,-0.912109375,-0.095703125
332,0.072265625,-0.9111328125,-0.099609375
333,0.076171875,-0.9189453125,-0.091796875
334,0.068359375,-0.92578125,-0.1025390625
335,0.0693359375,-0.9326171875,-0.0966796875
336,0.056640625,-0.93359375,-0.1025390625
337,0.0546875,-0.9404296875,-0.09765625
338,0.0458984375,-0.9326171875,-0.0986328125
339,0.0498046875,-0.9404296875,-0.0859375
340,0.0478515625,-0.931640625,-0.087890625
341,0.0380859375,-0.9404296875,-0.083984375
342,0.033203125,-0.9384765625,-0.078125
343,0.0341796875,-0.94140625,-0.0712890625
344,0.0361328125,-0.947265625,-0.0712890625
345,0.0390625,-0.94921875,-0.06640625
346,0.0400390625,-0.953125,-0.0625
347,0.037109375,-0.9658203125,-0.0615234375
348,0.0390625,-0.9697265625,-0.056640625
349,0.041015625,-0.9794921875,-0.0478515625
350,0.041015625,-0.9833984375,-0.0380859375
351,0.0478515625,-0.986328125,-0.046875
352,0.0556640625,-0.9873046875,-0.0478515625
353,0.0751953125,-0.98828125,-0.0380859375
354,0.083984375,-1.0,-0.046875
355,0.095703125,-1.0029296875,-0.052734375
356,0.1142578125,-0.9970703125,-0.0537109375
357,0.1201171875,-1.0,-0.0498046875
358,0.1240234375,-1.0009765625,-0.04296875
359,0.1162109375,-0.9892578125,-0.03515625
360,0.1123046875,-0.9873046875,-0.029296875
361,0.095703125,-0.984375,-0.0185546875
362,0.078125,-0.9873046875,-0.015625
363,0.060546875,-0.9814453125,-0.013671875
364,0.0400390625,-0.9833984375,-0.0126953125
365,0.029296875,-0.9814453125,-0.0107421875
366,0.0048828125,-0.994140625,-0.0244140625
367,-0.0087890625,-0.998046875,-0.0224609375
368,-0.0087890625,-1.0107421875,-0.02734375
369,-0.015625,-1.021484375,-0.029296875
370,-0.0126953125,-1.04296875,-0.03125
371,0.0009765625,-1.0546875,-0.0302734375
372,0.009765625,-1.06640625,-0.03515625
373,0.0205078125,-1.072265625,-0.0400390625
374,0.0380859375,-1.0791015625,-0.0302734375
375,0.0419921875,-1.08984375,-0.0224609375
376,0.052734375,-1.1044921875,-0.01953125
377,0.0673828125,-1.115234375,-0.017578125
378,0.0771484375,-1.123046875,-0.0068359375
379,0.07421875,-1.1435546875,-0.0009765625
380,0.0849609375,-1.154296875,0.0146484375
381,0.0625,-1.15625,0.025390625
382,0.07421875,-1.16015625,0.0390625
383,0.0830078125,-1.1611328125,0.044921875
384,0.07421875,-1.158203125,0.0517578125
385,0.0732421875,-1.154296875,0.0615234375
386,0.0693359375,-1.1484375,0.072265625
387,0.0732421875,-1.146484375,0.072265625
388,0.078125,-1.1318359375,0.078125
389,0.0703125,-1.130859375,0.09375
390,0.072265625,-1.1337890625,0.09765625
391,0.0703125,-1.1376953125,0.1123046875
392,0.0693359375,-1.1259765625,0.1337890625
393,0.07421875,-1.1279296875,0.1337890625
394,0.068359375,-1.14453125,0.1328125
395,0.076171875,-1.1640625,0.1142578125
396,0.076171875,-1.1796875,0.083984375
397,0.0859375,-1.2119140625,0.0419921875
398,0.0986328125,-1.2451171875,0.0029296875
399,0.1201171875,-1.2724609375,-0.029296875
400,0.146484375,-1.2890625,-0.0517578125
401,0.16015625,-1.28515625,-0.0732421875
402,0.1708984375,-1.28125,-0.0830078125
403,0.1865234375,-1.2578125,-0.0888671875
404,0.1943359375,-1.2080078125,-0.083984375
405,0.2041015625,-1.162109375,-0.076171875
406,0.1904296875,-1.115234375,-0.0751953125
407,0.1806640625,-1.0693359375,-0.0595703125
408,0.1669921875,-1.025390625,-0.0537109375
409,0.1357421875,-0.9873046875,-0.048828125
410,0.111328125,-0.955078125,-0.0537109375
411,0.083984375,-0.9384765625,-0.060546875
412,0.048828125,-0.9248046875,-0.0869140625
413,0.02734375,-0.8984375,-0.1298828125
414,-0.001953125,-0.8876953125,-0.1669921875
415,-0.02734375,-0.880859375,-0.2001953125
416,-0.0380859375,-0.869140625,-0.220703125
417,-0.0361328125,-0.8642578125,-0.24609375
418,-0.0478515625,-0.853515625,-0.2451171875
419,-0.0537109375,-0.8505859375,-0.255859375
420,-0.0791015625,-0.8359375,-0.2509765625
421,-0.0693359375,-0.8388671875,-0.255859375
422,-0.0625,-0.861328125,-0.2548828125
423,-0.068359375,-0.8896484375,-0.2568359375
424,-0.0732421875,-0.935546875,-0.2578125
425,-0.046875,-0.96875,-0.2626953125
426,-0.02734375,-0.9951171875,-0.2626953125
427,-0.0029296875,-1.0263671875,-0.2607421875
428,0.0244140625,-1.044921875,-0.2666015625
429,0.0439453125,-1.0498046875,-0.2734375
430,0.0576171875,-1.0439453125,-0.27734375
431,0.072265625,-1.0400390625,-0.275390625
432,0.0703125,-1.01953125,-0.26953125
433,0.0576171875,-1.0078125,-0.2587890625
434,0.0517578125,-0.9931640625,-0.255859375
435,0.0224609375,-0.984375,-0.2568359375
436,-0.005859375,-0.9716796875,-0.2548828125
437,-0.0244140625,-0.955078125,-0.251953125
438,-0.0439453125,-0.951171875,-0.244140625
439,-0.064453125,-0.947265625,-0.2392578125
440,-0.0673828125,-0.9423828125,-0.2216796875
441,-0.07421875,-0.9443359375,-0.201171875
442,-0.08203125,-0.953125,-0.1982421875
443,-0.07421875,-0.958984375,-0.177734375
444,-0.0703125,-0.9658203125,-0.1787109375
445,-0.0546875,-0.98046875,-0.1728515625
446,-0.0380859375,-0.9873046875,-0.173828125
447,-0.02734375,-0.9951171875,-0.177734375
448,-0.0224609375,-1.001953125,-0.185546875
449,-0.0087890625,-0.998046875,-0.1806640625
450,-0.0087890625,-0.9931640625,-0.1767578125
451,-0.00390625,-0.99609375,-0.1689453125
452,0.0029296875,-0.984375,-0.1611328125
453,0.0009765625,-0.9658203125,-0.1669921875
454,-0.00390625,-0.9560546875,-0.1650390625
455,-0.00390625,-0.9306640625,-0.16796875
456,-0.01953125,-0.9267578125,-0.169921875
457,-0.033203125,-0.9169921875,-0.173828125
458,-0.037109375,-0.908203125,-0.16796875
459,-0.060546875,-0.908203125,-0.1650390625
460,-0.0712890625,-0.9091796875,-0.154296875
461,-0.083984375,-0.9072265625,-0.1513671875
462,-0.083984375,-0.91796875,-0.14453125
463,-0.1025390625,-0.919921875,-0.14453125
464,-0.095703125,-0.9208984375,-0.138671875
465,-0.0908203125,-0.9287109375,-0.1259765625
466,-0.0927734375,-0.935546875,-0.11328125
467,-0.0888671875,-0.9365234375,-0.107421875
468,-0.0751953125,-0.9462890625,-0.0966796875
469,-0.0849609375,-0.9384765625,-0.099609375
470,-0.07421875,-0.94140625,-0.0947265625
471,-0.0673828125,-0.9365234375,-0.0908203125
472,-0.0673828125,-0.947265625,-0.0966796875
473,-0.0771484375,-0.9375,-0.0927734375
474,-0.0849609375,-0.9326171875,-0.0869140625
475,-0.091796875,-0.931640625,-0.0908203125
476,-0.1025390625,-0.9296875,-0.0927734375
477,-0.10546875,-0.931640625,-0.091796875
478,-0.1083984375,-0.935546875,-0.0849609375
479,-0.12109375,-0.9326171875,-0.0859375
480,-0.142578125,-0.9306640625,-0.083984375
481,-0.103515625,-0.9365234375,-0.072265625
482,-0.1181640625,-0.943359375,-0.07421875
483,-0.1435546875,-0.9375,-0.0673828125
484,-0.1220703125,-0.951171875,-0.06640625
485,-0.115234375,-0.951171875,-0.0595703125
486,-0.1201171875,-0.9560546875,-0.0595703125
487,-0.11328125,-0.9599609375,-0.05859375
488,-0.1171875,-0.95703125,-0.0546875
489,-0.107421875,-0.95703125,-0.0546875
490,-0.10546875,-0.9541015625,-0.0458984375
491,-0.1025390625,-0.939453125,-0.037109375
492,-0.0986328125,-0.935546875,-0.0263671875
493,-0.103515625,-0.9248046875,-0.0302734375
494,-0.0966796875,-0.9130859375,-0.0244140625
495,-0.1015625,-0.9091796875,-0.021484375
496,-0.0927734375,-0.908203125,-0.0146484375
497,-0.0810546875,-0.91015625,-0.0107421875
498,-0.078125,-0.9052734375,-0.009765625
499,-0.072265625,-0.908203125,-0.0048828125
500,-0.0654296875,-0.9150390625,-0.001953125
501,-0.0478515625,-0.9208984375,-0.0009765625
502,-0.0302734375,-0.9345703125,0.0
503,-0.015625,-0.9375,-0.0029296875
504,-0.0146484375,-0.9462890625,-0.0078125
505,-0.013671875,-0.9482421875,-0.005859375
506,0.00390625,-0.958984375,-0.009765625
507,0.0078125,-0.96875,0.0126953125
508,0.0146484375,-0.9677734375,0.0048828125
509,0.0068359375,-0.9765625,0.00390625
510,0.0107421875,-0.982421875,0.0107421875
511,0.0048828125,-0.990234375,0.0029296875
512,-0.0078125,-0.9970703125,-0.0087890625
513,-0.0166015625,-1.01953125,-0.0048828125
514,-0.0341796875,-1.033203125,-0.0087890625
515,-0.0478515625,-1.048828125,-0.0126953125
516,-0.0634765625,-1.052734375,-0.0126953125
517,-0.0810546875,-1.0576171875,-0.0263671875
518,-0.0791015625,-1.0791015625,-0.025390625
519,-0.0771484375,-1.1005859375,-0.02734375
520,-0.076171875,-1.1083984375,-0.0234375
521,-0.068359375,-1.1201171875,-0.02734375
522,-0.056640625,-1.1220703125,-0.03125
523,-0.0556640625,-1.1220703125,-0.0283203125
524,-0.046875,-1.115234375,-0.01953125
525,-0.0439453125,-1.1123046875,-0.0068359375
526,-0.04296875,-1.107421875,-0.0029296875
527,-0.0419921875,-1.1044921875,0.0146484375
528,-0.044921875,-1.1025390625,0.0283203125
529,-0.0517578125,-1.08984375,0.0439453125
530,-0.0576171875,-1.0830078125,0.0576171875
531,-0.0634765625,-1.068359375,0.0703125
532,-0.0654296875,-1.064453125,0.091796875
533,-0.0634765625,-1.0537109375,0.1005859375
534,-0.0654296875,-1.052734375,0.1103515625
535,-0.0615234375,-1.046875,0.123046875
536,-0.0517578125,-1.0498046875,0.125
537,-0.044921875,-1.0693359375,0.1259765625
538,-0.0439453125,-1.111328125,0.123046875
539,-0.052734375,-1.185546875,0.103515625
540,-0.0673828125,-1.2470703125,0.0810546875
541,-0.083984375,-1.3095703125,0.0439453125
542,-0.1123046875,-1.359375,-0.0029296875
543,-0.138671875,-1.388671875,-0.0341796875
544,-0.1787109375,-1.392578125,-0.060546875
545,-0.201171875,-1.3876953125,-0.0703125
546,-0.2216796875,-1.35546875,-0.072265625
547,-0.2333984375,-1.3095703125,-0.0732421875
548,-0.2470703125,-1.234375,-0.08203125
549,-0.2568359375,-1.1396484375,-0.103515625
550,-0.25390625,-1.064453125,-0.1279296875
551,-0.244140625,-1.0068359375,-0.150390625
552,-0.224609375,-0.9775390625,-0.16796875
553,-0.1865234375,-0.9521484375,-0.169921875
554,-0.1328125,-0.953125,-0.1767578125
555,-0.0693359375,-0.9638671875,-0.1748046875
556,-0.0009765625,-0.97265625,-0.169921875
557,0.06640625,-0.96875,-0.18359375
558,0.1357421875,-0.966796875,-0.1845703125
559,0.185546875,-0.955078125,-0.1875
560,0.2490234375,-0.9375,-0.1865234375
561,0.26953125,-0.935546875,-0.189453125
562,0.2890625,-0.91015625,-0.1845703125
563,0.2841796875,-0.880859375,-0.1923828125
564,0.2705078125,-0.87109375,-0.1806640625
565,0.2373046875,-0.8818359375,-0.1728515625
566,0.21484375,-0.896484375,-0.1650390625
567,0.1865234375,-0.919921875,-0.15625
568,0.140625,-0.943359375,-0.154296875
569,0.10546875,-0.9794921875,-0.1484375
570,0.078125,-1.0087890625,-0.1533203125
571,0.0556640625,-1.0341796875,-0.1728515625
572,0.0400390625,-1.052734375,-0.1630859375
573,0.025390625,-1.060546875,-0.162109375
574,0.0126953125,-1.060546875,-0.1611328125
575,0.0048828125,-1.05859375,-0.1494140625
576,0.005859375,-1.0498046875,-0.142578125
577,0.001953125,-1.0361328125,-0.1396484375
578,0.005859375,-1.01171875,-0.1435546875
579,0.0166015625,-0.9873046875,-0.1318359375
580,0.0126953125,-0.9658203125,-0.130859375
581,0.0224609375,-0.9365234375,-0.115234375
582,0.037109375,-0.9267578125,-0.109375
583,0.04296875,-0.9189453125,-0.099609375
584,0.0537109375,-0.9169921875,-0.1083984375
585,0.0576171875,-0.921875,-0.109375
586,0.0712890625,-0.9248046875,-0.107421875
587,0.0849609375,-0.935546875,-0.1044921875
588,0.083984375,-0.9443359375,-0.107421875
589,0.091796875,-0.94921875,-0.1142578125
590,0.103515625,-0.947265625,-0.1123046875
591,0.09375,-0.94921875,-0.103515625
592,0.0869140625,-0.94921875,-0.107421875
593,0.0927734375,-0.9462890625,-0.1015625
594,0.0830078125,-0.935546875,-0.09765625
595,0.083984375,-0.921875,-0.1005859375
596,0.0859375,-0.9052734375,-0.103515625
597,0.083984375,-0.8974609375,-0.10546875
598,0.087890625,-0.8955078125,-0.099609375
599,0.0751953125,-0.892578125,-0.1025390625
600,0.083984375,-0.8955078125,-0.0966796875
601,0.087890625,-0.9033203125,-0.0810546875
602,0.0791015625,-0.8984375,-0.0869140625
603,0.0966796875,-0.904296875,-0.0927734375
604,0.099609375,-0.89453125,-0.091796875
605,0.09765625,-0.908203125,-0.103515625
606,0.115234375,-0.91015625,-0.1015625
607,0.1220703125,-0.919921875,-0.103515625
608,0.1240234375,-0.919921875,-0.099609375
609,0.125,-0.923828125,-0.1044921875
610,0.13671875,-0.9365234375,-0.0947265625
611,0.14453125,-0.947265625,-0.1005859375
612,0.1552734375,-0.9501953125,-0.0986328125
613,0.158203125,-0.958984375,-0.0869140625
614,0.1630859375,-0.9658203125,-0.0986328125
615,0.15234375,-0.96875,-0.095703125
616,0.1533203125,-0.9697265625,-0.103515625
617,0.154296875,-0.9677734375,-0.1015625
618,0.158203125,-0.9658203125,-0.1064453125
619,0.1435546875,-0.9560546875,-0.1005859375
620,0.1298828125,-0.9560546875,-0.08984375
621,0.1162109375,-0.9482421875,-0.087890625
622,0.1142578125,-0.9404296875,-0.0869140625
623,0.1044921875,-0.9453125,-0.076171875
624,0.0986328125,-0.947265625,-0.078125
625,0.087890625,-0.9453125,-0.068359375
626,0.08203125,-0.9423828125,-0.0673828125
627,0.07421875,-0.9541015625,-0.0732421875
628,0.0693359375,-0.962890625,-0.0625
629,0.052734375,-0.966796875,-0.0576171875
630,0.0556640625,-0.96875,-0.0498046875
631,0.05078125,-0.9765625,-0.037109375
632,0.044921875,-0.9775390625,-0.0244140625
633,0.0478515625,-0.9970703125,-0.0166015625
634,0.041015625,-0.99609375,-0.0107421875
635,0.0302734375,-1.001953125,0.0
636,0.03515625,-1.015625,0.0
637,0.0234375,-1.0205078125,0.0078125
638,0.0322265625,-1.0166015625,0.013671875
639,0.0341796875,-1.0263671875,0.01953125
640,0.037109375,-1.0361328125,0.015625
641,0.0439453125,-1.0400390625,0.021484375
642,0.0556640625,-1.0419921875,0.015625
643,0.0576171875,-1.041015625,0.015625
644,0.0712890625,-1.0380859375,0.0126953125
645,0.091796875,-1.0390625,0.0185546875
646,0.09375,-1.025390625,0.021484375
647,0.0908203125,-1.0224609375,0.0185546875
648,0.099609375,-1.0146484375,0.0283203125
649,0.0927734375,-1.0068359375,0.0302734375
650,0.0859375,-0.9931640625,0.0263671875
651,0.078125,-0.982421875,0.0244140625
652,0.07421875,-0.9794921875,0.01953125
653,0.0703125,-0.9716796875,0.0146484375
654,0.0634765625,-0.96484375,0.015625
655,0.0615234375,-0.9677734375,0.001953125
656,0.056640625,-0.9677734375,0.005859375
657,0.0615234375,-0.9716796875,0.0009765625
658,0.0546875,-0.9853515625,0.0078125
659,0.0576171875,-1.0048828125,0.0087890625
660,0.068359375,-1.0205078125,0.0234375
661,0.0595703125,-1.0380859375,0.0185546875
662,0.0732421875,-1.0517578125,0.033203125
663,0.0771484375,-1.0556640625,0.0439453125
664,0.076171875,-1.0751953125,0.0478515625
665,0.087890625,-1.072265625,0.0625
666,0.09375,-1.083984375,0.0771484375
667,0.1005859375,-1.0859375,0.09765625
668,0.09765625,-1.09765625,0.107421875
669,0.09375,-1.1044921875,0.119140625
670,0.0908203125,-1.1142578125,0.126953125
671,0.083984375,-1.1396484375,0.134765625
672,0.0830078125,-1.1689453125,0.1171875
673,0.0810546875,-1.212890625,0.0869140625
674,0.087890625,-1.2626953125,0.0556640625
675,0.0810546875,-1.3037109375,0.013671875
676,0.0888671875,-1.353515625,-0.0234375
677,0.0927734375,-1.3779296875,-0.046875
678,0.1015625,-1.384765625,-0.0771484375
679,0.111328125,-1.3798828125,-0.087890625
680,0.12890625,-1.33984375,-0.1025390625
681,0.14453125,-1.2890625,-0.115234375
682,0.16015625,-1.21875,-0.140625
683,0.1767578125,-1.154296875,-0.14453125
684,0.1796875,-1.1005859375,-0.15234375
685,0.185546875,-1.0478515625,-0.154296875
686,0.1826171875,-1.0166015625,-0.14453125
687,0.1640625,-0.998046875,-0.138671875
688,0.1318359375,-0.9912109375,-0.1337890625
689,0.0888671875,-0.986328125,-0.1337890625
690,0.037109375,-0.97265625,-0.13671875
691,-0.015625,-0.958984375,-0.142578125
692,-0.078125,-0.921875,-0.1572265625
693,-0.1455078125,-0.900390625,-0.1806640625
694,-0.1953125,-0.865234375,-0.2021484375
695,-0.23828125,-0.841796875,-0.2236328125
696,-0.267578125,-0.8388671875,-0.244140625
697,-0.2890625,-0.8359375,-0.2587890625
698,-0.30078125,-0.8515625,-0.265625
699,-0.302734375,-0.8671875,-0.263671875
700,-0.2998046875,-0.9033203125,-0.2646484375
701,-0.2783203125,-0.935546875,-0.2724609375
702,-0.25,-0.974609375,-0.263671875
703,-0.2138671875,-1.021484375,-0.283203125
704,-0.1796875,-1.0517578125,-0.2783203125
705,-0.1337890625,-1.0751953125,-0.2724609375
706,-0.083984375,-1.0986328125,-0.2744140625
707,-0.025390625,-1.0869140625,-0.265625
708,0.009765625,-1.0810546875,-0.2607421875
709,0.0498046875,-1.0703125,-0.26171875
710,0.0859375,-1.0478515625,-0.2587890625
711,0.111328125,-1.021484375,-0.2412109375
712,0.1337890625,-1.0048828125,-0.224609375
713,0.146484375,-0.9921875,-0.1982421875
714,0.1455078125,-0.9814453125,-0.1787109375
715,0.1416015625,-0.978515625,-0.15234375
716,0.13671875,-0.9736328125,-0.130859375
717,0.125,-0.978515625,-0.1162109375
718,0.115234375,-0.98046875,-0.10546875
719,0.095703125,-0.9892578125,-0.0986328125
720,0.076171875,-0.986328125,-0.09765625
721,0.0517578125,-0.998046875,-0.0947265625
722,0.021484375,-0.990234375,-0.1005859375
723,0.0078125,-0.990234375,-0.1005859375
724,-0.009765625,-0.9775390625,-0.1025390625
725,-0.0302734375,-0.9638671875,-0.1044921875
726,-0.0341796875,-0.94921875,-0.1083984375
727,-0.041015625,-0.9365234375,-0.1025390625
728,-0.0419921875,-0.923828125,-0.111328125
729,-0.046875,-0.904296875,-0.1142578125
730,-0.04296875,-0.8876953125,-0.115234375
731,-0.046875,-0.87109375,-0.123046875
732,-0.029296875,-0.859375,-0.11328125
733,-0.0263671875,-0.8525390625,-0.1123046875
734,-0.0166015625,-0.853515625,-0.11328125
735,-0.0234375,-0.8486328125,-0.1064453125
736,-0.0126953125,-0.8544921875,-0.1005859375
737,-0.0126953125,-0.8603515625,-0.0927734375
738,-0.0068359375,-0.8662109375,-0.095703125
739,-0.0185546875,-0.86328125,-0.09375
740,-0.03125,-0.8720703125,-0.0966796875
741,-0.03515625,-0.888671875,-0.1015625
742,-0.0537109375,-0.888671875,-0.107421875
743,-0.0654296875,-0.9111328125,-0.1123046875
744,-0.0673828125,-0.9208984375,-0.1103515625
745,-0.064453125,-0.9189453125,-0.1240234375
746,-0.076171875,-0.9208984375,-0.1259765625
747,-0.0771484375,-0.9296875,-0.13671875
748,-0.0732421875,-0.927734375,-0.1396484375
749,-0.0830078125,-0.9296875,-0.1337890625
750,-0.0859375,-0.9287109375,-0.125
751,-0.0966796875,-0.93359375,-0.1240234375
752,-0.1025390625,-0.927734375,-0.125
753,-0.1064453125,-0.9306640625,-0.123046875
754,-0.109375,-0.9375,-0.111328125
755,-0.125,-0.951171875,-0.1044921875
756,-0.125,-0.966796875,-0.1005859375
757,-0.1337890625,-0.9697265625,-0.10546875
758,-0.10546875,-0.9765625,-0.0869140625
759,-0.1123046875,-0.9814453125,-0.0927734375
760,-0.1044921875,-0.9833984375,-0.0869140625
761,-0.0927734375,-0.9873046875,-0.083984375
762,-0.0927734375,-0.990234375,-0.078125
763,-0.0810546875,-0.9912109375,-0.078125
764,-0.0673828125,-0.990234375,-0.0712890625
765,-0.0546875,-0.9853515625,-0.0693359375
766,-0.0546875,-0.9814453125,-0.0634765625
767,-0.0302734375,-0.9794921875,-0.06640625
768,-0.0283203125,-0.9755859375,-0.0537109375
769,-0.0205078125,-0.96875,-0.0380859375
770,-0.0126953125,-0.97265625,-0.029296875
771,-0.0068359375,-0.97265625,-0.0234375
772,-0.0087890625,-0.9755859375,-0.013671875
773,-0.0185546875,-0.978515625,-0.009765625
774,-0.0205078125,-0.9765625,-0.005859375
775,-0.025390625,-0.9853515625,0.0009765625
776,-0.03125,-0.9892578125,0.013671875
777,-0.0341796875,-0.9912109375,0.0205078125
778,-0.0419921875,-0.998046875,0.0283203125
779,-0.0361328125,-0.99609375,0.0283203125
780,-0.037109375,-1.005859375,0.0302734375
781,-0.041015625,-1.0087890625,0.0322265625
782,-0.037109375,-1.0087890625,0.03125
783,-0.044921875,-1.005859375,0.033203125
784,-0.0625,-0.990234375,0.0263671875
785,-0.0517578125,-0.984375,0.0234375
786,-0.0751953125,-0.9794921875,0.0166015625
787,-0.08203125,-0.9755859375,0.013671875
788,-0.099609375,-0.974609375,-0.00390625
789,-0.109375,-0.96875,-0.0166015625
790,-0.1220703125,-0.9677734375,-0.033203125
791,-0.11328125,-0.9677734375,-0.0361328125
792,-0.1181640625,-0.9765625,-0.0517578125
793,-0.1181640625,-0.9873046875,-0.0546875
794,-0.1083984375,-1.001953125,-0.0537109375
795,-0.1103515625,-1.015625,-0.05859375
796,-0.107421875,-1.0419921875,-0.064453125
797,-0.1025390625,-1.05859375,-0.05078125
798,-0.107421875,-1.0703125,-0.05078125
799,-0.0966796875,-1.0927734375,-0.0458984375
800,-0.1123046875,-1.109375,-0.0380859375
801,-0.107421875,-1.130859375,-0.0302734375
802,-0.103515625,-1.1572265625,-0.025390625
803,-0.0927734375,-1.171875,-0.0205078125
804,-0.0908203125,-1.1904296875,-0.0185546875
805,-0.078125,-1.203125,-0.015625
806,-0.0810546875,-1.2236328125,-0.0234375
807,-0.08203125,-1.25390625,-0.0302734375
808,-0.08984375,-1.2724609375,-0.05859375
809,-0.1015625,-1.2978515625,-0.0791015625
810,-0.1240234375,-1.326171875,-0.09375
811,-0.1337890625,-1.33984375,-0.107421875
812,-0.1435546875,-1.3515625,-0.1201171875
813,-0.1640625,-1.34765625,-0.11328125
814,-0.1796875,-1.3349609375,-0.1162109375
815,-0.1943359375,-1.3056640625,-0.1015625
816,-0.1982421875,-1.2626953125,-0.091796875
817,-0.193359375,-1.2001953125,-0.083984375
818,-0.1943359375,-1.1513671875,-0.072265625
819,-0.18359375,-1.1015625,-0.068359375
820,-0.1650390625,-1.0634765625,-0.072265625
821,-0.1396484375,-1.0166015625,-0.0703125
822,-0.1064453125,-0.978515625,-0.0693359375
823,-0.068359375,-0.9521484375,-0.0869140625
824,-0.01171875,-0.927734375,-0.0966796875
825,0.02734375,-0.900390625,-0.1162109375
826,0.0751953125,-0.8740234375,-0.1337890625
827,0.12890625,-0.8642578125,-0.1455078125
828,0.173828125,-0.8564453125,-0.1552734375
829,0.189453125,-0.86328125,-0.1728515625
830,0.2451171875,-0.8662109375,-0.193359375
831,0.2744140625,-0.8779296875,-0.21484375
832,0.294921875,-0.8876953125,-0.2265625
833,0.3095703125,-0.8955078125,-0.2392578125
834,0.3046875,-0.9169921875,-0.23828125
835,0.287109375,-0.9453125,-0.2265625
836,0.2626953125,-0.95703125,-0.2158203125
837,0.22265625,-0.9921875,-0.2001953125
838,0.1845703125,-1.0205078125,-0.1982421875
839,0.140625,-1.0361328125,-0.193359375
840,0.0849609375,-1.0419921875,-0.1875
841,0.0556640625,-1.044921875,-0.1865234375
842,0.009765625,-1.046875,-0.1962890625
843,-0.02734375,-1.041015625,-0.1962890625
844,-0.064453125,-1.025390625,-0.205078125
845,-0.083984375,-1.017578125,-0.2119140625
846,-0.0908203125,-1.009765625,-0.2177734375
847,-0.1005859375,-0.998046875,-0.216796875
848,-0.09375,-0.98828125,-0.212890625
849,-0.0908203125,-0.982421875,-0.208984375
850,-0.0791015625,-0.9892578125,-0.203125
851,-0.05859375,-1.0029296875,-0.1962890625
852,-0.041015625,-1.0087890625,-0.193359375
853,-0.0234375,-1.0205078125,-0.1884765625
854,-0.001953125,-1.048828125,-0.1796875
855,0.017578125,-1.0546875,-0.1708984375
856,0.0458984375,-1.0576171875,-0.169921875
857,0.0615234375,-1.0546875,-0.171875
858,0.0751953125,-1.05078125,-0.1689453125
859,0.091796875,-1.0263671875,-0.1650390625
860,0.1015625,-1.005859375,-0.15625
861,0.119140625,-0.9833984375,-0.1455078125
862,0.123046875,-0.978515625,-0.130859375
863,0.1171875,-0.9521484375,-0.123046875
864,0.1259765625,-0.9296875,-0.1201171875
865,0.1181640625,-0.904296875,-0.115234375
866,0.1181640625,-0.8876953125,-0.11328125
867,0.115234375,-0.8662109375,-0.1015625
868,0.1025390625,-0.8623046875,-0.1005859375
869,0.1025390625,-0.8525390625,-0.0927734375
870,0.09375,-0.857421875,-0.091796875
871,0.083984375,-0.84765625,-0.1044921875
872,0.09375,-0.8525390625,-0.1005859375
873,0.091796875,-0.837890625,-0.1044921875
874,0.0986328125,-0.830078125,-0.1142578125
875,0.107421875,-0.83203125,-0.1162109375
876,0.1025390625,-0.84375,-0.0986328125
877,0.1142578125,-0.8544921875,-0.0908203125
878,0.107421875,-0.861328125,-0.0830078125
879,0.123046875,-0.875,-0.0810546875
880,0.1181640625,-0.8857421875,-0.0791015625
881,0.1142578125,-0.8974609375,-0.078125
882,0.1240234375,-0.908203125,-0.08203125
883,0.1171875,-0.9072265625,-0.083984375
884,0.1171875,-0.9208984375,-0.0849609375
885,0.123046875,-0.931640625,-0.078125
886,0.126953125,-0.9326171875,-0.076171875
887,0.123046875,-0.9462890625,-0.0810546875
888,0.1181640625,-0.9619140625,-0.0693359375
889,0.1220703125,-0.9658203125,-0.0703125
890,0.119140625,-0.9521484375,-0.064453125
891,0.103515625,-0.9482421875,-0.076171875
892,0.0986328125,-0.9541015625,-0.060546875
893,0.0927734375,-0.9638671875,-0.0556640625
894,0.0947265625,-0.9560546875,-0.041015625
895,0.0712890625,-0.9521484375,-0.04296875
896,0.060546875,-0.94140625,-0.0380859375
897,0.0595703125,-0.9404296875,-0.046875
898,0.0615234375,-0.9462890625,-0.0341796875
899,0.0576171875,-0.9404296875,-0.02734375
900,0.056640625,-0.947265625,-0.0263671875
901,0.060546875,-0.9599609375,-0.0234375
902,0.060546875,-0.9736328125,-0.0107421875
903,0.060546875,-0.98046875,-0.0048828125
904,0.0576171875,-0.9873046875,-0.0078125
905,0.060546875,-0.998046875,0.0107421875
906,0.0546875,-0.99609375,0.0166015625
907,0.052734375,-1.0078125,0.0244140625
908,0.0517578125,-1.0068359375,0.0361328125
909,0.0546875,-1.00390625,0.0400390625
910,0.0419921875,-1.0048828125,0.044921875
911,0.0419921875,-0.998046875,0.05078125
912,0.04296875,-0.9951171875,0.05859375
913,0.0400390625,-0.986328125,0.0712890625
914,0.0380859375,-0.9775390625,0.0869140625
915,0.0341796875,-0.9580078125,0.083984375
916,0.0380859375,-0.9541015625,0.080078125
917,0.03515625,-0.939453125,0.080078125
918,0.03515625,-0.9365234375,0.06640625
919,0.03515625,-0.9345703125,0.06640625
920,0.0380859375,-0.9326171875,0.052734375
921,0.0341796875,-0.9404296875,0.052734375
922,0.0341796875,-0.955078125,0.0556640625
923,0.029296875,-0.9853515625,0.0556640625
924,0.025390625,-1.0283203125,0.0537109375
925,0.0234375,-1.0576171875,0.0595703125
926,0.0107421875,-1.0947265625,0.0556640625
927,0.021484375,-1.12109375,0.05859375
928,0.0068359375,-1.146484375,0.0546875
929,0.013671875,-1.1630859375,0.0595703125
930,0.015625,-1.1787109375,0.060546875
931,0.0302734375,-1.1943359375,0.06640625
932,0.0439453125,-1.20703125,0.0712890625
933,0.0556640625,-1.2001953125,0.087890625
934,0.056640625,-1.197265625,0.09765625
935,0.064453125,-1.1884765625,0.115234375
936,0.0703125,-1.1787109375,0.14453125
937,0.0732421875,-1.162109375,0.1552734375
938,0.0712890625,-1.16015625,0.1708984375
939,0.0751953125,-1.14453125,0.1796875
940,0.0654296875,-1.1591796875,0.189453125
941,0.0615234375,-1.1708984375,0.20703125
942,0.056640625,-1.18359375,0.19921875
943,0.0546875,-1.2080078125,0.197265625
944,0.03515625,-1.2392578125,0.1806640625
945,0.0322265625,-1.2646484375,0.162109375
946,0.0263671875,-1.279296875,0.1328125
947,0.0341796875,-1.2880859375,0.09375
948,0.0380859375,-1.2900390625,0.0595703125
949,0.05078125,-1.283203125,0.0205078125
950,0.0751953125,-1.271484375,-0.015625
951,0.0986328125,-1.2314453125,-0.0654296875
952,0.130859375,-1.197265625,-0.1005859375
953,0.1591796875,-1.173828125,-0.142578125
954,0.19140625,-1.1455078125,-0.1806640625
955,0.220703125,-1.125,-0.212890625
956,0.244140625,-1.109375,-0.2333984375
957,0.248046875,-1.078125,-0.240234375
958,0.23046875,-1.064453125,-0.228515625
959,0.197265625,-1.0439453125,-0.220703125
960,0.1650390625,-1.0078125,-0.22265625
961,0.1201171875,-0.974609375,-0.2275390625
962,0.052734375,-0.9365234375,-0.22265625
963,0.0009765625,-0.908203125,-0.2314453125
964,-0.0595703125,-0.869140625,-0.236328125
965,-0.1044921875,-0.8359375,-0.236328125
966,-0.1533203125,-0.8095703125,-0.24609375
967,-0.2001953125,-0.7919921875,-0.2373046875
968,-0.2294921875,-0.7919921875,-0.2412109375
969,-0.2353515625,-0.8076171875,-0.2431640625
970,-0.2373046875,-0.8447265625,-0.2412109375
971,-0.2236328125,-0.8984375,-0.234375
972,-0.1904296875,-0.935546875,-0.2236328125
973,-0.154296875,-0.9755859375,-0.228515625
974,-0.1171875,-1.0068359375,-0.2275390625
975,-0.0595703125,-1.041015625,-0.2197265625
976,-0.0263671875,-1.0556640625,-0.205078125
977,0.00390625,-1.0576171875,-0.19140625
978,0.0390625,-1.0654296875,-0.1806640625
979,0.076171875,-1.044921875,-0.1650390625
980,0.095703125,-1.01953125,-0.1748046875
981,0.1044921875,-0.994140625,-0.177734375
982,0.1083984375,-0.98046875,-0.1767578125
983,0.1181640625,-0.9716796875,-0.1708984375
984,0.1015625,-0.9580078125,-0.16015625
985,0.091796875,-0.9501953125,-0.162109375
986,0.0908203125,-0.953125,-0.150390625
987,0.048828125,-0.9423828125,-0.14453125
988,0.048828125,-0.94921875,-0.1376953125
989,0.017578125,-0.9482421875,-0.1376953125
990,-0.005859375,-0.9482421875,-0.134765625
991,-0.013671875,-0.9462890625,-0.130859375
992,-0.0341796875,-0.9365234375,-0.12109375
993,-0.0625,-0.93359375,-0.119140625
994,-0.0625,-0.93359375,-0.1123046875
995,-0.0732421875,-0.916015625,-0.1103515625
996,-0.06640625,-0.912109375,-0.10546875
997,-0.0634765625,-0.912109375,-0.099609375
998,-0.064453125,-0.9091796875,-0.1015625
999,-0.06640625,-0.888671875,-0.0986328125
1000,-0.048828125,-0.8896484375,-0.0986328125
1001,-0.0419921875,-0.876953125,-0.1064453125
1002,-0.037109375,-0.8681640625,-0.103515625
1003,-0.015625,-0.8837890625,-0.0927734375
1004,-0.0380859375,-0.8837890625,-0.0966796875
1005,-0.0341796875,-0.87109375,-0.107421875
1006,0.001953125,-0.8720703125,-0.103515625
1007,0.0009765625,-0.8837890625,-0.0986328125
1008,-0.0400390625,-0.8896484375,-0.1015625
1009,-0.0107421875,-0.896484375,-0.103515625
1010,-0.01171875,-0.90625,-0.0908203125
1011,-0.0322265625,-0.91015625,-0.0830078125
1012,-0.0546875,-0.91015625,-0.078125
1013,-0.052734375,-0.927734375,-0.07421875
1014,-0.0791015625,-0.9365234375,-0.06640625
1015,-0.087890625,-0.9423828125,-0.060546875
1016,-0.10546875,-0.9462890625,-0.0556640625
1017,-0.1181640625,-0.9482421875,-0.056640625
1018,-0.119140625,-0.955078125,-0.0537109375
1019,-0.1298828125,-0.966796875,-0.0498046875
1020,-0.142578125,-0.9736328125,-0.041015625
1021,-0.1484375,-0.9755859375,-0.0400390625
1022,-0.16015625,-0.96875,-0.02734375
1023,-0.154296875,-0.9736328125,-0.0224609375
1024,-0.1533203125,-0.97265625,-0.0166015625
1025,-0.1591796875,-0.9765625,-0.00390625
1026,-0.16015625,-0.9755859375,0.001953125
1027,-0.1455078125,-0.974609375,0.0029296875
1028,-0.1484375,-0.962890625,0.0087890625
1029,-0.1259765625,-0.9619140625,0.015625
1030,-0.1162109375,-0.962890625,0.029296875
1031,-0.0908203125,-0.96484375,0.0400390625
1032,-0.0791015625,-0.9599609375,0.04296875
1033,-0.068359375,-0.9619140625,0.052734375
1034,-0.0458984375,-0.9619140625,0.0615234375
1035,-0.041015625,-0.9609375,0.0673828125
1036,-0.0244140625,-0.9580078125,0.07421875
1037,-0.005859375,-0.958984375,0.076171875
1038,-0.0009765625,-0.9521484375,0.0771484375
1039,0.0087890625,-0.9609375,0.072265625
1040,0.0009765625,-0.9560546875,0.0654296875
1041,0.0048828125,-0.939453125,0.072265625
1042,0.0,-0.939453125,0.083984375
1043,-0.0078125,-0.9365234375,0.091796875
1044,-0.0048828125,-0.935546875,0.0927734375
1045,-0.0048828125,-0.94140625,0.083984375
1046,-0.0078125,-0.9541015625,0.078125
1047,-0.0078125,-0.9697265625,0.072265625
1048,-0.01953125,-0.982421875,0.0537109375
1049,-0.0263671875,-0.9990234375,0.04296875
1050,-0.0302734375,-1.0244140625,0.0341796875
1051,-0.03515625,-1.0498046875,0.0234375
1052,-0.041015625,-1.0703125,0.0078125
1053,-0.05078125,-1.0859375,-0.0048828125
1054,-0.0556640625,-1.09375,-0.015625
1055,-0.0712890625,-1.1064453125,-0.0244140625
1056,-0.0703125,-1.10546875,-0.0283203125
1057,-0.076171875,-1.1142578125,-0.0341796875
1058,-0.0810546875,-1.1259765625,-0.0224609375
1059,-0.0849609375,-1.130859375,-0.021484375
1060,-0.091796875,-1.1396484375,-0.0087890625
1061,-0.087890625,-1.142578125,0.0068359375
1062,-0.087890625,-1.1376953125,0.017578125
1063,-0.0771484375,-1.13671875,0.037109375
1064,-0.06640625,-1.1279296875,0.0546875
1065,-0.0546875,-1.12890625,0.0712890625
1066,-0.0458984375,-1.1396484375,0.0869140625
1067,-0.0400390625,-1.1533203125,0.0849609375
1068,-0.0419921875,-1.1787109375,0.0908203125
1069,-0.0478515625,-1.2138671875,0.0810546875
1070,-0.0673828125,-1.2666015625,0.052734375
1071,-0.087890625,-1.310546875,0.033203125
1072,-0.11328125,-1.3486328125,0.013671875
1073,-0.1298828125,-1.37109375,-0.025390625
1074,-0.1474609375,-1.3974609375,-0.048828125
1075,-0.1748046875,-1.392578125,-0.0625
1076,-0.193359375,-1.375,-0.0654296875
1077,-0.2060546875,-1.3271484375,-0.0654296875
1078,-0.21875,-1.2578125,-0.0810546875
1079,-0.21875,-1.1708984375,-0.1025390625
1080,-0.208984375,-1.0966796875,-0.1318359375
1081,-0.203125,-1.017578125,-0.1806640625
1082,-0.185546875,-0.9560546875,-0.2216796875
1083,-0.146484375,-0.8935546875,-0.255859375
1084,-0.111328125,-0.8603515625,-0.26171875
1085,-0.0673828125,-0.8505859375,-0.251953125
1086,-0.0126953125,-0.8466796875,-0.2470703125
1087,0.041015625,-0.8486328125,-0.248046875
1088,0.1015625,-0.8505859375,-0.236328125
1089,0.15625,-0.86328125,-0.240234375
1090,0.212890625,-0.8671875,-0.240234375
1091,0.26171875,-0.8818359375,-0.2333984375
1092,0.296875,-0.88671875,-0.2216796875
1093,0.3154296875,-0.8994140625,-0.2060546875
1094,0.3154296875,-0.9169921875,-0.18359375
1095,0.2919921875,-0.9384765625,-0.1650390625
1096,0.2529296875,-0.9697265625,-0.13671875
1097,0.212890625,-0.994140625,-0.12109375
1098,0.15625,-1.025390625,-0.1103515625
1099,0.1103515625,-1.0556640625,-0.1025390625
1100,0.0458984375,-1.0751953125,-0.0966796875
1101,-0.0068359375,-1.076171875,-0.09375
1102,-0.0478515625,-1.0751953125,-0.1044921875
1103,-0.0830078125,-1.068359375,-0.1220703125
1104,-0.107421875,-1.05078125,-0.1416015625
1105,-0.1083984375,-1.0498046875,-0.1455078125
1106,-0.107421875,-1.041015625,-0.1494140625
1107,-0.0869140625,-1.0283203125,-0.15234375
1108,-0.0556640625,-1.0234375,-0.14453125
1109,-0.0263671875,-1.015625,-0.142578125
1110,-0.0009765625,-1.0146484375,-0.138671875
1111,0.021484375,-1.0078125,-0.13671875
1112,0.0439453125,-1.005859375,-0.150390625
1113,0.064453125,-1.009765625,-0.154296875
1114,0.083984375,-0.9931640625,-0.1572265625
1115,0.087890625,-0.982421875,-0.150390625
1116,0.0947265625,-0.970703125,-0.1494140625
1117,0.09375,-0.9541015625,-0.1416015625
1118,0.0986328125,-0.9404296875,-0.1328125
1119,0.1025390625,-0.921875,-0.125
1120,0.08203125,-0.91015625,-0.1240234375
1121,0.0927734375,-0.888671875,-0.1201171875
1122,0.08203125,-0.8798828125,-0.1044921875
1123,0.0810546875,-0.8720703125,-0.0986328125
1124,0.0537109375,-0.87109375,-0.0908203125
1125,0.046875,-0.8671875,-0.076171875
1126,0.05078125,-0.865234375,-0.0771484375
1127,0.052734375,-0.873046875,-0.0625
1128,0.0390625,-0.869140625,-0.060546875
1129,0.0458984375,-0.876953125,-0.056640625
1130,0.052734375,-0.875,-0.05859375
1131,0.0634765625,-0.8857421875,-0.052734375
1132,0.044921875,-0.888671875,-0.056640625
1133,0.056640625,-0.890625,-0.0537109375
1134,0.064453125,-0.88671875,-0.0556640625
1135,0.05859375,-0.8818359375,-0.052734375
1136,0.0849609375,-0.888671875,-0.0546875
1137,0.080078125,-0.892578125,-0.04296875
1138,0.07421875,-0.8916015625,-0.037109375
1139,0.091796875,-0.8984375,-0.0380859375
1140,0.0908203125,-0.90234375,-0.02734375
1141,0.0947265625,-0.8984375,-0.0224609375
1142,0.095703125,-0.9052734375,-0.0244140625
1143,0.1015625,-0.90625,-0.021484375
1144,0.0908203125,-0.904296875,-0.02734375
1145,0.0869140625,-0.9052734375,-0.015625
1146,0.095703125,-0.9189453125,-0.0078125
1147,0.08203125,-0.9130859375,0.005859375
1148,0.083984375,-0.9150390625,0.0
1149,0.0986328125,-0.9189453125,0.0078125
1150,0.0712890625,-0.9189453125,0.009765625
1151,0.0703125,-0.9287109375,0.015625
1152,0.072265625,-0.9375,0.03125
1153,0.078125,-0.951171875,0.033203125
1154,0.076171875,-0.95703125,0.04296875
1155,0.076171875,-0.970703125,0.0498046875
1156,0.0634765625,-0.978515625,0.05859375
1157,0.0556640625,-0.974609375,0.0615234375
1158,0.044921875,-0.982421875,0.0693359375
1159,0.0478515625,-0.9716796875,0.076171875
1160,0.052734375,-0.97265625,0.0751953125
1161,0.0458984375,-0.9716796875,0.0830078125
1162,0.0439453125,-0.9560546875,0.0859375
1163,0.03515625,-0.9521484375,0.0869140625
1164,0.0458984375,-0.9501953125,0.080078125
1165,0.0517578125,-0.9501953125,0.0693359375
1166,0.03515625,-0.9501953125,0.0615234375
1167,0.044921875,-0.9462890625,0.06640625
1168,0.0380859375,-0.9560546875,0.0654296875
1169,0.0283203125,-0.958984375,0.0537109375
1170,0.0126953125,-0.9677734375,0.0361328125
1171,-0.0029296875,-0.9794921875,0.0205078125
1172,-0.0048828125,-0.9833984375,0.005859375
1173,-0.0126953125,-0.998046875,-0.00390625
1174,-0.0078125,-1.0234375,-0.0107421875
1175,0.0,-1.0634765625,-0.0244140625
1176,0.0146484375,-1.1044921875,-0.0205078125
1177,0.03125,-1.1328125,-0.0263671875
1178,0.0439453125,-1.1640625,-0.0234375
1179,0.060546875,-1.1865234375,-0.0205078125
1180,0.0625,-1.20703125,0.00390625
1181,0.0625,-1.2236328125,0.0146484375
1182,0.04296875,-1.224609375,0.0439453125
1183,0.041015625,-1.22265625,0.07421875
1184,0.0283203125,-1.21875,0.1123046875
1185,0.01953125,-1.21484375,0.15234375
1186,0.0107421875,-1.2041015625,0.1806640625
1187,-0.005859375,-1.197265625,0.2197265625
1188,-0.0107421875,-1.201171875,0.2431640625
1189,-0.0087890625,-1.21875,0.271484375
1190,-0.005859375,-1.2587890625,0.287109375
1191,-0.009765625,-1.298828125,0.2646484375
1192,-0.013671875,-1.345703125,0.203125
1193,0.005859375,-1.400390625,0.103515625
1194,0.0224609375,-1.443359375,0.001953125
1195,0.037109375,-1.4892578125,-0.0791015625
1196,0.0771484375,-1.49609375,-0.1376953125
1197,0.1240234375,-1.46484375,-0.162109375
1198,0.16015625,-1.4287109375,-0.154296875
1199,0.189453125,-1.341796875,-0.1650390625
1200,0.2265625,-1.2294921875,-0.173828125
1201,0.2548828125,-1.12109375,-0.18359375
1202,0.2724609375,-1.0126953125,-0.1953125
1203,0.2685546875,-0.923828125,-0.1962890625
1204,0.25,-0.8603515625,-0.2001953125
1205,0.2158203125,-0.80859375,-0.20703125
1206,0.15625,-0.77734375,-0.216796875
1207,0.10546875,-0.783203125,-0.2216796875
1208,0.0322265625,-0.8056640625,-0.22265625
1209,-0.0556640625,-0.8154296875,-0.23046875
1210,-0.130859375,-0.8408203125,-0.2412109375
1211,-0.1982421875,-0.8564453125,-0.2548828125
1212,-0.24609375,-0.8740234375,-0.263671875
1213,-0.2841796875,-0.9091796875,-0.279296875
1214,-0.302734375,-0.9482421875,-0.2861328125
1215,-0.2998046875,-0.9775390625,-0.2978515625
1216,-0.2705078125,-1.0048828125,-0.3115234375
1217,-0.240234375,-1.04296875,-0.3330078125
1218,-0.201171875,-1.0634765625,-0.3349609375
1219,-0.1572265625,-1.083984375,-0.3251953125
1220,-0.1064453125,-1.1044921875,-0.3134765625
1221,-0.0400390625,-1.1083984375,-0.294921875
1222,0.0068359375,-1.107421875,-0.279296875
1223,0.0517578125,-1.09765625,-0.2685546875
1224,0.0986328125,-1.0849609375,-0.2587890625
1225,0.1318359375,-1.064453125,-0.2587890625
1226,0.1552734375,-1.0498046875,-0.2509765625
1227,0.1650390625,-1.0361328125,-0.244140625
1228,0.1689453125,-1.021484375,-0.2236328125
1229,0.1640625,-0.9990234375,-0.2138671875
1230,0.14453125,-0.994140625,-0.201171875
1231,0.1162109375,-0.9853515625,-0.18359375
1232,0.1005859375,-0.9736328125,-0.1669921875
1233,0.064453125,-0.95703125,-0.1533203125
1234,0.052734375,-0.955078125,-0.140625
1235,0.025390625,-0.947265625,-0.1240234375
1236,-0.0126953125,-0.9521484375,-0.115234375
1237,-0.013671875,-0.9365234375,-0.1005859375
1238,-0.0361328125,-0.9287109375,-0.0966796875
1239,-0.0419921875,-0.927734375,-0.0859375
1240,-0.0634765625,-0.900390625,-0.09375
1241,-0.0712890625,-0.89453125,-0.0869140625
1242,-0.07421875,-0.8720703125,-0.08984375
1243,-0.0810546875,-0.8623046875,-0.08984375
1244,-0.083984375,-0.8408203125,-0.09375
1245,-0.10546875,-0.818359375,-0.107421875
1246,-0.1123046875,-0.822265625,-0.1103515625
1247,-0.0712890625,-0.8212890625,-0.11328125
1248,-0.05859375,-0.8212890625,-0.1005859375
1249,-0.0537109375,-0.81640625,-0.099609375
1250,-0.0703125,-0.8388671875,-0.095703125
1251,-0.08203125,-0.841796875,-0.1025390625
1252,-0.0791015625,-0.8525390625,-0.0908203125
1253,-0.099609375,-0.865234375,-0.0908203125
1254,-0.099609375,-0.8740234375,-0.0859375
1255,-0.1025390625,-0.8828125,-0.0859375
1256,-0.1123046875,-0.9052734375,-0.0712890625
1257,-0.125,-0.916015625,-0.068359375
1258,-0.125,-0.9248046875,-0.0625
1259,-0.1171875,-0.927734375,-0.0654296875
1260,-0.130859375,-0.9306640625,-0.0625
1261,-0.1162109375,-0.9306640625,-0.0634765625
1262,-0.130859375,-0.935546875,-0.0654296875
1263,-0.1044921875,-0.9384765625,-0.0576171875
1264,-0.1142578125,-0.9423828125,-0.0595703125
1265,-0.095703125,-0.9453125,-0.0498046875
1266,-0.080078125,-0.94921875,-0.0458984375
1267,-0.072265625,-0.95703125,-0.0498046875
1268,-0.037109375,-0.9599609375,-0.044921875
1269,-0.033203125,-0.9580078125,-0.0419921875
1270,-0.0146484375,-0.95703125,-0.0341796875
1271,-0.0234375,-0.9501953125,-0.0361328125
1272,-0.02734375,-0.9462890625,-0.0361328125
1273,-0.001953125,-0.947265625,-0.0283203125
1274,0.001953125,-0.9443359375,-0.0244140625
1275,-0.001953125,-0.943359375,-0.025390625
1276,-0.0078125,-0.9306640625,-0.02734375
1277,0.0,-0.9306640625,-0.0224609375
1278,-0.01171875,-0.939453125,-0.0205078125
1279,-0.0078125,-0.9375,-0.013671875
1280,-0.001953125,-0.9423828125,-0.0048828125
1281,-0.0126953125,-0.947265625,0.001953125
1282,-0.013671875,-0.9443359375,0.0048828125
1283,0.0087890625,-0.9638671875,0.0146484375
1284,-0.001953125,-0.966796875,0.0166015625
1285,0.0126953125,-0.970703125,0.015625
1286,0.0029296875,-0.9755859375,0.01171875
1287,0.0126953125,-0.986328125,0.001953125
1288,-0.0029296875,-0.9951171875,0.0009765625
1289,0.0048828125,-1.0068359375,0.001953125
1290,0.0029296875,-1.01171875,0.001953125
1291,-0.0029296875,-1.0283203125,-0.0185546875
1292,0.0068359375,-1.02734375,-0.021484375
1293,0.0,-1.0390625,-0.0341796875
1294,-0.0146484375,-1.0419921875,-0.0595703125
1295,-0.0341796875,-1.048828125,-0.0927734375
1296,-0.0654296875,-1.0625,-0.1240234375
1297,-0.0859375,-1.0791015625,-0.150390625
1298,-0.109375,-1.111328125,-0.1689453125
1299,-0.1181640625,-1.146484375,-0.1845703125
1300,-0.142578125,-1.185546875,-0.189453125
1301,-0.1513671875,-1.2119140625,-0.1865234375
1302,-0.1689453125,-1.25390625,-0.1787109375
1303,-0.1748046875,-1.2724609375,-0.166015625
1304,-0.162109375,-1.28515625,-0.158203125
1305,-0.154296875,-1.298828125,-0.150390625
1306,-0.134765625,-1.3134765625,-0.1171875
1307,-0.111328125,-1.32421875,-0.1044921875
1308,-0.0791015625,-1.37109375,-0.0986328125
1309,-0.064453125,-1.4033203125,-0.078125
1310,-0.0283203125,-1.453125,-0.056640625
1311,-0.00390625,-1.4873046875,-0.0224609375
1312,0.0029296875,-1.48828125,0.0107421875
1313,-0.009765625,-1.4541015625,0.0322265625
1314,-0.0029296875,-1.390625,0.0439453125
1315,-0.044921875,-1.291015625,0.0283203125
1316,-0.080078125,-1.171875,0.00390625
1317,-0.1103515625,-1.0859375,-0.025390625
1318,-0.11328125,-1.0,-0.05859375
1319,-0.1318359375,-0.9296875,-0.09375
1320,-0.1455078125,-0.8857421875,-0.1318359375
1321,-0.1474609375,-0.8388671875,-0.16796875
1322,-0.1474609375,-0.8037109375,-0.197265625
1323,-0.14453125,-0.7841796875,-0.23046875
1324,-0.1171875,-0.783203125,-0.248046875
1325,-0.1015625,-0.7919921875,-0.28515625
1326,-0.0791015625,-0.791015625,-0.3056640625
1327,-0.0478515625,-0.8046875,-0.3232421875
1328,-0.029296875,-0.8330078125,-0.333984375
1329,0.0029296875,-0.8623046875,-0.314453125
1330,0.0419921875,-0.8759765625,-0.3095703125
1331,0.0830078125,-0.9013671875,-0.310546875
1332,0.1103515625,-0.94140625,-0.3134765625
1333,0.1259765625,-0.98046875,-0.3134765625
1334,0.1376953125,-1.03515625,-0.3193359375
1335,0.14453125,-1.0546875,-0.322265625
1336,0.140625,-1.0693359375,-0.314453125
1337,0.142578125,-1.080078125,-0.29296875
1338,0.1484375,-1.099609375,-0.2724609375
1339,0.1484375,-1.1005859375,-0.263671875
1340,0.12890625,-1.09765625,-0.267578125
1341,0.1044921875,-1.0771484375,-0.2744140625
1342,0.08203125,-1.044921875,-0.2822265625
1343,0.06640625,-1.0087890625,-0.2939453125
1344,0.0517578125,-0.990234375,-0.275390625
1345,0.0302734375,-0.96875,-0.25
1346,0.0244140625,-0.97265625,-0.2216796875
1347,0.0068359375,-0.9775390625,-0.1904296875
1348,0.005859375,-0.990234375,-0.162109375
1349,-0.00390625,-1.0,-0.142578125
1350,-0.0087890625,-1.0107421875,-0.14453125
1351,-0.013671875,-1.0341796875,-0.15625
1352,-0.0087890625,-1.0537109375,-0.171875
1353,-0.0068359375,-1.05859375,-0.1767578125
1354,0.013671875,-1.0634765625,-0.1806640625
1355,0.025390625,-1.056640625,-0.18359375
1356,0.033203125,-1.02734375,-0.1689453125
1357,0.05859375,-1.01953125,-0.166015625
1358,0.0556640625,-0.9951171875,-0.1552734375
1359,0.0703125,-0.970703125,-0.158203125
1360,0.076171875,-0.9521484375,-0.1513671875
1361,0.0751953125,-0.9306640625,-0.1494140625
1362,0.076171875,-0.9345703125,-0.134765625
1363,0.1025390625,-0.92578125,-0.1376953125
1364,0.0712890625,-0.9140625,-0.1357421875
1365,0.0498046875,-0.8994140625,-0.1328125
1366,0.0546875,-0.896484375,-0.134765625
1367,0.052734375,-0.896484375,-0.1396484375
1368,0.0673828125,-0.876953125,-0.140625
1369,0.0703125,-0.8642578125,-0.1484375
1370,0.0732421875,-0.857421875,-0.1552734375
1371,0.0908203125,-0.837890625,-0.1474609375
1372,0.1025390625,-0.830078125,-0.1376953125
1373,0.1123046875,-0.8388671875,-0.1181640625
1374,0.1162109375,-0.8349609375,-0.1142578125
1375,0.1328125,-0.84375,-0.103515625
1376,0.1318359375,-0.826171875,-0.1015625
1377,0.1396484375,-0.83203125,-0.09765625
1378,0.1396484375,-0.8359375,-0.0830078125
1379,0.1279296875,-0.8369140625,-0.0849609375
1380,0.1240234375,-0.8349609375,-0.072265625
1381,0.11328125,-0.833984375,-0.0625
1382,0.109375,-0.8408203125,-0.0634765625
1383,0.0869140625,-0.833984375,-0.0595703125
1384,0.0859375,-0.830078125,-0.04296875
1385,0.0849609375,-0.8359375,-0.0556640625
1386,0.0771484375,-0.83984375,-0.0498046875
1387,0.07421875,-0.8369140625,-0.0419921875
1388,0.072265625,-0.83203125,-0.052734375
1389,0.0703125,-0.8427734375,-0.0517578125
1390,0.080078125,-0.8544921875,-0.0458984375
1391,0.08984375,-0.8662109375,-0.0556640625
1392,0.0966796875,-0.8779296875,-0.0517578125
1393,0.095703125,-0.880859375,-0.0546875
1394,0.1025390625,-0.892578125,-0.0546875
1395,0.1201171875,-0.9033203125,-0.052734375
1396,0.0966796875,-0.9033203125,-0.0615234375
1397,0.107421875,-0.9169921875,-0.046875
1398,0.0986328125,-0.931640625,-0.0419921875
1399,0.099609375,-0.94140625,-0.046875
1400,0.0908203125,-0.9482421875,-0.0400390625
1401,0.080078125,-0.966796875,-0.0302734375
1402,0.0869140625,-0.9765625,-0.0146484375
1403,0.0595703125,-0.9814453125,-0.021484375
1404,0.0546875,-0.990234375,-0.0166015625
1405,0.046875,-0.998046875,-0.0126953125
1406,0.044921875,-1.005859375,-0.0068359375
1407,0.041015625,-1.0107421875,0.0
1408,0.05859375,-1.009765625,0.0048828125
1409,0.0361328125,-1.0048828125,-0.005859375
1410,0.0478515625,-0.9931640625,-0.0048828125
1411,0.044921875,-1.0009765625,-0.0009765625
1412,0.0654296875,-0.9951171875,0.001953125
1413,0.0673828125,-0.9951171875,0.0107421875
1414,0.087890625,-0.994140625,0.0009765625
1415,0.0927734375,-1.01171875,0.0205078125
1416,0.107421875,-1.0205078125,0.0263671875
1417,0.1123046875,-1.048828125,0.0361328125
1418,0.12109375,-1.060546875,0.033203125
1419,0.138671875,-1.0703125,0.0419921875
1420,0.1240234375,-1.0888671875,0.03515625
1421,0.130859375,-1.1083984375,0.0341796875
1422,0.1396484375,-1.1171875,0.0419921875
1423,0.150390625,-1.1337890625,0.0498046875
1424,0.1337890625,-1.142578125,0.056640625
1425,0.134765625,-1.146484375,0.0546875
1426,0.1337890625,-1.142578125,0.0673828125
1427,0.140625,-1.15625,0.0791015625
1428,0.134765625,-1.1630859375,0.0791015625
1429,0.1162109375,-1.1572265625,0.0888671875
1430,0.134765625,-1.1572265625,0.099609375
1431,0.1162109375,-1.150390625,0.107421875
1432,0.11328125,-1.142578125,0.103515625
1433,0.119140625,-1.138671875,0.1171875
1434,0.1171875,-1.12890625,0.1171875
1435,0.1083984375,-1.1181640625,0.119140625
1436,0.1201171875,-1.1123046875,0.1142578125
1437,0.1220703125,-1.111328125,0.1123046875
1438,0.134765625,-1.11328125,0.095703125
1439,0.134765625,-1.11328125,0.0771484375
1440,0.1396484375,-1.1240234375,0.06640625
1441,0.142578125,-1.142578125,0.052734375
1442,0.1484375,-1.154296875,0.0322265625
1443,0.15234375,-1.166015625,0.0087890625
1444,0.1474609375,-1.189453125,-0.0126953125
1445,0.15234375,-1.212890625,-0.025390625
1446,0.1484375,-1.2265625,-0.0439453125
1447,0.166015625,-1.24609375,-0.0634765625
1448,0.1591796875,-1.26171875,-0.0693359375
1449,0.171875,-1.26953125,-0.0908203125
1450,0.1787109375,-1.2705078125,-0.1025390625
1451,0.1982421875,-1.2763671875,-0.109375
1452,0.2138671875,-1.2685546875,-0.1142578125
1453,0.2197265625,-1.2626953125,-0.125
1454,0.2138671875,-1.2578125,-0.10546875
1455,0.2021484375,-1.2294921875,-0.09765625
1456,0.189453125,-1.19921875,-0.08203125
1457,0.1708984375,-1.1611328125,-0.0634765625
1458,0.1337890625,-1.1162109375,-0.056640625
1459,0.0908203125,-1.0576171875,-0.048828125
1460,0.0498046875,-1.0009765625,-0.05859375
1461,0.01171875,-0.9541015625,-0.064453125
1462,-0.0380859375,-0.9130859375,-0.0849609375
1463,-0.080078125,-0.8876953125,-0.09765625
1464,-0.119140625,-0.845703125,-0.1298828125
1465,-0.1416015625,-0.8369140625,-0.154296875
1466,-0.14453125,-0.8134765625,-0.1865234375
1467,-0.1494140625,-0.8095703125,-0.21484375
1468,-0.15234375,-0.8154296875,-0.2412109375
1469,-0.1376953125,-0.8193359375,-0.2626953125
1470,-0.109375,-0.841796875,-0.2724609375
1471,-0.0966796875,-0.8759765625,-0.2822265625
1472,-0.076171875,-0.8779296875,-0.294921875
1473,-0.052734375,-0.9072265625,-0.30078125
1474,-0.0302734375,-0.916015625,-0.3134765625
1475,-0.0244140625,-0.9345703125,-0.3212890625
1476,-0.017578125,-0.9375,-0.333984375
1477,-0.0166015625,-0.9404296875,-0.3330078125
1478,-0.0283203125,-0.9365234375,-0.3359375
1479,-0.0322265625,-0.9345703125,-0.3359375
1480,-0.0380859375,-0.927734375,-0.33984375
1481,-0.03515625,-0.919921875,-0.3310546875
1482,-0.0302734375,-0.9052734375,-0.3369140625
1483,-0.03125,-0.9013671875,-0.341796875
1484,-0.0234375,-0.9072265625,-0.3232421875
1485,-0.0009765625,-0.912109375,-0.3134765625
1486,0.0048828125,-0.91796875,-0.3037109375
1487,0.0205078125,-0.935546875,-0.28515625
1488,0.0400390625,-0.9404296875,-0.265625
1489,0.0517578125,-0.9453125,-0.2587890625
1490,0.0595703125,-0.9541015625,-0.248046875
1491,0.060546875,-0.9677734375,-0.2412109375
1492,0.0576171875,-0.982421875,-0.2265625
1493,0.0517578125,-0.998046875,-0.2158203125
1494,0.0263671875,-1.01171875,-0.203125
1495,0.025390625,-1.0283203125,-0.19921875
1496,-0.001953125,-1.0224609375,-0.1826171875
1497,-0.0302734375,-1.033203125,-0.18359375
1498,-0.044921875,-1.0185546875,-0.177734375
1499,-0.080078125,-1.013671875,-0.166015625
1500,-0.0966796875,-1.0068359375,-0.1572265625
1501,-0.1025390625,-0.9931640625,-0.150390625
1502,-0.1181640625,-0.98828125,-0.146484375
1503,-0.125,-0.96484375,-0.1484375
1504,-0.1201171875,-0.9580078125,-0.1376953125
1505,-0.1162109375,-0.9365234375,-0.1298828125
1506,-0.1025390625,-0.927734375,-0.1240234375
1507,-0.1005859375,-0.919921875,-0.1279296875
1508,-0.0859375,-0.9052734375,-0.134765625
1509,-0.08203125,-0.8955078125,-0.1376953125
1510,-0.0625,-0.8935546875,-0.134765625
1511,-0.0732421875,-0.8984375,-0.134765625
1512,-0.05078125,-0.908203125,-0.126953125
1513,-0.0478515625,-0.9130859375,-0.119140625
1514,-0.0390625,-0.9208984375,-0.1279296875
1515,-0.0244140625,-0.93359375,-0.1201171875
1516,-0.0166015625,-0.939453125,-0.1103515625
1517,-0.0087890625,-0.9482421875,-0.107421875
1518,-0.0107421875,-0.95703125,-0.0986328125
1519,-0.005859375,-0.951171875,-0.095703125
1520,-0.00390625,-0.94921875,-0.0927734375
1521,-0.005859375,-0.9443359375,-0.0888671875
1522,-0.0244140625,-0.935546875,-0.087890625
1523,-0.037109375,-0.9365234375,-0.076171875
1524,-0.015625,-0.9384765625,-0.0712890625
1525,-0.0439453125,-0.935546875,-0.068359375
1526,-0.0478515625,-0.93359375,-0.0712890625
1527,-0.0673828125,-0.931640625,-0.0703125
1528,-0.0703125,-0.9287109375,-0.0673828125
1529,-0.08203125,-0.923828125,-0.068359375
1530,-0.07421875,-0.9287109375,-0.05859375
1531,-0.0810546875,-0.923828125,-0.0537109375
1532,-0.0947265625,-0.9306640625,-0.0556640625
1533,-0.09765625,-0.9287109375,-0.0341796875
1534,-0.09375,-0.9375,-0.0380859375
1535,-0.1044921875,-0.9365234375,-0.033203125
1536,-0.1015625,-0.9365234375,-0.029296875
1537,-0.10546875,-0.939453125,-0.0224609375
1538,-0.1123046875,-0.939453125,-0.0244140625
1539,-0.1103515625,-0.931640625,-0.02734375
1540,-0.0966796875,-0.9306640625,-0.017578125
1541,-0.1015625,-0.9228515625,-0.0234375
1542,-0.1005859375,-0.9228515625,-0.0205078125
1543,-0.087890625,-0.9208984375,-0.013671875
1544,-0.083984375,-0.921875,-0.0205078125
1545,-0.087890625,-0.90625,-0.029296875
1546,-0.0791015625,-0.91015625,-0.017578125
1547,-0.07421875,-0.9111328125,-0.0126953125
1548,-0.0673828125,-0.9169921875,-0.0078125
1549,-0.06640625,-0.9345703125,-0.00390625
1550,-0.0615234375,-0.9501953125,-0.0009765625
1551,-0.0498046875,-0.9765625,0.0087890625
1552,-0.0419921875,-0.99609375,0.017578125
1553,-0.04296875,-1.0166015625,0.0234375
1554,-0.0341796875,-1.0302734375,0.0322265625
1555,-0.0361328125,-1.0419921875,0.037109375
1556,-0.0283203125,-1.046875,0.048828125
1557,-0.0283203125,-1.046875,0.0498046875
1558,-0.0380859375,-1.0390625,0.0595703125
1559,-0.052734375,-1.0068359375,0.0615234375
1560,-0.0654296875,-0.9912109375,0.072265625
1561,-0.068359375,-0.9794921875,0.0751953125
1562,-0.060546875,-0.9697265625,0.0869140625
1563,-0.064453125,-0.95703125,0.1005859375
1564,-0.07421875,-0.9501953125,0.095703125
1565,-0.068359375,-0.9462890625,0.099609375
1566,-0.0791015625,-0.9423828125,0.1083984375
1567,-0.0673828125,-0.9482421875,0.1123046875
1568,-0.064453125,-0.9453125,0.107421875
1569,-0.056640625,-0.9482421875,0.103515625
1570,-0.0654296875,-0.958984375,0.09765625
1571,-0.0546875,-0.9619140625,0.103515625
1572,-0.05859375,-0.9638671875,0.1025390625
1573,-0.0673828125,-0.96484375,0.1083984375
1574,-0.0849609375,-0.962890625,0.1005859375
1575,-0.1064453125,-0.9677734375,0.095703125
1576,-0.1298828125,-0.9697265625,0.09375
1577,-0.1513671875,-0.9736328125,0.0869140625
1578,-0.1591796875,-0.9775390625,0.083984375
1579,-0.1689453125,-0.9853515625,0.087890625
1580,-0.1748046875,-1.0029296875,0.091796875
1581,-0.1748046875,-1.02734375,0.103515625
1582,-0.1806640625,-1.05078125,0.1103515625
1583,-0.18359375,-1.0732421875,0.111328125
1584,-0.1845703125,-1.107421875,0.09765625
1585,-0.181640625,-1.140625,0.0771484375
1586,-0.166015625,-1.1669921875,0.05078125
1587,-0.150390625,-1.2021484375,0.0166015625
1588,-0.123046875,-1.23828125,-0.021484375
1589,-0.1044921875,-1.2705078125,-0.0625
1590,-0.078125,-1.28515625,-0.1103515625
1591,-0.0810546875,-1.296875,-0.169921875
1592,-0.0712890625,-1.294921875,-0.224609375
1593,-0.07421875,-1.267578125,-0.2890625
1594,-0.08203125,-1.228515625,-0.3359375
1595,-0.08203125,-1.2001953125,-0.376953125
1596,-0.0615234375,-1.1591796875,-0.4111328125
1597,-0.048828125,-1.1162109375,-0.4365234375
1598,-0.021484375,-1.0849609375,-0.4609375
1599,0.013671875,-1.05859375,-0.4833984375
1600,0.041015625,-1.0498046875,-0.4794921875
1601,0.0849609375,-1.0546875,-0.4658203125
1602,0.115234375,-1.0625,-0.443359375
1603,0.142578125,-1.0810546875,-0.4228515625
1604,0.15625,-1.0810546875,-0.3984375
1605,0.173828125,-1.0703125,-0.376953125
1606,0.171875,-1.0595703125,-0.3740234375
1607,0.173828125,-1.025390625,-0.3701171875
1608,0.1591796875,-0.998046875,-0.3583984375
1609,0.134765625,-0.974609375,-0.341796875
1610,0.1162109375,-0.9521484375,-0.3173828125
1611,0.09765625,-0.9482421875,-0.2900390625
1612,0.0712890625,-0.9462890625,-0.2587890625
1613,0.0361328125,-0.9375,-0.2392578125
1614,0.0068359375,-0.9423828125,-0.220703125
1615,-0.0244140625,-0.953125,-0.2021484375
1616,-0.048828125,-0.953125,-0.1845703125
1617,-0.0810546875,-0.9697265625,-0.1767578125
1618,-0.0849609375,-0.978515625,-0.1591796875
1619,-0.087890625,-0.9951171875,-0.1455078125
1620,-0.08203125,-1.009765625,-0.13671875
1621,-0.08203125,-1.0341796875,-0.14453125
1622,-0.0546875,-1.04296875,-0.1474609375
1623,-0.0341796875,-1.052734375,-0.15625
1624,-0.0029296875,-1.0556640625,-0.1630859375
1625,0.01171875,-1.0478515625,-0.17578125
1626,0.037109375,-1.0234375,-0.1767578125
1627,0.06640625,-1.0009765625,-0.1806640625
1628,0.087890625,-0.9853515625,-0.17578125
1629,0.09765625,-0.955078125,-0.169921875
1630,0.1142578125,-0.9287109375,-0.1689453125
1631,0.126953125,-0.9140625,-0.1611328125
1632,0.1318359375,-0.9013671875,-0.1572265625
1633,0.134765625,-0.87109375,-0.14453125
1634,0.1357421875,-0.8466796875,-0.1357421875
1635,0.1259765625,-0.837890625,-0.1220703125
1636,0.1298828125,-0.833984375,-0.1103515625
1637,0.111328125,-0.8154296875,-0.099609375
1638,0.099609375,-0.8173828125,-0.08984375
1639,0.08984375,-0.81640625,-0.1005859375
1640,0.0830078125,-0.82421875,-0.0869140625
1641,0.0810546875,-0.833984375,-0.080078125
1642,0.05859375,-0.8369140625,-0.0849609375
1643,0.0615234375,-0.8369140625,-0.0849609375
1644,0.06640625,-0.833984375,-0.083984375
1645,0.072265625,-0.8369140625,-0.08203125
1646,0.0546875,-0.8310546875,-0.08203125
1647,0.0732421875,-0.8359375,-0.0859375
1648,0.087890625,-0.8359375,-0.0810546875
1649,0.1015625,-0.8369140625,-0.0927734375
1650,0.1064453125,-0.8359375,-0.09375
1651,0.126953125,-0.8515625,-0.0869140625
1652,0.1376953125,-0.8662109375,-0.0810546875
1653,0.150390625,-0.8701171875,-0.0751953125
1654,0.1611328125,-0.8994140625,-0.080078125
1655,0.1572265625,-0.8994140625,-0.0751953125
1656,0.150390625,-0.921875,-0.0751953125
1657,0.1552734375,-0.9248046875,-0.0625
1658,0.1474609375,-0.923828125,-0.060546875
1659,0.1357421875,-0.9169921875,-0.0625
1660,0.1181640625,-0.90625,-0.064453125
1661,0.1005859375,-0.865234375,-0.0595703125
1662,0.0869140625,-0.8828125,-0.0625
1663,0.0771484375,-0.8671875,-0.044921875
1664,0.060546875,-0.8564453125,-0.04296875
1665,0.0400390625,-0.845703125,-0.0400390625
1666,0.0341796875,-0.8447265625,-0.0361328125
1667,0.0244140625,-0.849609375,-0.0380859375
1668,0.03125,-0.857421875,-0.025390625
1669,0.005859375,-0.8681640625,-0.0263671875
1670,0.0009765625,-0.87109375,-0.0283203125
1671,0.00390625,-0.8759765625,-0.0322265625
1672,0.01171875,-0.8642578125,-0.025390625
1673,0.017578125,-0.8564453125,-0.021484375
1674,0.0166015625,-0.8525390625,-0.013671875
1675,0.013671875,-0.8349609375,-0.005859375
1676,0.0322265625,-0.8154296875,-0.005859375
1677,0.0390625,-0.7998046875,-0.0087890625
1678,0.041015625,-0.7783203125,-0.0107421875
1679,0.037109375,-0.7607421875,-0.0263671875
1680,0.046875,-0.7607421875,-0.0390625
1681,0.0693359375,-0.7744140625,-0.0654296875
1682,0.0986328125,-0.7939453125,-0.1015625
1683,0.1103515625,-0.8251953125,-0.1259765625
1684,0.134765625,-0.861328125,-0.140625
1685,0.1357421875,-0.9111328125,-0.142578125
1686,0.13671875,-0.9345703125,-0.1328125
1687,0.12890625,-0.953125,-0.1259765625
1688,0.08984375,-0.9541015625,-0.119140625
1689,0.060546875,-0.923828125,-0.1171875
1690,0.02734375,-0.89453125,-0.107421875
1691,-0.01953125,-0.8505859375,-0.0986328125
1692,-0.03515625,-0.8115234375,-0.09375
1693,-0.0546875,-0.7607421875,-0.08984375
1694,-0.0546875,-0.732421875,-0.0888671875
1695,-0.05078125,-0.6943359375,-0.0869140625
1696,-0.04296875,-0.662109375,-0.08203125
1697,-0.04296875,-0.6298828125,-0.0908203125
1698,-0.04296875,-0.599609375,-0.0927734375
1699,-0.05078125,-0.580078125,-0.091796875
1700,-0.05859375,-0.5673828125,-0.0947265625
1701,-0.0693359375,-0.5556640625,-0.1064453125
1702,-0.0732421875,-0.552734375,-0.1201171875
1703,-0.0703125,-0.5595703125,-0.134765625
1704,-0.0556640625,-0.564453125,-0.15234375
1705,-0.0322265625,-0.5712890625,-0.18359375
1706,-0.0078125,-0.5869140625,-0.2197265625
1707,0.013671875,-0.6015625,-0.2685546875
1708,0.0390625,-0.619140625,-0.3125
1709,0.0673828125,-0.6279296875,-0.37890625
1710,0.091796875,-0.6474609375,-0.4287109375
1711,0.1298828125,-0.6767578125,-0.486328125
1712,0.13671875,-0.7109375,-0.515625
1713,0.1552734375,-0.7568359375,-0.533203125
1714,0.1728515625,-0.8076171875,-0.541015625
1715,0.1884765625,-0.8564453125,-0.5419921875
1716,0.1884765625,-0.919921875,-0.5302734375
1717,0.1787109375,-0.9599609375,-0.517578125
1718,0.1640625,-0.998046875,-0.5078125
1719,0.1318359375,-1.0234375,-0.5048828125
1720,0.07421875,-1.025390625,-0.4853515625
1721,0.0107421875,-1.009765625,-0.482421875
1722,-0.0400390625,-0.986328125,-0.4609375
1723,-0.0986328125,-0.9521484375,-0.4365234375
1724,-0.142578125,-0.91796875,-0.4091796875
1725,-0.1923828125,-0.873046875,-0.357421875
1726,-0.220703125,-0.8447265625,-0.294921875
1727,-0.2509765625,-0.81640625,-0.2080078125
1728,-0.271484375,-0.8056640625,-0.130859375
1729,-0.2978515625,-0.8017578125,-0.0458984375
1730,-0.3037109375,-0.7900390625,0.0517578125
1731,-0.298828125,-0.76171875,0.1259765625
1732,-0.2841796875,-0.724609375,0.1787109375
1733,-0.2626953125,-0.6669921875,0.19921875
1734,-0.2255859375,-0.6181640625,0.1962890625
1735,-0.189453125,-0.544921875,0.1748046875
1736,-0.1494140625,-0.4697265625,0.1513671875
1737,-0.1123046875,-0.3896484375,0.1357421875
1738,-0.0869140625,-0.2998046875,0.10546875
1739,-0.0556640625,-0.220703125,0.08203125
1740,-0.029296875,-0.1513671875,0.0439453125
1741,0.0029296875,-0.103515625,-0.0166015625
1742,0.029296875,-0.0654296875,-0.1103515625
1743,0.05859375,-0.0400390625,-0.2080078125
1744,0.0830078125,-0.0322265625,-0.279296875
1745,0.0859375,-0.0576171875,-0.3173828125
1746,0.0908203125,-0.1123046875,-0.3359375
1747,0.1064453125,-0.220703125,-0.2880859375
1748,0.109375,-0.34375,-0.208984375
1749,0.1044921875,-0.4560546875,-0.1513671875
1750,0.1279296875,-0.5849609375,-0.1357421875
1751,0.13671875,-0.6337890625,-0.1826171875
1752,0.134765625,-0.6015625,-0.2646484375
1753,0.16015625,-0.5,-0.357421875
1754,0.19140625,-0.4013671875,-0.416015625
1755,0.205078125,-0.326171875,-0.4208984375
1756,0.205078125,-0.2578125,-0.392578125
1757,0.1943359375,-0.2021484375,-0.37890625
1758,0.18359375,-0.150390625,-0.373046875
1759,0.1689453125,-0.107421875,-0.380859375
1760,0.146484375,-0.078125,-0.421875
1761,0.11328125,-0.0576171875,-0.4560546875
1762,0.0810546875,-0.048828125,-0.52734375
1763,0.05078125,-0.0517578125,-0.568359375
1764,0.0458984375,-0.08203125,-0.59375
1765,0.05859375,-0.1025390625,-0.6044921875
1766,0.07421875,-0.1181640625,-0.58203125
1767,0.1083984375,-0.119140625,-0.5400390625
1768,0.154296875,-0.1416015625,-0.49609375
1769,0.19140625,-0.16015625,-0.46484375
1770,0.216796875,-0.181640625,-0.421875
1771,0.23828125,-0.1748046875,-0.37109375
1772,0.2578125,-0.17578125,-0.333984375
1773,0.2685546875,-0.171875,-0.3232421875
1774,0.2783203125,-0.16796875,-0.3037109375
1775,0.2724609375,-0.16015625,-0.267578125
1776,0.234375,-0.1572265625,-0.2265625
1777,0.201171875,-0.146484375,-0.205078125
1778,0.1591796875,-0.12890625,-0.2255859375
1779,0.1279296875,-0.134765625,-0.24609375
1780,0.1064453125,-0.208984375,-0.23046875
1781,0.0732421875,-0.328125,-0.177734375
1782,0.06640625,-0.5146484375,-0.126953125
1783,0.0400390625,-0.6806640625,-0.099609375
1784,-0.056640625,-0.783203125,-0.07421875
1785,-0.21484375,-0.8232421875,-0.048828125
1786,-0.412109375,-0.7890625,-0.0419921875
1787,-0.5732421875,-0.728515625,-0.021484375
1788,-0.61328125,-0.6259765625,0.0595703125
1789,-0.7080078125,-0.392578125,0.064453125
1790,-0.759765625,-0.158203125,0.0302734375
1791,-0.7412109375,0.0693359375,-0.0771484375
1792,-0.7177734375,0.318359375,-0.220703125
1793,-0.6845703125,0.5517578125,-0.373046875
1794,-0.5712890625,0.7333984375,-0.49609375
1795,-0.4287109375,0.7548828125,-0.5810546875
1796,-0.3046875,0.7236328125,-0.693359375
1797,-0.220703125,0.740234375,-0.80859375
1798,-0.23046875,0.7470703125,-0.9453125
1799,-0.369140625,0.7724609375,-1.0576171875
1800,-5.7861328125,4.4033203125,-7.58203125
1801,-5.9091796875,7.9990234375,-7.84375
1802,7.9990234375,4.8837890625,-6.8720703125
1803,4.9736328125,-2.5498046875,2.9208984375
1804,-0.291015625,-0.3671875,-0.0263671875
1805,-0.103515625,0.7421875,-1.5693359375
1806,-0.0927734375,-0.5166015625,-2.953125
1807,-2.6298828125,0.8662109375,-3.970703125
1808,-3.146484375,2.556640625,-3.787109375
1809,-2.86328125,2.16015625,-4.5927734375
1810,-1.6435546875,2.3837890625,-4.7353515625
1811,-1.494140625,2.03125,-4.6259765625
1812,-1.8798828125,1.4462890625,-4.4345703125
1813,-1.7177734375,0.87890625,-4.2001953125
1814,-1.4072265625,0.1337890625,-4.2294921875
1815,-1.154296875,0.017578125,-4.1103515625
1816,-1.126953125,0.451171875,-3.4541015625
1817,-0.791015625,0.8251953125,-2.87890625
1818,-0.6416015625,0.3525390625,-2.6416015625
1819,-0.5546875,0.21484375,-2.373046875
1820,-0.6796875,0.1982421875,-1.880859375
1821,-0.6943359375,0.19921875,-1.5927734375
1822,-0.677734375,0.3662109375,-1.3427734375
1823,-0.6005859375,0.3056640625,-1.1630859375
1824,-0.4248046875,0.1474609375,-1.1259765625
1825,-0.5302734375,0.3818359375,-1.0166015625
1826,-0.42578125,0.5146484375,-0.994140625
1827,-0.48828125,0.6728515625,-1.0947265625
1828,-0.56640625,0.650390625,-0.99609375
1829,-0.4169921875,0.755859375,-0.943359375
1830,-0.5498046875,0.6416015625,-0.748046875
1831,-0.5537109375,0.708984375,-0.76953125
1832,-0.4189453125,0.701171875,-0.677734375
1833,-0.4306640625,0.7802734375,-0.5732421875
1834,-0.3466796875,0.58203125,-0.4716796875
1835,-0.2724609375,0.2958984375,-0.4189453125
1836,-0.349609375,0.3154296875,-0.5419921875
1837,-0.3544921875,0.3349609375,-0.591796875
1838,-0.2333984375,0.158203125,-0.4560546875
1839,-0.1787109375,0.3818359375,-0.41796875
1840,-0.1005859375,0.3974609375,-0.33984375
1841,-0.109375,0.7236328125,-0.349609375
1842,-0.177734375,0.7216796875,-0.3115234375
1843,-0.1083984375,0.5947265625,-0.2919921875
1844,-0.166015625,0.5869140625,-0.2548828125
1845,-0.234375,0.728515625,-0.3291015625
1846,-0.2314453125,0.6845703125,-0.29296875
1847,-0.2451171875,0.5107421875,-0.2607421875
1848,-0.26953125,0.6064453125,-0.296875
1849,-0.3212890625,0.6337890625,-0.33984375
1850,-0.2412109375,0.6640625,-0.3681640625
1851,-0.31640625,0.5703125,-0.326171875
1852,-0.35546875,0.486328125,-0.3330078125
1853,-0.3740234375,0.55859375,-0.361328125
1854,-0.4150390625,0.5576171875,-0.3408203125
1855,-0.3837890625,0.3837890625,-0.2548828125
1856,-0.4345703125,0.576171875,-0.326171875
1857,-0.333984375,0.529296875,-0.3076171875
1858,-0.4423828125,0.6015625,-0.228515625
1859,-0.2109375,-0.267578125,0.01171875
1860,-0.5615234375,-0.2724609375,-0.015625
1861,-0.5419921875,0.5380859375,-0.1953125
1862,-0.234375,0.6396484375,-0.1484375
1863,-0.2890625,0.16796875,-0.060546875
1864,-0.2392578125,0.310546875,-0.064453125
1865,-0.5341796875,0.2685546875,-0.078125
1866,-0.466796875,0.400390625,-0.0361328125
1867,-0.6123046875,0.6220703125,-0.212890625
1868,-0.53125,0.7431640625,-0.28515625
1869,-0.4287109375,0.6826171875,-0.255859375
1870,-0.63671875,0.9375,-0.34375
1871,-0.623046875,0.828125,-0.392578125
1872,-0.646484375,0.79296875,-0.486328125
1873,-0.8759765625,0.779296875,-0.609375
1874,-0.890625,0.654296875,-0.650390625
1875,-0.4736328125,0.248046875,-0.599609375
1876,-0.7099609375,1.40234375,-0.8642578125
1877,-0.7001953125,1.0107421875,-0.71875
1878,-0.6484375,1.021484375,-0.7568359375
1879,-0.826171875,1.15234375,-0.794921875
1880,-0.662109375,1.111328125,-0.783203125
1881,-0.662109375,0.857421875,-0.7236328125
1882,-0.6845703125,0.7109375,-0.7314453125
1883,-0.6953125,0.5771484375,-0.771484375
1884,-0.646484375,0.4462890625,-0.7958984375
1885,-0.6630859375,0.466796875,-0.791015625
1886,-0.6611328125,0.6103515625,-0.8798828125
1887,-0.6279296875,0.6123046875,-0.857421875
1888,-0.5849609375,0.474609375,-0.81640625
1889,-0.5888671875,0.462890625,-0.7939453125
1890,-0.5712890625,0.435546875,-0.7802734375
1891,-0.5322265625,0.4208984375,-0.78125
1892,-0.5087890625,0.4111328125,-0.787109375
1893,-0.4814453125,0.373046875,-0.7841796875
1894,-0.4775390625,0.3779296875,-0.7900390625
1895,-0.443359375,0.32421875,-0.787109375
1896,-0.4677734375,0.294921875,-0.7939453125
1897,-0.46484375,0.3359375,-0.814453125
1898,-0.4296875,0.2802734375,-0.806640625
1899,-0.4091796875,0.2646484375,-0.80859375
1900,-0.3837890625,0.28515625,-0.8203125
1901,-0.357421875,0.3115234375,-0.8427734375
1902,-0.34375,0.306640625,-0.8369140625
1903,-0.30859375,0.298828125,-0.8359375
1904,-0.3251953125,0.3134765625,-0.8544921875
1905,-0.3466796875,0.322265625,-0.84765625
1906,-0.3623046875,0.359375,-0.875
1907,-0.375,0.3623046875,-0.8798828125
1908,-0.380859375,0.3603515625,-0.88671875
1909,-0.3916015625,0.3544921875,-0.8798828125
1910,-0.4013671875,0.3505859375,-0.884765625
1911,-0.40625,0.3408203125,-0.9013671875
1912,-0.40625,0.337890625,-0.912109375
1913,-0.3857421875,0.337890625,-0.916015625
1914,-0.38671875,0.3369140625,-0.9169921875
1915,-0.3603515625,0.2998046875,-0.9296875
1916,-0.3740234375,0.2744140625,-0.921875
1917,-0.3837890625,0.26171875,-0.9111328125
1918,-0.345703125,0.263671875,-0.9091796875
1919,-0.3662109375,0.234375,-0.900390625
1920,-0.388671875,0.234375,-0.9052734375
1921,-0.3876953125,0.25,-0.8994140625
1922,-0.388671875,0.2421875,-0.9052734375
1923,-0.3974609375,0.23828125,-0.9130859375
1924,-0.396484375,0.2470703125,-0.904296875
1925,-0.40625,0.2607421875,-0.8984375
1926,-0.404296875,0.2685546875,-0.900390625
1927,-0.392578125,0.283203125,-0.8896484375
1928,-0.3828125,0.3134765625,-0.8818359375
1929,-0.3837890625,0.3603515625,-0.86328125
1930,-0.3857421875,0.3720703125,-0.853515625
1931,-0.388671875,0.369140625,-0.8427734375
1932,-0.3974609375,0.341796875,-0.841796875
1933,-0.3994140625,0.3212890625,-0.845703125
1934,-0.4072265625,0.31640625,-0.8583984375
1935,-0.4150390625,0.322265625,-0.8564453125
1936,-0.4150390625,0.3330078125,-0.8525390625
1937,-0.4228515625,0.3291015625,-0.8486328125
1938,-0.4287109375,0.3232421875,-0.8486328125
1939,-0.4306640625,0.3359375,-0.8359375
1940,-0.4248046875,0.341796875,-0.833984375
1941,-0.4248046875,0.3466796875,-0.8251953125
1942,-0.42578125,0.3515625,-0.828125
1943,-0.423828125,0.349609375,-0.81640625
1944,-0.4326171875,0.34765625,-0.8134765625
1945,-0.427734375,0.349609375,-0.8076171875
1946,-0.435546875,0.3505859375,-0.80078125
1947,-0.4375,0.34765625,-0.7978515625
1948,-0.4404296875,0.3564453125,-0.798828125
1949,-0.435546875,0.353515625,-0.7919921875
1950,-0.4404296875,0.3505859375,-0.7900390625
1951,-0.4375,0.3564453125,-0.783203125
1952,-0.4375,0.3525390625,-0.7958984375
1953,-0.4365234375,0.3564453125,-0.79296875
1954,-0.435546875,0.3583984375,-0.7900390625
1955,-0.44140625,0.3515625,-0.7861328125
1956,-0.447265625,0.361328125,-0.78125
1957,-0.4501953125,0.3603515625,-0.775390625
1958,-0.451171875,0.3603515625,-0.7763671875
1959,-0.4501953125,0.3583984375,-0.771484375
1960,-0.455078125,0.357421875,-0.775390625
1961,-0.451171875,0.365234375,-0.765625
1962,-0.455078125,0.3564453125,-0.779296875
1963,-0.447265625,0.3544921875,-0.7841796875
1964,-0.447265625,0.3525390625,-0.787109375
1965,-0.453125,0.3515625,-0.7900390625
1966,-0.451171875,0.3583984375,-0.794921875
1967,-0.453125,0.35546875,-0.80078125
1968,-0.447265625,0.3505859375,-0.8017578125
1969,-0.451171875,0.3505859375,-0.798828125
1970,-0.4453125,0.349609375,-0.794921875
1971,-0.4501953125,0.3447265625,-0.79296875
1972,-0.443359375,0.3505859375,-0.7958984375
1973,-0.4404296875,0.3427734375,-0.7998046875
1974,-0.44140625,0.341796875,-0.7939453125
1975,-0.4423828125,0.341796875,-0.7919921875
1976,-0.435546875,0.3447265625,-0.7978515625
1977,-0.43359375,0.341796875,-0.7998046875
1978,-0.4404296875,0.34375,-0.80078125
1979,-0.43359375,0.337890625,-0.80078125
1980,-0.4375,0.3349609375,-0.80859375
1981,-0.4326171875,0.3369140625,-0.8095703125
1982,-0.43359375,0.3369140625,-0.8095703125
1983,-0.43359375,0.3359375,-0.818359375
1984,-0.4326171875,0.3388671875,-0.814453125
1985,-0.43359375,0.337890625,-0.8173828125
1986,-0.43359375,0.3408203125,-0.8193359375
1987,-0.43359375,0.337890625,-0.81640625
1988,-0.431640625,0.337890625,-0.8193359375
1989,-0.4384765625,0.3349609375,-0.814453125
1990,-0.43359375,0.3388671875,-0.8193359375
1991,-0.4345703125,0.33203125,-0.8193359375
1992,-0.4306640625,0.3349609375,-0.8154296875
1993,-0.4345703125,0.3310546875,-0.8193359375
1994,-0.4267578125,0.3330078125,-0.81640625
1995,-0.4287109375,0.3369140625,-0.8173828125
1996,-0.4306640625,0.3349609375,-0.8212890625
1997,-0.427734375,0.3349609375,-0.818359375
1998,-0.4287109375,0.3359375,-0.818359375
1999,-0.431640625,0.3359375,-0.818359375
2000,-0.4287109375,0.3359375,-0.8212890625
2001,-0.4267578125,0.3359375,-0.8232421875
2002,-0.4296875,0.3388671875,-0.8232421875
2003,-0.4287109375,0.3388671875,-0.8232421875
2004,-0.4306640625,0.3388671875,-0.82421875
2005,-0.4296875,0.3427734375,-0.8193359375
2006,-0.43359375,0.3447265625,-0.8232421875
2007,-0.43359375,0.3486328125,-0.8193359375
2008,-0.43359375,0.3408203125,-0.8193359375
2009,-0.43359375,0.3427734375,-0.818359375
2010,-0.4296875,0.345703125,-0.814453125
2011,-0.431640625,0.3447265625,-0.810546875
2012,-0.435546875,0.349609375,-0.8115234375
2013,-0.4306640625,0.349609375,-0.80859375
2014,-0.4375,0.3486328125,-0.80859375
2015,-0.43359375,0.3447265625,-0.8076171875
2016,-0.4326171875,0.34375,-0.8076171875
2017,-0.435546875,0.341796875,-0.8037109375
2018,-0.4423828125,0.349609375,-0.8095703125
2019,-0.443359375,0.3466796875,-0.8173828125
2020,-0.4404296875,0.3525390625,-0.8125
2021,-0.4384765625,0.349609375,-0.80859375
2022,-0.4384765625,0.3486328125,-0.8134765625
2023,-0.4375,0.349609375,-0.8115234375
2024,-0.4365234375,0.34765625,-0.8076171875
2025,-0.4306640625,0.349609375,-0.8056640625
2026,-0.4365234375,0.3486328125,-0.8095703125
2027,-0.4345703125,0.34765625,-0.810546875
2028,-0.44140625,0.3486328125,-0.8076171875
2029,-0.439453125,0.34765625,-0.8115234375
2030,-0.435546875,0.345703125,-0.802734375
2031,-0.4384765625,0.3486328125,-0.8125
2032,-0.4443359375,0.3427734375,-0.80859375
2033,-0.435546875,0.3447265625,-0.80859375
2034,-0.4345703125,0.34765625,-0.8046875
2035,-0.4296875,0.34375,-0.8115234375
2036,-0.4375,0.3466796875,-0.8125
2037,-0.4365234375,0.341796875,-0.8125
2038,-0.4365234375,0.341796875,-0.8125
2039,-0.4375,0.34375,-0.8154296875
2040,-0.439453125,0.341796875,-0.8134765625
2041,-0.435546875,0.337890625,-0.8193359375
2042,-0.4404296875,0.341796875,-0.810546875
2043,-0.4375,0.3427734375,-0.81640625
2044,-0.4384765625,0.3427734375,-0.80859375
2045,-0.435546875,0.341796875,-0.8125
2046,-0.4326171875,0.33984375,-0.810546875
2047,-0.4384765625,0.3427734375,-0.806640625
2048,-0.4345703125,0.3447265625,-0.8115234375
2049,-0.435546875,0.33984375,-0.8056640625
2050,-0.439453125,0.34375,-0.8115234375
2051,-0.435546875,0.33984375,-0.8046875
2052,-0.4306640625,0.341796875,-0.8076171875
2053,-0.4365234375,0.3369140625,-0.8125
2054,-0.4365234375,0.33984375,-0.8125
2055,-0.4384765625,0.34375,-0.818359375
2056,-0.439453125,0.3408203125,-0.8193359375
2057,-0.4423828125,0.341796875,-0.8193359375
2058,-0.4443359375,0.3466796875,-0.8095703125
2059,-0.4404296875,0.3466796875,-0.8154296875
2060,-0.4404296875,0.3447265625,-0.8125
2061,-0.443359375,0.3427734375,-0.814453125
2062,-0.43359375,0.3408203125,-0.806640625
2063,-0.4404296875,0.3427734375,-0.80859375
2064,-0.44140625,0.3408203125,-0.806640625
2065,-0.4375,0.3388671875,-0.810546875
2066,-0.4404296875,0.34375,-0.8134765625
2067,-0.4423828125,0.3408203125,-0.8154296875
2068,-0.4443359375,0.341796875,-0.8125
2069,-0.4443359375,0.3427734375,-0.8095703125
2070,-0.4404296875,0.3388671875,-0.806640625
2071,-0.447265625,0.341796875,-0.810546875
2072,-0.4423828125,0.3369140625,-0.8095703125
2073,-0.4423828125,0.341796875,-0.8125
2074,-0.4462890625,0.345703125,-0.818359375
2075,-0.443359375,0.3447265625,-0.8203125
2076,-0.4404296875,0.345703125,-0.8203125
2077,-0.4423828125,0.34375,-0.8154296875
2078,-0.4423828125,0.3447265625,-0.80859375
2079,-0.443359375,0.337890625,-0.8115234375
2080,-0.4296875,0.326171875,-0.8046875
2081,-0.482421875,0.4052734375,-0.830078125
2082,-0.435546875,0.3583984375,-0.8115234375
2083,-0.4462890625,0.3466796875,-0.8076171875
2084,-0.4482421875,0.33984375,-0.810546875
2085,-0.4443359375,0.341796875,-0.8095703125
2086,-0.44921875,0.3388671875,-0.8095703125
2087,-0.4462890625,0.337890625,-0.8076171875
2088,-0.447265625,0.3408203125,-0.8125
2089,-0.44140625,0.3388671875,-0.8095703125
2090,-0.4482421875,0.33984375,-0.8037109375
2091,-0.4482421875,0.3369140625,-0.806640625
2092,-0.4716796875,0.330078125,-0.8056640625
2093,-0.4521484375,0.3564453125,-0.798828125
2094,-0.4521484375,0.3359375,-0.8056640625
2095,-0.447265625,0.33984375,-0.8056640625
2096,-0.4521484375,0.3447265625,-0.810546875
2097,-0.4560546875,0.3447265625,-0.8076171875
2098,-0.4501953125,0.337890625,-0.814453125
2099,-0.4482421875,0.345703125,-0.814453125
2100,-0.451171875,0.3359375,-0.810546875
2101,-0.412109375,0.2646484375,-0.798828125
2102,-0.458984375,0.3642578125,-0.8037109375
2103,-0.451171875,0.3427734375,-0.8115234375
2104,-0.453125,0.34375,-0.80859375
2105,-0.451171875,0.33984375,-0.80859375
2106,-0.451171875,0.330078125,-0.8125
2107,-0.45703125,0.3486328125,-0.8203125
2108,-0.4541015625,0.3388671875,-0.814453125
2109,-0.45703125,0.349609375,-0.8115234375
2110,-0.4560546875,0.3427734375,-0.810546875
2111,-0.470703125,0.3359375,-0.8037109375
2112,-0.44921875,0.3408203125,-0.8017578125
2113,-0.453125,0.34765625,-0.8046875
2114,-0.455078125,0.3349609375,-0.796875
2115,-0.453125,0.3291015625,-0.8037109375
2116,-0.4560546875,0.3486328125,-0.8017578125
2117,-0.45703125,0.3349609375,-0.8046875
2118,-0.4521484375,0.337890625,-0.8076171875
2119,-0.455078125,0.330078125,-0.806640625
2120,-0.45703125,0.3369140625,-0.80078125
2121,-0.4580078125,0.337890625,-0.8037109375
2122,-0.453125,0.3369140625,-0.80859375
2123,-0.453125,0.337890625,-0.8056640625
2124,-0.455078125,0.33984375,-0.8046875
2125,-0.466796875,0.3330078125,-0.7919921875
2126,-0.4609375,0.337890625,-0.806640625
2127,-0.4638671875,0.3408203125,-0.8017578125
2128,-0.4638671875,0.3408203125,-0.8056640625
2129,-0.462890625,0.333984375,-0.8037109375
2130,-0.46875,0.3212890625,-0.8037109375
2131,-0.4599609375,0.3359375,-0.80078125
2132,-0.4599609375,0.33203125,-0.796875
2133,-0.4599609375,0.3291015625,-0.7890625
2134,-0.4638671875,0.322265625,-0.7880859375
2135,-0.453125,0.3427734375,-0.796875
2136,-0.4638671875,0.3017578125,-0.7705078125
2137,-0.4658203125,0.3212890625,-0.7861328125
2138,-0.4658203125,0.3212890625,-0.7822265625
2139,-0.48046875,0.3291015625,-0.79296875
2140,-0.4736328125,0.3251953125,-0.7939453125
2141,-0.4755859375,0.326171875,-0.783203125
2142,-0.46875,0.3330078125,-0.794921875
2143,-0.4716796875,0.330078125,-0.7900390625
2144,-0.478515625,0.322265625,-0.7900390625
2145,-0.4765625,0.3291015625,-0.791015625
2146,-0.4755859375,0.3330078125,-0.79296875
2147,-0.470703125,0.3271484375,-0.7880859375
2148,-0.46875,0.3349609375,-0.7900390625
2149,-0.4716796875,0.3349609375,-0.7890625
2150,-0.4716796875,0.33203125,-0.783203125
2151,-0.4736328125,0.333984375,-0.791015625
2152,-0.4736328125,0.3291015625,-0.79296875
2153,-0.47265625,0.328125,-0.7939453125
2154,-0.47265625,0.328125,-0.783203125
2155,-0.4716796875,0.3369140625,-0.7919921875
2156,-0.4736328125,0.3349609375,-0.7890625
2157,-0.4697265625,0.326171875,-0.7939453125
2158,-0.46875,0.3310546875,-0.794921875
2159,-0.46875,0.33203125,-0.7900390625
2160,-0.4697265625,0.33203125,-0.791015625
2161,-0.474609375,0.33203125,-0.7919921875
2162,-0.4736328125,0.3271484375,-0.7890625
2163,-0.46875,0.33203125,-0.7822265625
2164,-0.46484375,0.326171875,-0.7939453125
2165,-0.4677734375,0.3330078125,-0.798828125
2166,-0.46875,0.333984375,-0.794921875
2167,-0.4638671875,0.3349609375,-0.7939453125
2168,-0.47265625,0.3349609375,-0.7939453125
2169,-0.466796875,0.326171875,-0.7939453125
2170,-0.4697265625,0.3369140625,-0.796875
2171,-0.4677734375,0.3359375,-0.794921875
2172,-0.47265625,0.333984375,-0.796875
2173,-0.4677734375,0.3271484375,-0.7978515625
2174,-0.4638671875,0.3330078125,-0.79296875
2175,-0.466796875,0.3310546875,-0.791015625
2176,-0.466796875,0.333984375,-0.7939453125
2177,-0.4658203125,0.3359375,-0.7919921875
2178,-0.46484375,0.3291015625,-0.7958984375
2179,-0.4658203125,0.3349609375,-0.7978515625
2180,-0.466796875,0.333984375,-0.7978515625
2181,-0.4658203125,0.333984375,-0.80078125
2182,-0.4658203125,0.3349609375,-0.8046875
2183,-0.4716796875,0.3349609375,-0.8017578125
2184,-0.466796875,0.3349609375,-0.8037109375
2185,-0.474609375,0.3369140625,-0.8037109375
2186,-0.470703125,0.3369140625,-0.8046875
2187,-0.4677734375,0.337890625,-0.8046875
2188,-0.47265625,0.3349609375,-0.806640625
2189,-0.470703125,0.3369140625,-0.8017578125
2190,-0.4716796875,0.3359375,-0.802734375
2191,-0.466796875,0.3369140625,-0.7998046875
2192,-0.4677734375,0.3369140625,-0.796875
2193,-0.4716796875,0.3232421875,-0.8076171875
2194,-0.47265625,0.3291015625,-0.8017578125
2195,-0.4794921875,0.330078125,-0.8115234375
2196,-0.47265625,0.3359375,-0.80859375
2197,-0.478515625,0.341796875,-0.8193359375
2198,-0.474609375,0.341796875,-0.81640625
2199,-0.4794921875,0.337890625,-0.8125
2200,-0.47265625,0.3466796875,-0.8076171875
2201,-0.478515625,0.3388671875,-0.80859375
2202,-0.47265625,0.3369140625,-0.8056640625
2203,-0.466796875,0.337890625,-0.796875
2204,-0.4658203125,0.3310546875,-0.796875
2205,-0.4609375,0.3232421875,-0.7890625
2206,-0.4658203125,0.3232421875,-0.7890625
2207,-0.4619140625,0.3271484375,-0.7861328125
2208,-0.4619140625,0.3232421875,-0.78125
2209,-0.4677734375,0.3212890625,-0.7724609375
2210,-0.47265625,0.3291015625,-0.78125
2211,-0.4697265625,0.3271484375,-0.791015625
2212,-0.46875,0.3359375,-0.7900390625
2213,-0.470703125,0.33203125,-0.7939453125
2214,-0.4638671875,0.3291015625,-0.7880859375
2215,-0.466796875,0.3212890625,-0.7880859375
2216,-0.4658203125,0.322265625,-0.7861328125
2217,-0.466796875,0.3291015625,-0.7880859375
2218,-0.46875,0.330078125,-0.7880859375
2219,-0.4716796875,0.328125,-0.7890625
2220,-0.4697265625,0.3349609375,-0.7890625
2221,-0.47265625,0.3310546875,-0.7880859375
2222,-0.46875,0.3330078125,-0.791015625
2223,-0.47265625,0.333984375,-0.79296875
2224,-0.44140625,0.265625,-0.7958984375
2225,-0.46875,0.36328125,-0.794921875
2226,-0.4755859375,0.34375,-0.794921875
2227,-0.4765625,0.3408203125,-0.798828125
2228,-0.4736328125,0.33984375,-0.802734375
2229,-0.4775390625,0.34375,-0.80078125
2230,-0.4736328125,0.3359375,-0.80078125
2231,-0.474609375,0.3447265625,-0.80078125
2232,-0.48046875,0.3408203125,-0.8076171875
2233,-0.4814453125,0.33984375,-0.7958984375
2234,-0.474609375,0.3447265625,-0.7978515625
2235,-0.4697265625,0.3408203125,-0.7939453125
2236,-0.4736328125,0.341796875,-0.7939453125
2237,-0.4716796875,0.3427734375,-0.794921875
2238,-0.48046875,0.3447265625,-0.7919921875
2239,-0.470703125,0.3408203125,-0.7939453125
2240,-0.4794921875,0.3388671875,-0.7998046875
2241,-0.4765625,0.3359375,-0.7958984375
2242,-0.4775390625,0.3369140625,-0.7939453125
2243,-0.4736328125,0.33984375,-0.798828125
2244,-0.482421875,0.33984375,-0.8037109375
2245,-0.4755859375,0.337890625,-0.7998046875
2246,-0.4755859375,0.3408203125,-0.7998046875
2247,-0.4755859375,0.337890625,-0.8017578125
2248,-0.48046875,0.3349609375,-0.80078125
2249,-0.4716796875,0.33984375,-0.7978515625
2250,-0.4794921875,0.3349609375,-0.7978515625
2251,-0.4775390625,0.3369140625,-0.7939453125
2252,-0.4736328125,0.3330078125,-0.80078125
2253,-0.4775390625,0.328125,-0.7919921875
2254,-0.4794921875,0.3310546875,-0.7939453125
2255,-0.4736328125,0.3349609375,-0.796875
2256,-0.470703125,0.337890625,-0.794921875
2257,-0.4716796875,0.3271484375,-0.7978515625
2258,-0.4755859375,0.3271484375,-0.798828125
2259,-0.458984375,0.296875,-0.7958984375
2260,-0.494140625,0.365234375,-0.7900390625
2261,-0.4658203125,0.3359375,-0.791015625
2262,-0.4794921875,0.328125,-0.7958984375
2263,-0.4814453125,0.333984375,-0.787109375
2264,-0.4814453125,0.33203125,-0.7900390625
2265,-0.4736328125,0.32421875,-0.7861328125
2266,-0.4794921875,0.3232421875,-0.7919921875
2267,-0.4794921875,0.326171875,-0.7919921875
2268,-0.470703125,0.3291015625,-0.78515625
2269,-0.48046875,0.3291015625,-0.7890625
2270,-0.4765625,0.326171875,-0.7880859375
2271,-0.4931640625,0.33203125,-0.783203125
2272,-0.4765625,0.3291015625,-0.791015625
2273,-0.47265625,0.3193359375,-0.7900390625
2274,-0.490234375,0.3310546875,-0.796875
2275,-0.4765625,0.3427734375,-0.791015625
2276,-0.4765625,0.3359375,-0.7919921875
2277,-0.482421875,0.3359375,-0.7939453125
2278,-0.482421875,0.3359375,-0.794921875
2279,-0.4833984375,0.3330078125,-0.787109375
2280,-0.4814453125,0.3310546875,-0.7890625
2281,-0.4853515625,0.3232421875,-0.7900390625
2282,-0.482421875,0.3310546875,-0.7900390625
2283,-0.4794921875,0.3271484375,-0.7900390625
2284,-0.4833984375,0.3388671875,-0.7861328125
2285,-0.48046875,0.33984375,-0.7900390625
2286,-0.4814453125,0.330078125,-0.7890625
2287,-0.48046875,0.3291015625,-0.7890625
2288,-0.4775390625,0.3349609375,-0.78515625
2289,-0.4658203125,0.3037109375,-0.7822265625
2290,-0.4814453125,0.3525390625,-0.796875
2291,-0.4794921875,0.3251953125,-0.7802734375
2292,-0.478515625,0.3369140625,-0.79296875
2293,-0.48046875,0.3330078125,-0.783203125
2294,-0.48046875,0.33203125,-0.7900390625
2295,-0.4833984375,0.3369140625,-0.78515625
2296,-0.4775390625,0.330078125,-0.7958984375
2297,-0.4814453125,0.3359375,-0.7958984375
2298,-0.486328125,0.33984375,-0.7958984375
2299,-0.4912109375,0.3349609375,-0.791015625
2300,-0.494140625,0.3271484375,-0.7890625
2301,-0.4912109375,0.3359375,-0.78125
2302,-0.4892578125,0.3330078125,-0.7919921875
2303,-0.4833984375,0.3349609375,-0.791015625
2304,-0.46875,0.3349609375,-0.798828125
2305,-0.4853515625,0.32421875,-0.7958984375
2306,-0.48046875,0.3310546875,-0.787109375
2307,-0.3974609375,0.1845703125,-0.765625
2308,-0.5146484375,0.412109375,-0.8095703125
2309,-0.484375,0.34765625,-0.7958984375
2310,-0.4970703125,0.3271484375,-0.7900390625
2311,-0.4833984375,0.328125,-0.796875
2312,-0.4833984375,0.333984375,-0.7998046875
2313,-0.486328125,0.3369140625,-0.79296875
2314,-0.48828125,0.33203125,-0.7939453125
2315,-0.4921875,0.3330078125,-0.79296875
2316,-0.4814453125,0.328125,-0.7900390625
2317,-0.482421875,0.3466796875,-0.783203125
2318,-0.498046875,0.3330078125,-0.779296875
2319,-0.53125,0.3173828125,-0.7666015625
2320,-0.4892578125,0.3359375,-0.8046875
2321,-0.48828125,0.3134765625,-0.7939453125
2322,-0.4970703125,0.3212890625,-0.78515625
2323,-0.49609375,0.330078125,-0.775390625
2324,-0.478515625,0.322265625,-0.783203125
2325,-0.4921875,0.3427734375,-0.7861328125
2326,-0.490234375,0.341796875,-0.7900390625
2327,-0.4873046875,0.341796875,-0.7919921875
2328,-0.4951171875,0.3291015625,-0.7958984375
2329,-0.5009765625,0.333984375,-0.796875
2330,-0.4833984375,0.3349609375,-0.796875
2331,-0.490234375,0.314453125,-0.796875
2332,-0.4931640625,0.3427734375,-0.7744140625
2333,-0.490234375,0.3359375,-0.7724609375
2334,-0.4814453125,0.326171875,-0.77734375
2335,-0.4912109375,0.333984375,-0.7734375
2336,-0.4833984375,0.3154296875,-0.765625
2337,-0.490234375,0.318359375,-0.7900390625
2338,-0.486328125,0.3310546875,-0.7744140625
2339,-0.4931640625,0.3291015625,-0.7685546875
2340,-0.5029296875,0.322265625,-0.7685546875
2341,-0.5078125,0.3212890625,-0.7890625
2342,-0.484375,0.326171875,-0.7978515625
2343,-0.4873046875,0.310546875,-0.791015625
2344,-0.49609375,0.337890625,-0.7802734375
2345,-0.490234375,0.333984375,-0.7724609375
2346,-0.4970703125,0.33203125,-0.7890625
2347,-0.509765625,0.3349609375,-0.794921875
2348,-0.4990234375,0.3310546875,-0.7958984375
2349,-0.5,0.333984375,-0.79296875
2350,-0.5087890625,0.3212890625,-0.7822265625
2351,-0.505859375,0.3193359375,-0.7958984375
2352,-0.5048828125,0.3203125,-0.78125
2353,-0.5,0.3212890625,-0.783203125
2354,-0.50390625,0.3134765625,-0.787109375
2355,-0.4970703125,0.3203125,-0.783203125
2356,-0.494140625,0.3173828125,-0.7802734375
2357,-0.5029296875,0.3056640625,-0.7705078125
2358,-0.4931640625,0.322265625,-0.7900390625
2359,-0.4873046875,0.3359375,-0.7822265625
2360,-0.5087890625,0.3095703125,-0.7841796875
2361,-0.5,0.328125,-0.7861328125
2362,-0.49609375,0.30859375,-0.779296875
2363,-0.513671875,0.3212890625,-0.7763671875
2364,-0.5263671875,0.3076171875,-0.7841796875
2365,-0.4990234375,0.310546875,-0.7919921875
2366,-0.5,0.3115234375,-0.779296875
2367,-0.4990234375,0.3212890625,-0.7734375
2368,-0.5009765625,0.3203125,-0.7734375
2369,-0.509765625,0.314453125,-0.783203125
2370,-0.5087890625,0.3271484375,-0.7919921875
2371,-0.5126953125,0.3203125,-0.794921875
2372,-0.5078125,0.3212890625,-0.787109375
2373,-0.513671875,0.3212890625,-0.7919921875
2374,-0.5068359375,0.3134765625,-0.7822265625
2375,-0.50390625,0.3115234375,-0.7802734375
2376,-0.5009765625,0.30859375,-0.779296875
2377,-0.5107421875,0.3115234375,-0.7841796875
2378,-0.5126953125,0.318359375,-0.7919921875
2379,-0.505859375,0.318359375,-0.7822265625
2380,-0.5087890625,0.3232421875,-0.783203125
2381,-0.5185546875,0.3193359375,-0.78515625
2382,-0.513671875,0.310546875,-0.7763671875
2383,-0.505859375,0.3232421875,-0.7734375
2384,-0.509765625,0.3203125,-0.76953125
2385,-0.51171875,0.3203125,-0.7685546875
2386,-0.5107421875,0.3212890625,-0.7734375
2387,-0.5048828125,0.326171875,-0.7724609375
2388,-0.5078125,0.3193359375,-0.7724609375
2389,-0.517578125,0.3173828125,-0.76171875
2390,-0.5126953125,0.314453125,-0.76171875
2391,-0.517578125,0.31640625,-0.76171875
2392,-0.525390625,0.306640625,-0.7529296875
2393,-0.51171875,0.3134765625,-0.7705078125
2394,-0.513671875,0.3134765625,-0.7685546875
2395,-0.515625,0.31640625,-0.765625
2396,-0.5205078125,0.3154296875,-0.76953125
2397,-0.5166015625,0.3095703125,-0.767578125
2398,-0.517578125,0.310546875,-0.7705078125
2399,-0.5126953125,0.3095703125,-0.7705078125
2400,-0.5087890625,0.3203125,-0.76953125
2401,-0.513671875,0.3095703125,-0.771484375
2402,-0.5185546875,0.3115234375,-0.76953125
2403,-0.5224609375,0.3076171875,-0.7685546875
2404,-0.5185546875,0.3134765625,-0.76953125
2405,-0.513671875,0.318359375,-0.7744140625
2406,-0.5185546875,0.3193359375,-0.7705078125
2407,-0.5185546875,0.3203125,-0.7685546875
2408,-0.51171875,0.31640625,-0.7666015625
2409,-0.515625,0.3125,-0.763671875
2410,-0.5146484375,0.314453125,-0.775390625
2411,-0.5166015625,0.3134765625,-0.763671875
2412,-0.5146484375,0.3125,-0.7734375
2413,-0.5078125,0.3046875,-0.76953125
2414,-0.51953125,0.3076171875,-0.76171875
2415,-0.5185546875,0.3076171875,-0.7626953125
2416,-0.5205078125,0.3134765625,-0.7607421875
2417,-0.517578125,0.3115234375,-0.7666015625
2418,-0.521484375,0.3076171875,-0.76953125
2419,-0.515625,0.314453125,-0.771484375
2420,-0.5205078125,0.3115234375,-0.767578125
2421,-0.5205078125,0.3095703125,-0.7763671875
2422,-0.51953125,0.31640625,-0.775390625
2423,-0.5234375,0.322265625,-0.7783203125
2424,-0.5126953125,0.314453125,-0.7861328125
2425,-0.5205078125,0.3212890625,-0.787109375
2426,-0.5224609375,0.31640625,-0.78515625
2427,-0.5224609375,0.318359375,-0.783203125
2428,-0.5234375,0.3203125,-0.78515625
2429,-0.5205078125,0.3212890625,-0.787109375
2430,-0.51953125,0.3173828125,-0.775390625
2431,-0.517578125,0.3173828125,-0.7822265625
2432,-0.517578125,0.3115234375,-0.779296875
2433,-0.509765625,0.3203125,-0.7724609375
2434,-0.5107421875,0.30859375,-0.7705078125
2435,-0.5107421875,0.3134765625,-0.767578125
2436,-0.513671875,0.30859375,-0.765625
2437,-0.5107421875,0.31640625,-0.7666015625
2438,-0.51171875,0.314453125,-0.7685546875
2439,-0.5126953125,0.3154296875,-0.763671875
2440,-0.5126953125,0.310546875,-0.7685546875
2441,-0.515625,0.3125,-0.765625
2442,-0.517578125,0.31640625,-0.765625
2443,-0.5146484375,0.3125,-0.763671875
2444,-0.51953125,0.3125,-0.771484375
2445,-0.5224609375,0.3115234375,-0.7705078125
2446,-0.5185546875,0.318359375,-0.775390625
2447,-0.5166015625,0.30859375,-0.7685546875
2448,-0.51953125,0.3193359375,-0.7705078125
2449,-0.5146484375,0.31640625,-0.76953125
2450,-0.5126953125,0.318359375,-0.767578125
2451,-0.517578125,0.314453125,-0.7705078125
2452,-0.517578125,0.3193359375,-0.77734375
2453,-0.51953125,0.318359375,-0.7705078125
2454,-0.5205078125,0.314453125,-0.7685546875
2455,-0.5185546875,0.3154296875,-0.779296875
2456,-0.521484375,0.322265625,-0.7724609375
2457,-0.51953125,0.3173828125,-0.7705078125
2458,-0.521484375,0.314453125,-0.7734375
2459,-0.5205078125,0.3134765625,-0.765625
2460,-0.517578125,0.3125,-0.7783203125
2461,-0.5166015625,0.30859375,-0.7744140625
2462,-0.517578125,0.310546875,-0.7724609375
2463,-0.51953125,0.3134765625,-0.76953125
2464,-0.515625,0.3115234375,-0.7666015625
2465,-0.5205078125,0.30859375,-0.771484375
2466,-0.5224609375,0.306640625,-0.765625
2467,-0.5205078125,0.314453125,-0.76171875
2468,-0.5224609375,0.3154296875,-0.7666015625
2469,-0.521484375,0.3154296875,-0.76171875
2470,-0.5166015625,0.31640625,-0.7724609375
2471,-0.5185546875,0.3095703125,-0.7724609375
2472,-0.5185546875,0.3173828125,-0.767578125
2473,-0.5263671875,0.31640625,-0.767578125
2474,-0.521484375,0.31640625,-0.7734375
2475,-0.51953125,0.310546875,-0.7734375
2476,-0.5224609375,0.3203125,-0.7763671875
2477,-0.5234375,0.31640625,-0.771484375
2478,-0.5244140625,0.318359375,-0.7724609375
2479,-0.515625,0.322265625,-0.77734375
2480,-0.5185546875,0.3212890625,-0.7734375
2481,-0.513671875,0.3193359375,-0.7666015625
2482,-0.51953125,0.322265625,-0.7744140625
2483,-0.5185546875,0.322265625,-0.771484375
2484,-0.5166015625,0.3154296875,-0.771484375
2485,-0.5185546875,0.3232421875,-0.7685546875
2486,-0.5146484375,0.32421875,-0.7744140625
2487,-0.5185546875,0.3193359375,-0.77734375
2488,-0.5234375,0.322265625,-0.7685546875
2489,-0.517578125,0.3193359375,-0.7685546875
2490,-0.5146484375,0.318359375,-0.7724609375
2491,-0.515625,0.3115234375,-0.765625
2492,-0.5166015625,0.3193359375,-0.77734375
2493,-0.5166015625,0.3134765625,-0.76953125
2494,-0.5166015625,0.3193359375,-0.7705078125
2495,-0.513671875,0.3154296875,-0.7666015625
2496,-0.5126953125,0.3173828125,-0.775390625
2497,-0.51953125,0.3203125,-0.7705078125
2498,-0.5166015625,0.3134765625,-0.7724609375
2499,-0.5185546875,0.3173828125,-0.76953125
2500,-0.5146484375,0.3173828125,-0.7763671875
2501,-0.515625,0.318359375,-0.7724609375
2502,-0.517578125,0.3203125,-0.7724609375
2503,-0.5126953125,0.318359375,-0.7734375
2504,-0.51171875,0.318359375,-0.7734375
2505,-0.517578125,0.32421875,-0.7705078125
2506,-0.517578125,0.3193359375,-0.771484375
2507,-0.5166015625,0.314453125,-0.7685546875
2508,-0.5146484375,0.3232421875,-0.7724609375
2509,-0.517578125,0.3134765625,-0.775390625
2510,-0.5126953125,0.3212890625,-0.7783203125
2511,-0.513671875,0.318359375,-0.77734375
2512,-0.509765625,0.3203125,-0.7763671875
2513,-0.5185546875,0.3203125,-0.771484375
2514,-0.513671875,0.314453125,-0.7724609375
2515,-0.5166015625,0.3154296875,-0.7734375
2516,-0.51953125,0.3193359375,-0.7724609375
2517,-0.515625,0.3193359375,-0.775390625
2518,-0.515625,0.3203125,-0.77734375
2519,-0.515625,0.31640625,-0.7734375
2520,-0.5146484375,0.318359375,-0.7705078125
2521,-0.517578125,0.3193359375,-0.7724609375
2522,-0.5126953125,0.314453125,-0.76171875
2523,-0.513671875,0.31640625,-0.7685546875
2524,-0.513671875,0.3173828125,-0.76953125
2525,-0.5166015625,0.3134765625,-0.7705078125
2526,-0.5166015625,0.3125,-0.771484375
2527,-0.5185546875,0.3193359375,-0.7705078125
2528,-0.51171875,0.3193359375,-0.7724609375
2529,-0.5166015625,0.3212890625,-0.771484375
2530,-0.5185546875,0.3173828125,-0.7705078125
2531,-0.517578125,0.3173828125,-0.7724609375
2532,-0.51953125,0.3251953125,-0.7685546875
2533,-0.5107421875,0.3193359375,-0.771484375
2534,-0.515625,0.3203125,-0.7724609375
2535,-0.5166015625,0.3193359375,-0.771484375
2536,-0.5205078125,0.31640625,-0.7744140625
2537,-0.521484375,0.3212890625,-0.7734375
2538,-0.5224609375,0.3173828125,-0.7744140625
2539,-0.51953125,0.3203125,-0.7744140625
2540,-0.5146484375,0.3212890625,-0.7724609375
2541,-0.513671875,0.318359375,-0.76953125
2542,-0.51953125,0.3193359375,-0.765625
2543,-0.515625,0.3212890625,-0.765625
2544,-0.5224609375,0.3251953125,-0.767578125
2545,-0.5126953125,0.3173828125,-0.7705078125
2546,-0.517578125,0.3134765625,-0.7744140625
2547,-0.5185546875,0.3193359375,-0.771484375
2548,-0.5234375,0.322265625,-0.76953125
2549,-0.5205078125,0.322265625,-0.7685546875
2550,-0.5146484375,0.3173828125,-0.767578125
2551,-0.5185546875,0.3203125,-0.7724609375
2552,-0.513671875,0.322265625,-0.7685546875
2553,-0.5234375,0.318359375,-0.7734375
2554,-0.5224609375,0.314453125,-0.775390625
2555,-0.515625,0.3193359375,-0.7646484375
2556,-0.5185546875,0.318359375,-0.771484375
2557,-0.515625,0.3154296875,-0.7666015625
2558,-0.5185546875,0.31640625,-0.7734375
2559,-0.517578125,0.318359375,-0.771484375
2560,-0.5185546875,0.3193359375,-0.7705078125
2561,-0.5146484375,0.3212890625,-0.7724609375
2562,-0.5107421875,0.318359375,-0.77734375
2563,-0.515625,0.318359375,-0.775390625
2564,-0.517578125,0.3203125,-0.7724609375
2565,-0.513671875,0.3173828125,-0.771484375
2566,-0.51171875,0.322265625,-0.775390625
2567,-0.5185546875,0.3212890625,-0.775390625
2568,-0.5166015625,0.322265625,-0.7724609375
2569,-0.5146484375,0.322265625,-0.7744140625
2570,-0.515625,0.3212890625,-0.7724609375
2571,-0.521484375,0.322265625,-0.7744140625
2572,-0.521484375,0.314453125,-0.7734375
2573,-0.5205078125,0.326171875,-0.775390625
2574,-0.5205078125,0.3212890625,-0.7724609375
2575,-0.5205078125,0.32421875,-0.7744140625
2576,-0.5126953125,0.322265625,-0.7685546875
2577,-0.5185546875,0.3193359375,-0.7705078125
2578,-0.5126953125,0.3173828125,-0.7744140625
2579,-0.515625,0.314453125,-0.771484375
2580,-0.517578125,0.31640625,-0.7666015625
2581,-0.5146484375,0.314453125,-0.7685546875
2582,-0.517578125,0.3173828125,-0.7724609375
2583,-0.513671875,0.31640625,-0.7685546875
2584,-0.51171875,0.3193359375,-0.7685546875
2585,-0.521484375,0.3173828125,-0.7626953125
2586,-0.5146484375,0.318359375,-0.767578125
2587,-0.5146484375,0.3154296875,-0.7685546875
2588,-0.51953125,0.3212890625,-0.771484375
2589,-0.5166015625,0.3154296875,-0.77734375
2590,-0.5166015625,0.32421875,-0.775390625
2591,-0.509765625,0.3203125,-0.771484375
2592,-0.5087890625,0.3193359375,-0.7763671875
2593,-0.5126953125,0.31640625,-0.7763671875
2594,-0.51171875,0.318359375,-0.771484375
2595,-0.5146484375,0.3125,-0.7705078125
2596,-0.5166015625,0.318359375,-0.7685546875
2597,-0.513671875,0.3193359375,-0.7763671875
2598,-0.51171875,0.3193359375,-0.779296875
2599,-0.51953125,0.326171875,-0.7734375
2600,-0.5146484375,0.322265625,-0.7666015625
2601,-0.5166015625,0.318359375,-0.77734375
2602,-0.51953125,0.3232421875,-0.767578125
2603,-0.5126953125,0.3134765625,-0.7705078125
2604,-0.5146484375,0.32421875,-0.7666015625
2605,-0.517578125,0.326171875,-0.7685546875
2606,-0.513671875,0.3193359375,-0.7685546875
2607,-0.5166015625,0.322265625,-0.7685546875
2608,-0.5146484375,0.3203125,-0.765625
2609,-0.515625,0.330078125,-0.7705078125
2610,-0.5146484375,0.3212890625,-0.7626953125
2611,-0.5146484375,0.3134765625,-0.775390625
2612,-0.5205078125,0.3193359375,-0.7724609375
2613,-0.5166015625,0.318359375,-0.7685546875
2614,-0.5146484375,0.3154296875,-0.7734375
2615,-0.515625,0.32421875,-0.771484375
2616,-0.51171875,0.318359375,-0.771484375
2617,-0.51953125,0.3193359375,-0.7705078125
2618,-0.5185546875,0.3193359375,-0.775390625
2619,-0.517578125,0.31640625,-0.7685546875
2620,-0.517578125,0.322265625,-0.7724609375
2621,-0.5185546875,0.3134765625,-0.7705078125
2622,-0.5126953125,0.314453125,-0.7744140625
2623,-0.513671875,0.322265625,-0.7822265625
2624,-0.5166015625,0.3203125,-0.78125
2625,-0.5185546875,0.3251953125,-0.771484375
2626,-0.517578125,0.3212890625,-0.7705078125
2627,-0.5166015625,0.3203125,-0.7734375
2628,-0.515625,0.3173828125,-0.775390625
2629,-0.5146484375,0.3115234375,-0.7744140625
2630,-0.51953125,0.314453125,-0.779296875
2631,-0.5185546875,0.314453125,-0.7724609375
2632,-0.5185546875,0.318359375,-0.7724609375
2633,-0.5185546875,0.3203125,-0.767578125
2634,-0.5146484375,0.3173828125,-0.7744140625
2635,-0.51953125,0.318359375,-0.76953125
2636,-0.5146484375,0.3193359375,-0.7666015625
2637,-0.513671875,0.3125,-0.7734375
2638,-0.513671875,0.3154296875,-0.7646484375
2639,-0.5146484375,0.3154296875,-0.767578125
2640,-0.517578125,0.318359375,-0.7646484375
2641,-0.5185546875,0.3193359375,-0.7646484375
2642,-0.515625,0.318359375,-0.767578125
2643,-0.5185546875,0.31640625,-0.7685546875
2644,-0.5234375,0.322265625,-0.7666015625
2645,-0.521484375,0.31640625,-0.771484375
2646,-0.5205078125,0.3173828125,-0.767578125
2647,-0.5185546875,0.3203125,-0.771484375
2648,-0.5244140625,0.3193359375,-0.779296875
2649,-0.51953125,0.3203125,-0.76953125
2650,-0.5205078125,0.31640625,-0.767578125
2651,-0.515625,0.3154296875,-0.771484375
2652,-0.51953125,0.318359375,-0.771484375
2653,-0.517578125,0.3203125,-0.7666015625
2654,-0.521484375,0.3232421875,-0.7666015625
2655,-0.521484375,0.3193359375,-0.767578125
2656,-0.525390625,0.3203125,-0.76953125
2657,-0.5244140625,0.322265625,-0.76953125
2658,-0.5224609375,0.3232421875,-0.7666015625
2659,-0.51171875,0.31640625,-0.7646484375
2660,-0.5146484375,0.3232421875,-0.763671875
2661,-0.5166015625,0.3193359375,-0.767578125
2662,-0.51953125,0.3173828125,-0.7705078125
2663,-0.51953125,0.3173828125,-0.767578125
2664,-0.51953125,0.3173828125,-0.7666015625
2665,-0.5244140625,0.3203125,-0.7685546875
2666,-0.51953125,0.3203125,-0.76953125
2667,-0.5263671875,0.326171875,-0.7705078125
2668,-0.51953125,0.3193359375,-0.765625
2669,-0.5234375,0.318359375,-0.7734375
2670,-0.517578125,0.322265625,-0.7724609375
2671,-0.517578125,0.318359375,-0.7705078125
2672,-0.5234375,0.3203125,-0.7685546875
2673,-0.51953125,0.3203125,-0.76953125
2674,-0.51953125,0.3212890625,-0.771484375
2675,-0.5146484375,0.326171875,-0.7705078125
2676,-0.5126953125,0.3203125,-0.76953125
2677,-0.5166015625,0.3173828125,-0.7734375
2678,-0.5185546875,0.318359375,-0.7685546875
2679,-0.51953125,0.318359375,-0.771484375
2680,-0.5107421875,0.3154296875,-0.76953125
2681,-0.5146484375,0.3154296875,-0.7666015625
2682,-0.51953125,0.3134765625,-0.76953125
2683,-0.51953125,0.3125,-0.76953125
2684,-0.5244140625,0.318359375,-0.7666015625
2685,-0.5205078125,0.3193359375,-0.771484375
2686,-0.521484375,0.326171875,-0.7685546875
2687,-0.5224609375,0.314453125,-0.76953125
2688,-0.5234375,0.3203125,-0.765625
2689,-0.5234375,0.3173828125,-0.771484375
2690,-0.53515625,0.3193359375,-0.7666015625
2691,-0.5283203125,0.3203125,-0.771484375
2692,-0.52734375,0.318359375,-0.77734375
2693,-0.5283203125,0.31640625,-0.771484375
2694,-0.51953125,0.3125,-0.775390625
2695,-0.5244140625,0.3154296875,-0.771484375
2696,-0.5185546875,0.314453125,-0.7724609375
2697,-0.5234375,0.318359375,-0.7744140625
2698,-0.5234375,0.314453125,-0.76953125
2699,-0.517578125,0.314453125,-0.7724609375
2700,-0.5302734375,0.3154296875,-0.7705078125
2701,-0.5302734375,0.31640625,-0.7802734375
2702,-0.533203125,0.314453125,-0.7783203125
2703,-0.5244140625,0.3154296875,-0.7724609375
2704,-0.5263671875,0.318359375,-0.7763671875
2705,-0.525390625,0.3154296875,-0.767578125
2706,-0.5263671875,0.3134765625,-0.763671875
2707,-0.5205078125,0.3115234375,-0.765625
2708,-0.521484375,0.322265625,-0.763671875
2709,-0.515625,0.3173828125,-0.7685546875
2710,-0.517578125,0.3134765625,-0.7587890625
2711,-0.5224609375,0.3134765625,-0.759765625
2712,-0.517578125,0.3056640625,-0.7578125
2713,-0.5205078125,0.3134765625,-0.7607421875
2714,-0.513671875,0.3115234375,-0.7587890625
2715,-0.517578125,0.3173828125,-0.7578125
2716,-0.5185546875,0.318359375,-0.767578125
2717,-0.5263671875,0.3154296875,-0.765625
2718,-0.5224609375,0.31640625,-0.765625
2719,-0.521484375,0.3203125,-0.76953125
2720,-0.5244140625,0.318359375,-0.765625
2721,-0.53125,0.3203125,-0.7666015625
2722,-0.5205078125,0.31640625,-0.7587890625
2723,-0.5224609375,0.3193359375,-0.7666015625
2724,-0.5244140625,0.314453125,-0.7626953125
2725,-0.5283203125,0.318359375,-0.7724609375
2726,-0.5234375,0.318359375,-0.76953125
2727,-0.5205078125,0.318359375,-0.76171875
2728,-0.521484375,0.31640625,-0.763671875
2729,-0.5166015625,0.3203125,-0.7626953125
2730,-0.5185546875,0.3212890625,-0.755859375
2731,-0.51953125,0.3173828125,-0.765625
2732,-0.521484375,0.3193359375,-0.7666015625
2733,-0.5224609375,0.3232421875,-0.7646484375
2734,-0.5205078125,0.3212890625,-0.7578125
2735,-0.5244140625,0.318359375,-0.7666015625
2736,-0.5234375,0.3193359375,-0.7587890625
2737,-0.529296875,0.3232421875,-0.765625
2738,-0.53125,0.3212890625,-0.765625
2739,-0.529296875,0.318359375,-0.7705078125
2740,-0.5234375,0.31640625,-0.7685546875
2741,-0.5302734375,0.3251953125,-0.767578125
2742,-0.533203125,0.3232421875,-0.76953125
2743,-0.5390625,0.3212890625,-0.7666015625
2744,-0.533203125,0.3173828125,-0.771484375
2745,-0.5322265625,0.3095703125,-0.76953125
2746,-0.52734375,0.318359375,-0.7705078125
2747,-0.5302734375,0.3134765625,-0.7646484375
2748,-0.533203125,0.3154296875,-0.767578125
2749,-0.52734375,0.310546875,-0.7734375
2750,-0.5283203125,0.3193359375,-0.7705078125
2751,-0.533203125,0.31640625,-0.7685546875
2752,-0.5302734375,0.318359375,-0.76953125
2753,-0.525390625,0.3134765625,-0.7705078125
2754,-0.529296875,0.3134765625,-0.7734375
2755,-0.5322265625,0.310546875,-0.765625
2756,-0.5361328125,0.310546875,-0.7666015625
2757,-0.5322265625,0.3076171875,-0.7646484375
2758,-0.533203125,0.3056640625,-0.767578125
2759,-0.52734375,0.3134765625,-0.76953125
2760,-0.529296875,0.3095703125,-0.7666015625
2761,-0.5234375,0.30859375,-0.767578125
2762,-0.5244140625,0.3076171875,-0.767578125
2763,-0.5302734375,0.310546875,-0.7626953125
2764,-0.5302734375,0.3076171875,-0.7666015625
2765,-0.5205078125,0.3154296875,-0.76171875
2766,-0.5244140625,0.3095703125,-0.765625
2767,-0.533203125,0.3134765625,-0.7744140625
2768,-0.5302734375,0.3046875,-0.7685546875
2769,-0.5283203125,0.3154296875,-0.767578125
2770,-0.53125,0.31640625,-0.7685546875
2771,-0.5244140625,0.3193359375,-0.7666015625
2772,-0.5322265625,0.310546875,-0.763671875
2773,-0.5380859375,0.3115234375,-0.7666015625
2774,-0.5302734375,0.3154296875,-0.7666015625
2775,-0.537109375,0.3134765625,-0.76953125
2776,-0.53125,0.3125,-0.7685546875
2777,-0.5390625,0.318359375,-0.76953125
2778,-0.53515625,0.3193359375,-0.767578125
2779,-0.5283203125,0.310546875,-0.76953125
2780,-0.5302734375,0.3134765625,-0.763671875
2781,-0.5302734375,0.3212890625,-0.7724609375
2782,-0.5341796875,0.3173828125,-0.7666015625
2783,-0.5390625,0.3212890625,-0.767578125
2784,-0.541015625,0.318359375,-0.76953125
2785,-0.5283203125,0.3212890625,-0.7666015625
2786,-0.5390625,0.3193359375,-0.7666015625
2787,-0.53125,0.3173828125,-0.7607421875
2788,-0.5400390625,0.31640625,-0.763671875
2789,-0.5322265625,0.3212890625,-0.759765625
2790,-0.52734375,0.3212890625,-0.7578125
2791,-0.52734375,0.3203125,-0.7548828125
2792,-0.52734375,0.3125,-0.7626953125
2793,-0.525390625,0.314453125,-0.7607421875
2794,-0.5302734375,0.3173828125,-0.7568359375
2795,-0.517578125,0.31640625,-0.7626953125
2796,-0.5234375,0.3134765625,-0.763671875
2797,-0.525390625,0.3173828125,-0.7626953125
2798,-0.51953125,0.314453125,-0.7626953125
2799,-0.5244140625,0.3193359375,-0.767578125
2800,-0.5263671875,0.3134765625,-0.7578125
2801,-0.5302734375,0.3115234375,-0.767578125
2802,-0.5205078125,0.314453125,-0.763671875
2803,-0.51953125,0.322265625,-0.7578125
2804,-0.5234375,0.3203125,-0.7626953125
2805,-0.5244140625,0.3271484375,-0.771484375
2806,-0.53125,0.3193359375,-0.767578125
2807,-0.5224609375,0.3232421875,-0.7685546875
2808,-0.53515625,0.3193359375,-0.7763671875
2809,-0.533203125,0.3212890625,-0.76953125
2810,-0.533203125,0.3203125,-0.7724609375
2811,-0.5302734375,0.3193359375,-0.7685546875
2812,-0.5341796875,0.3173828125,-0.771484375
2813,-0.5400390625,0.3212890625,-0.7734375
2814,-0.5322265625,0.3232421875,-0.763671875
2815,-0.521484375,0.3154296875,-0.771484375
2816,-0.5361328125,0.318359375,-0.7705078125
2817,-0.529296875,0.3203125,-0.7685546875
2818,-0.5361328125,0.3173828125,-0.76953125
2819,-0.537109375,0.318359375,-0.765625
2820,-0.5380859375,0.3134765625,-0.767578125
2821,-0.525390625,0.3212890625,-0.767578125
2822,-0.5283203125,0.3134765625,-0.765625
2823,-0.537109375,0.3095703125,-0.7666015625
2824,-0.5341796875,0.3134765625,-0.7587890625
2825,-0.529296875,0.3134765625,-0.7626953125
2826,-0.533203125,0.3115234375,-0.7607421875
2827,-0.53515625,0.31640625,-0.76171875
2828,-0.53125,0.30859375,-0.76171875
2829,-0.525390625,0.3134765625,-0.767578125
2830,-0.5380859375,0.310546875,-0.767578125
2831,-0.53515625,0.314453125,-0.76171875
2832,-0.541015625,0.3115234375,-0.759765625
2833,-0.533203125,0.3125,-0.765625
2834,-0.5283203125,0.314453125,-0.763671875
2835,-0.525390625,0.3154296875,-0.7666015625
2836,-0.5380859375,0.3154296875,-0.763671875
2837,-0.5322265625,0.3212890625,-0.765625
2838,-0.52734375,0.314453125,-0.76171875
2839,-0.53515625,0.31640625,-0.7666015625
2840,-0.5361328125,0.3203125,-0.767578125
2841,-0.5390625,0.322265625,-0.7587890625
2842,-0.541015625,0.318359375,-0.7685546875
2843,-0.5400390625,0.3193359375,-0.765625
2844,-0.5361328125,0.318359375,-0.763671875
2845,-0.5322265625,0.3193359375,-0.7646484375
2846,-0.5361328125,0.318359375,-0.7646484375
2847,-0.5361328125,0.322265625,-0.763671875
2848,-0.5419921875,0.322265625,-0.7529296875
2849,-0.5419921875,0.3232421875,-0.7607421875
2850,-0.5341796875,0.3193359375,-0.763671875
2851,-0.53125,0.3193359375,-0.7646484375
2852,-0.53125,0.3212890625,-0.767578125
2853,-0.53515625,0.3212890625,-0.765625
2854,-0.5400390625,0.3203125,-0.767578125
2855,-0.541015625,0.322265625,-0.76171875
2856,-0.541015625,0.3232421875,-0.7626953125
2857,-0.5390625,0.3212890625,-0.7607421875
2858,-0.5263671875,0.3173828125,-0.7646484375
2859,-0.533203125,0.31640625,-0.7626953125
2860,-0.5234375,0.318359375,-0.759765625
2861,-0.5234375,0.31640625,-0.7578125
2862,-0.5361328125,0.3232421875,-0.759765625
2863,-0.53125,0.3203125,-0.7607421875
2864,-0.5341796875,0.3193359375,-0.759765625
2865,-0.5341796875,0.3193359375,-0.759765625
2866,-0.537109375,0.322265625,-0.7578125
2867,-0.5400390625,0.3154296875,-0.7587890625
2868,-0.5390625,0.3154296875,-0.763671875
2869,-0.5380859375,0.3173828125,-0.767578125
2870,-0.5390625,0.318359375,-0.76171875
2871,-0.5224609375,0.3203125,-0.7607421875
2872,-0.53125,0.322265625,-0.7607421875
2873,-0.5380859375,0.3193359375,-0.76171875
2874,-0.5341796875,0.3134765625,-0.7646484375
2875,-0.5361328125,0.3203125,-0.759765625
2876,-0.5361328125,0.3095703125,-0.767578125
2877,-0.52734375,0.3095703125,-0.763671875
2878,-0.53515625,0.322265625,-0.7578125
2879,-0.54296875,0.3154296875,-0.76171875
2880,-0.5302734375,0.3173828125,-0.7607421875
2881,-0.5322265625,0.31640625,-0.765625
2882,-0.5302734375,0.3115234375,-0.75390625
2883,-0.541015625,0.318359375,-0.7587890625
2884,-0.5341796875,0.3115234375,-0.759765625
2885,-0.53515625,0.3125,-0.7548828125
2886,-0.5341796875,0.3154296875,-0.755859375
2887,-0.5302734375,0.318359375,-0.75390625
2888,-0.5361328125,0.3095703125,-0.755859375
2889,-0.541015625,0.3173828125,-0.7607421875
2890,-0.533203125,0.3154296875,-0.7568359375
2891,-0.5390625,0.31640625,-0.76171875
2892,-0.5419921875,0.3154296875,-0.7666015625
2893,-0.5302734375,0.3154296875,-0.763671875
2894,-0.5361328125,0.3134765625,-0.7646484375
2895,-0.5390625,0.314453125,-0.7646484375
2896,-0.5380859375,0.310546875,-0.7646484375
2897,-0.5400390625,0.3193359375,-0.7685546875
2898,-0.5390625,0.3193359375,-0.763671875
2899,-0.5400390625,0.322265625,-0.765625
2900,-0.5341796875,0.32421875,-0.763671875
2901,-0.541015625,0.318359375,-0.767578125
2902,-0.529296875,0.3193359375,-0.763671875
2903,-0.541015625,0.3291015625,-0.7578125
2904,-0.5380859375,0.3193359375,-0.763671875
2905,-0.5390625,0.322265625,-0.763671875
2906,-0.53515625,0.3212890625,-0.767578125
2907,-0.5400390625,0.3134765625,-0.7578125
2908,-0.5400390625,0.3212890625,-0.755859375
2909,-0.5390625,0.3173828125,-0.7548828125
2910,-0.5283203125,0.318359375,-0.7607421875
2911,-0.5341796875,0.3203125,-0.755859375
2912,-0.5361328125,0.3115234375,-0.751953125
2913,-0.525390625,0.318359375,-0.7548828125
2914,-0.5341796875,0.3193359375,-0.7607421875
2915,-0.52734375,0.3212890625,-0.76171875
2916,-0.5390625,0.31640625,-0.7626953125
2917,-0.5361328125,0.3154296875,-0.7666015625
2918,-0.52734375,0.3173828125,-0.7587890625
2919,-0.5390625,0.318359375,-0.7666015625
2920,-0.5341796875,0.3193359375,-0.767578125
2921,-0.5390625,0.3193359375,-0.763671875
2922,-0.537109375,0.3232421875,-0.76171875
2923,-0.5380859375,0.318359375,-0.7685546875
2924,-0.5380859375,0.31640625,-0.76953125
2925,-0.541015625,0.3173828125,-0.763671875
2926,-0.541015625,0.31640625,-0.7685546875
2927,-0.5322265625,0.3154296875,-0.763671875
2928,-0.53515625,0.3134765625,-0.767578125
2929,-0.5322265625,0.3173828125,-0.76171875
2930,-0.541015625,0.3212890625,-0.7568359375
2931,-0.541015625,0.3134765625,-0.76953125
2932,-0.529296875,0.3212890625,-0.767578125
2933,-0.529296875,0.3134765625,-0.765625
2934,-0.5341796875,0.318359375,-0.765625
2935,-0.5341796875,0.3134765625,-0.7548828125
2936,-0.5380859375,0.3173828125,-0.759765625
2937,-0.5283203125,0.3193359375,-0.7568359375
2938,-0.53515625,0.3154296875,-0.7607421875
2939,-0.53515625,0.314453125,-0.75390625
2940,-0.53125,0.314453125,-0.7578125
2941,-0.53125,0.314453125,-0.7578125
2942,-0.5283203125,0.318359375,-0.7578125
2943,-0.544921875,0.314453125,-0.7626953125
2944,-0.5390625,0.314453125,-0.76171875
2945,-0.533203125,0.318359375,-0.765625
2946,-0.5263671875,0.3154296875,-0.7587890625
2947,-0.53515625,0.3134765625,-0.7578125
2948,-0.53515625,0.31640625,-0.7587890625
2949,-0.5361328125,0.31640625,-0.751953125
2950,-0.541015625,0.3212890625,-0.767578125
2951,-0.537109375,0.3173828125,-0.751953125
2952,-0.5390625,0.3212890625,-0.7578125
2953,-0.5390625,0.3125,-0.7578125
2954,-0.5361328125,0.3125,-0.7578125
2955,-0.5400390625,0.3212890625,-0.767578125
2956,-0.5390625,0.3173828125,-0.7568359375
2957,-0.5419921875,0.3212890625,-0.76171875
2958,-0.5419921875,0.3154296875,-0.7666015625
2959,-0.54296875,0.3173828125,-0.76953125
2960,-0.53515625,0.322265625,-0.765625
2961,-0.533203125,0.31640625,-0.7685546875
2962,-0.53125,0.3193359375,-0.76953125
2963,-0.5419921875,0.3173828125,-0.7646484375
2964,-0.541015625,0.318359375,-0.767578125
2965,-0.5400390625,0.3212890625,-0.763671875
2966,-0.5380859375,0.3193359375,-0.7666015625
2967,-0.5400390625,0.3193359375,-0.7666015625
2968,-0.5390625,0.3212890625,-0.767578125
2969,-0.5390625,0.3212890625,-0.76171875
2970,-0.533203125,0.322265625,-0.7568359375
2971,-0.533203125,0.3212890625,-0.765625
2972,-0.53515625,0.3212890625,-0.7666015625
2973,-0.5302734375,0.32421875,-0.7646484375
2974,-0.544921875,0.318359375,-0.767578125
2975,-0.5283203125,0.3193359375,-0.76171875
2976,-0.5322265625,0.322265625,-0.76171875
2977,-0.52734375,0.326171875,-0.7626953125
2978,-0.5302734375,0.322265625,-0.76171875
2979,-0.5302734375,0.322265625,-0.7568359375
2980,-0.5341796875,0.3203125,-0.76171875
2981,-0.5361328125,0.3203125,-0.7607421875
2982,-0.5390625,0.3212890625,-0.7587890625
2983,-0.5341796875,0.322265625,-0.7509765625
2984,-0.5419921875,0.3193359375,-0.755859375
2985,-0.525390625,0.3203125,-0.76171875
2986,-0.53125,0.322265625,-0.76171875
2987,-0.53125,0.3173828125,-0.7587890625
2988,-0.5302734375,0.3193359375,-0.7529296875
2989,-0.5322265625,0.3193359375,-0.759765625
2990,-0.5361328125,0.3212890625,-0.7578125
2991,-0.5390625,0.31640625,-0.767578125
2992,-0.5419921875,0.3173828125,-0.751953125
2993,-0.5400390625,0.3173828125,-0.76171875
2994,-0.541015625,0.31640625,-0.765625
2995,-0.533203125,0.3193359375,-0.763671875
2996,-0.5390625,0.322265625,-0.7578125
2997,-0.541015625,0.3203125,-0.765625
2998,-0.5390625,0.3154296875,-0.767578125
2999,-0.5341796875,0.30859375,-0.765625
