,accelerometerAccelerationX(G),accelerometerAccelerationY(G),accelerometerAccelerationZ(G)
0,0.048828125,-0.9375,0.2216796875
1,0.052734375,-0.93359375,0.2236328125
2,0.0517578125,-0.9345703125,0.2236328125
3,0.0517578125,-0.9306640625,0.2177734375
4,0.046875,-0.93359375,0.2216796875
5,0.048828125,-0.9296875,0.220703125
6,0.048828125,-0.9306640625,0.2216796875
7,0.048828125,-0.9384765625,0.2216796875
8,0.0478515625,-0.93359375,0.2197265625
9,0.048828125,-0.9326171875,0.2236328125
10,0.048828125,-0.93359375,0.21875
11,0.05078125,-0.9384765625,0.220703125
12,0.05078125,-0.9375,0.220703125
13,0.0498046875,-0.943359375,0.220703125
14,0.048828125,-0.931640625,0.216796875
15,0.0458984375,-0.927734375,0.2197265625
16,0.0458984375,-0.93359375,0.2177734375
17,0.0458984375,-0.93359375,0.2158203125
18,0.0498046875,-0.93359375,0.2158203125
19,0.0478515625,-0.9296875,0.2138671875
20,0.0478515625,-0.931640625,0.2197265625
21,0.044921875,-0.9306640625,0.2236328125
22,0.0546875,-0.9345703125,0.2255859375
23,0.0517578125,-0.9306640625,0.22265625
24,0.0439453125,-0.9326171875,0.2275390625
25,0.0458984375,-0.9287109375,0.2265625
26,0.0517578125,-0.93359375,0.2236328125
27,0.048828125,-0.9326171875,0.224609375
28,0.0439453125,-0.931640625,0.2314453125
29,0.0478515625,-0.93359375,0.23046875
30,0.0517578125,-0.93359375,0.2314453125
31,0.0498046875,-0.9306640625,0.2265625
32,0.05078125,-0.9296875,0.23046875
33,0.0498046875,-0.9326171875,0.2265625
34,0.0537109375,-0.9375,0.2236328125
35,0.0498046875,-0.931640625,0.22265625
36,0.0498046875,-0.9345703125,0.2216796875
37,0.046875,-0.935546875,0.224609375
38,0.0556640625,-0.9306640625,0.2236328125
39,0.0458984375,-0.9326171875,0.212890625
40,0.0498046875,-0.9296875,0.2177734375
41,0.0478515625,-0.9296875,0.2197265625
42,0.044921875,-0.931640625,0.22265625
43,0.046875,-0.9326171875,0.2216796875
44,0.0419921875,-0.931640625,0.220703125
45,0.0546875,-0.9296875,0.2197265625
46,0.0458984375,-0.9287109375,0.2177734375
47,0.052734375,-0.931640625,0.2177734375
48,0.0498046875,-0.94140625,0.22265625
49,0.05078125,-0.935546875,0.2265625
50,0.04296875,-0.9365234375,0.2255859375
51,0.0498046875,-0.9345703125,0.224609375
52,0.044921875,-0.9375,0.2294921875
53,0.0478515625,-0.9404296875,0.224609375
54,0.044921875,-0.9375,0.2197265625
55,0.0439453125,-0.9404296875,0.220703125
56,0.0478515625,-0.9345703125,0.22265625
57,0.0498046875,-0.9384765625,0.220703125
58,0.048828125,-0.9375,0.2216796875
59,0.0478515625,-0.939453125,0.2158203125
60,0.052734375,-0.9375,0.216796875
61,0.0537109375,-0.9404296875,0.2197265625
62,0.056640625,-0.94140625,0.21875
63,0.056640625,-0.93359375,0.216796875
64,0.0537109375,-0.9404296875,0.2177734375
65,0.05859375,-0.94140625,0.2138671875
66,0.05859375,-0.9365234375,0.2119140625
67,0.05859375,-0.94140625,0.21875
68,0.056640625,-0.9287109375,0.212890625
69,0.0625,-0.9296875,0.2138671875
70,0.0634765625,-0.9287109375,0.21875
71,0.064453125,-0.9296875,0.2216796875
72,0.0673828125,-0.9375,0.22265625
73,0.06640625,-0.9462890625,0.2216796875
74,0.0673828125,-0.9423828125,0.21875
75,0.05859375,-0.9443359375,0.2197265625
76,0.0595703125,-0.9404296875,0.216796875
77,0.0654296875,-0.94140625,0.2119140625
78,0.0634765625,-0.9404296875,0.22265625
79,0.0615234375,-0.935546875,0.2158203125
80,0.0595703125,-0.94140625,0.2138671875
81,0.064453125,-0.9423828125,0.2158203125
82,0.0634765625,-0.9384765625,0.216796875
83,0.064453125,-0.9423828125,0.2138671875
84,0.064453125,-0.9365234375,0.2119140625
85,0.072265625,-0.9375,0.212890625
86,0.0693359375,-0.94140625,0.2060546875
87,0.0693359375,-0.9365234375,0.212890625
88,0.07421875,-0.9375,0.2119140625
89,0.0732421875,-0.9365234375,0.21484375
90,0.0732421875,-0.935546875,0.2119140625
91,0.0771484375,-0.9296875,0.2099609375
92,0.076171875,-0.9287109375,0.21484375
93,0.0751953125,-0.9326171875,0.2119140625
94,0.07421875,-0.9306640625,0.21484375
95,0.0693359375,-0.92578125,0.2109375
96,0.0693359375,-0.9306640625,0.216796875
97,0.072265625,-0.93359375,0.2158203125
98,0.0732421875,-0.931640625,0.2158203125
99,0.0615234375,-0.9365234375,0.220703125
100,0.0615234375,-0.939453125,0.2197265625
101,0.0625,-0.9296875,0.220703125
102,0.0576171875,-0.943359375,0.224609375
103,0.05859375,-0.9326171875,0.22265625
104,0.056640625,-0.9345703125,0.220703125
105,0.060546875,-0.9306640625,0.2265625
106,0.0615234375,-0.9365234375,0.2265625
107,0.05859375,-0.939453125,0.216796875
108,0.0625,-0.9404296875,0.220703125
109,0.0673828125,-0.9423828125,0.21875
110,0.060546875,-0.9482421875,0.2197265625
111,0.060546875,-0.947265625,0.2177734375
112,0.060546875,-0.9482421875,0.2138671875
113,0.064453125,-0.9521484375,0.2119140625
114,0.0537109375,-0.94921875,0.21484375
115,0.0615234375,-0.951171875,0.2119140625
116,0.0615234375,-0.9541015625,0.2080078125
117,0.064453125,-0.9521484375,0.208984375
118,0.06640625,-0.943359375,0.212890625
119,0.064453125,-0.9453125,0.21484375
120,0.060546875,-0.951171875,0.2138671875
121,0.064453125,-0.9462890625,0.216796875
122,0.060546875,-0.9423828125,0.2197265625
123,0.064453125,-0.9521484375,0.2177734375
124,0.0576171875,-0.94921875,0.2216796875
125,0.05078125,-0.9482421875,0.21875
126,0.0478515625,-0.953125,0.21875
127,0.0537109375,-0.955078125,0.2216796875
128,0.052734375,-0.95703125,0.2275390625
129,0.0478515625,-0.95703125,0.2236328125
130,0.052734375,-0.962890625,0.2236328125
131,0.05078125,-0.958984375,0.21875
132,0.046875,-0.9609375,0.2177734375
133,0.05078125,-0.958984375,0.2236328125
134,0.052734375,-0.9619140625,0.224609375
135,0.05078125,-0.9638671875,0.2177734375
136,0.0400390625,-0.95703125,0.2138671875
137,0.0498046875,-0.95703125,0.208984375
138,0.041015625,-0.955078125,0.2138671875
139,0.0419921875,-0.9462890625,0.2138671875
140,0.0380859375,-0.943359375,0.2138671875
141,0.0361328125,-0.93359375,0.212890625
142,0.0361328125,-0.9296875,0.21484375
143,0.037109375,-0.919921875,0.2138671875
144,0.037109375,-0.9189453125,0.21484375
145,0.0341796875,-0.91796875,0.2216796875
146,0.041015625,-0.9150390625,0.2216796875
147,0.0361328125,-0.9111328125,0.2216796875
148,0.0341796875,-0.91015625,0.224609375
149,0.03515625,-0.9072265625,0.22265625
150,0.037109375,-0.908203125,0.2236328125
151,0.0361328125,-0.9072265625,0.2294921875
152,0.0361328125,-0.912109375,0.232421875
153,0.03125,-0.9072265625,0.232421875
154,0.03125,-0.9150390625,0.23046875
155,0.0322265625,-0.9140625,0.234375
156,0.03125,-0.9169921875,0.2353515625
157,0.037109375,-0.91796875,0.2333984375
158,0.0380859375,-0.9189453125,0.234375
159,0.0439453125,-0.919921875,0.228515625
160,0.044921875,-0.9208984375,0.2236328125
161,0.046875,-0.92578125,0.228515625
162,0.044921875,-0.9228515625,0.2236328125
163,0.05078125,-0.9189453125,0.2275390625
164,0.05078125,-0.9169921875,0.2314453125
165,0.0576171875,-0.919921875,0.2333984375
166,0.05859375,-0.9189453125,0.2294921875
167,0.0625,-0.92578125,0.234375
168,0.064453125,-0.9306640625,0.234375
169,0.07421875,-0.923828125,0.2353515625
170,0.0810546875,-0.921875,0.2353515625
171,0.0947265625,-0.9267578125,0.23828125
172,0.103515625,-0.9287109375,0.240234375
173,0.10546875,-0.9326171875,0.2392578125
174,0.1083984375,-0.9306640625,0.244140625
175,0.109375,-0.9404296875,0.25
176,0.1103515625,-0.9423828125,0.2451171875
177,0.1123046875,-0.9423828125,0.251953125
178,0.103515625,-0.943359375,0.2490234375
179,0.107421875,-0.9462890625,0.2529296875
180,0.107421875,-0.9423828125,0.2431640625
181,0.107421875,-0.9462890625,0.2392578125
182,0.115234375,-0.9443359375,0.23046875
183,0.1123046875,-0.9404296875,0.2236328125
184,0.109375,-0.94140625,0.22265625
185,0.1064453125,-0.939453125,0.2177734375
186,0.0986328125,-0.9326171875,0.2138671875
187,0.1015625,-0.9375,0.2216796875
188,0.09375,-0.9365234375,0.2197265625
189,0.0888671875,-0.927734375,0.224609375
190,0.0791015625,-0.921875,0.2275390625
191,0.078125,-0.9111328125,0.2265625
192,0.076171875,-0.9052734375,0.224609375
193,0.076171875,-0.9013671875,0.2216796875
194,0.0751953125,-0.89453125,0.2197265625
195,0.078125,-0.884765625,0.2216796875
196,0.0732421875,-0.8828125,0.2265625
197,0.0771484375,-0.876953125,0.2314453125
198,0.072265625,-0.8818359375,0.23828125
199,0.0537109375,-0.8740234375,0.2451171875
200,0.0537109375,-0.876953125,0.2470703125
201,0.0341796875,-0.8759765625,0.2509765625
202,0.025390625,-0.8759765625,0.25
203,0.03515625,-0.8896484375,0.2509765625
204,0.037109375,-0.8984375,0.2568359375
205,0.033203125,-0.904296875,0.2626953125
206,0.0283203125,-0.908203125,0.2666015625
207,0.02734375,-0.9189453125,0.2685546875
208,0.01171875,-0.92578125,0.2646484375
209,0.001953125,-0.9365234375,0.2607421875
210,-0.01953125,-0.9384765625,0.2548828125
211,-0.0322265625,-0.9501953125,0.251953125
212,-0.0302734375,-0.9580078125,0.248046875
213,-0.0205078125,-0.9599609375,0.24609375
214,-0.0205078125,-0.9609375,0.2431640625
215,-0.03125,-0.9619140625,0.23828125
216,-0.021484375,-0.9677734375,0.236328125
217,-0.0244140625,-0.978515625,0.234375
218,-0.0419921875,-0.9814453125,0.2216796875
219,-0.037109375,-0.9833984375,0.212890625
220,-0.025390625,-0.9814453125,0.20703125
221,-0.025390625,-0.978515625,0.2099609375
222,-0.03125,-0.9677734375,0.1982421875
223,-0.033203125,-0.955078125,0.1865234375
224,-0.0302734375,-0.9521484375,0.1884765625
225,-0.0224609375,-0.9404296875,0.189453125
226,-0.009765625,-0.935546875,0.1865234375
227,-0.005859375,-0.91796875,0.1806640625
228,0.001953125,-0.9189453125,0.1865234375
229,-0.0048828125,-0.921875,0.20703125
230,-0.0107421875,-0.912109375,0.216796875
231,-0.0205078125,-0.9169921875,0.220703125
232,-0.025390625,-0.9248046875,0.2265625
233,-0.0087890625,-0.890625,0.216796875
234,-0.0263671875,-0.8935546875,0.197265625
235,-0.0263671875,-0.9189453125,0.220703125
236,-0.046875,-0.94921875,0.2294921875
237,-0.0263671875,-0.96484375,0.234375
238,-0.005859375,-0.943359375,0.2314453125
239,-0.001953125,-0.91796875,0.1953125
240,-0.013671875,-0.921875,0.1767578125
241,-0.0107421875,-0.9287109375,0.1796875
242,-0.0029296875,-0.931640625,0.189453125
243,0.005859375,-0.927734375,0.2001953125
244,0.0205078125,-0.9296875,0.189453125
245,0.01953125,-0.9404296875,0.1826171875
246,0.01953125,-0.9501953125,0.1865234375
247,0.0263671875,-0.953125,0.1865234375
248,0.021484375,-0.951171875,0.1904296875
249,0.015625,-0.9462890625,0.203125
250,-0.001953125,-0.94140625,0.2138671875
251,-0.005859375,-0.9404296875,0.21875
252,-0.00390625,-0.93359375,0.2158203125
253,-0.0078125,-0.9248046875,0.2119140625
254,0.0068359375,-0.92578125,0.2099609375
255,0.00390625,-0.9150390625,0.20703125
256,0.0224609375,-0.9111328125,0.2080078125
257,0.02734375,-0.91015625,0.216796875
258,0.029296875,-0.9111328125,0.22265625
259,0.041015625,-0.90625,0.2314453125
260,0.052734375,-0.9072265625,0.248046875
261,0.05078125,-0.904296875,0.2607421875
262,0.0673828125,-0.9091796875,0.2763671875
263,0.0703125,-0.9130859375,0.2939453125
264,0.0673828125,-0.9091796875,0.296875
265,0.0498046875,-0.9091796875,0.3046875
266,0.046875,-0.90625,0.298828125
267,0.0283203125,-0.9091796875,0.2841796875
268,0.021484375,-0.9150390625,0.2783203125
269,0.0205078125,-0.9228515625,0.275390625
270,0.0048828125,-0.9287109375,0.2744140625
271,0.0029296875,-0.9345703125,0.28125
272,-0.0078125,-0.9296875,0.2763671875
273,0.001953125,-0.9228515625,0.275390625
274,-0.0087890625,-0.9189453125,0.279296875
275,0.0107421875,-0.9140625,0.2861328125
276,0.001953125,-0.9248046875,0.287109375
277,0.005859375,-0.9130859375,0.3056640625
278,-0.013671875,-0.8984375,0.3095703125
279,-0.0361328125,-0.8916015625,0.3017578125
280,-0.0498046875,-0.900390625,0.2900390625
281,-0.06640625,-0.9140625,0.2841796875
282,-0.060546875,-0.9140625,0.287109375
283,-0.060546875,-0.9208984375,0.2841796875
284,-0.076171875,-0.9296875,0.28515625
285,-0.0927734375,-0.943359375,0.2841796875
286,-0.115234375,-0.947265625,0.279296875
287,-0.1240234375,-0.9462890625,0.2783203125
288,-0.12890625,-0.9453125,0.271484375
289,-0.1376953125,-0.951171875,0.2578125
290,-0.138671875,-0.9462890625,0.248046875
291,-0.125,-0.9423828125,0.2548828125
292,-0.1240234375,-0.9404296875,0.2548828125
293,-0.115234375,-0.9326171875,0.26953125
294,-0.109375,-0.9306640625,0.275390625
295,-0.099609375,-0.935546875,0.28515625
296,-0.0986328125,-0.9306640625,0.3037109375
297,-0.0859375,-0.927734375,0.3125
298,-0.0791015625,-0.927734375,0.3154296875
299,-0.0703125,-0.927734375,0.328125
300,-0.0576171875,-0.9228515625,0.33203125
301,-0.0537109375,-0.9169921875,0.3369140625
302,-0.0595703125,-0.91796875,0.33203125
303,-0.0498046875,-0.9111328125,0.3310546875
304,-0.0498046875,-0.8955078125,0.3193359375
305,-0.052734375,-0.89453125,0.30859375
306,-0.052734375,-0.8896484375,0.2958984375
307,-0.0693359375,-0.8857421875,0.2744140625
308,-0.087890625,-0.8876953125,0.25390625
309,-0.0751953125,-0.8837890625,0.2392578125
310,-0.076171875,-0.876953125,0.2060546875
311,-0.0693359375,-0.8798828125,0.1962890625
312,-0.0654296875,-0.8857421875,0.1884765625
313,-0.02734375,-0.900390625,0.1943359375
314,-0.0068359375,-0.9013671875,0.205078125
315,0.0,-0.896484375,0.21484375
316,-0.0029296875,-0.8935546875,0.2109375
317,-0.0087890625,-0.8974609375,0.2197265625
318,-0.0146484375,-0.9140625,0.2265625
319,-0.0283203125,-0.927734375,0.2353515625
320,-0.0400390625,-0.947265625,0.2392578125
321,-0.0517578125,-0.9609375,0.234375
322,-0.0693359375,-0.984375,0.2431640625
323,-0.07421875,-1.0009765625,0.255859375
324,-0.0712890625,-1.0224609375,0.275390625
325,-0.0546875,-1.013671875,0.27734375
326,-0.0537109375,-1.0146484375,0.265625
327,-0.052734375,-1.005859375,0.25390625
328,-0.048828125,-1.005859375,0.2373046875
329,-0.03515625,-1.0,0.21875
330,-0.025390625,-0.994140625,0.205078125
331,-0.0205078125,-0.9853515625,0.1982421875
332,-0.0146484375,-0.978515625,0.1953125
333,-0.01171875,-0.9755859375,0.19140625
334,0.001953125,-0.9716796875,0.1943359375
335,-0.0009765625,-0.962890625,0.1982421875
336,0.0078125,-0.953125,0.2119140625
337,0.0087890625,-0.94921875,0.21484375
338,0.0166015625,-0.9453125,0.2138671875
339,0.0234375,-0.9345703125,0.21484375
340,0.0244140625,-0.9267578125,0.2080078125
341,0.0205078125,-0.921875,0.2060546875
342,0.015625,-0.912109375,0.203125
343,0.0107421875,-0.8994140625,0.2041015625
344,0.0048828125,-0.8896484375,0.205078125
345,-0.009765625,-0.8876953125,0.2080078125
346,-0.0146484375,-0.8798828125,0.2158203125
347,-0.0185546875,-0.875,0.21875
348,-0.03125,-0.8701171875,0.220703125
349,-0.0322265625,-0.869140625,0.224609375
350,-0.0400390625,-0.865234375,0.2294921875
351,-0.0380859375,-0.8623046875,0.2265625
352,-0.0400390625,-0.8623046875,0.2265625
353,-0.0341796875,-0.859375,0.2294921875
354,-0.0380859375,-0.8740234375,0.232421875
355,-0.0361328125,-0.87890625,0.2333984375
356,-0.0380859375,-0.888671875,0.2333984375
357,-0.0390625,-0.8994140625,0.234375
358,-0.0361328125,-0.9052734375,0.2255859375
359,-0.0341796875,-0.9111328125,0.2216796875
360,-0.029296875,-0.919921875,0.21484375
361,-0.02734375,-0.9306640625,0.2255859375
362,-0.015625,-0.9423828125,0.2353515625
363,-0.0087890625,-0.9453125,0.240234375
364,-0.0048828125,-0.953125,0.2578125
365,0.0009765625,-0.955078125,0.2646484375
366,0.0029296875,-0.962890625,0.2724609375
367,0.0078125,-0.9677734375,0.2822265625
368,0.0009765625,-0.9736328125,0.283203125
369,0.0029296875,-0.982421875,0.28515625
370,0.001953125,-0.9814453125,0.2763671875
371,0.0029296875,-0.9794921875,0.2685546875
372,0.00390625,-0.978515625,0.2529296875
373,0.00390625,-0.974609375,0.2412109375
374,0.01171875,-0.9697265625,0.232421875
375,0.0166015625,-0.9580078125,0.22265625
376,0.0263671875,-0.9501953125,0.21875
377,0.0322265625,-0.9375,0.208984375
378,0.0390625,-0.92578125,0.2041015625
379,0.046875,-0.9091796875,0.208984375
380,0.060546875,-0.8994140625,0.2060546875
381,0.0673828125,-0.888671875,0.2177734375
382,0.076171875,-0.884765625,0.2197265625
383,0.0732421875,-0.876953125,0.224609375
384,0.0810546875,-0.875,0.2314453125
385,0.0810546875,-0.869140625,0.2490234375
386,0.0869140625,-0.859375,0.265625
387,0.076171875,-0.861328125,0.275390625
388,0.07421875,-0.8623046875,0.2841796875
389,0.0712890625,-0.8759765625,0.29296875
390,0.0615234375,-0.8779296875,0.2900390625
391,0.0546875,-0.884765625,0.283203125
392,0.052734375,-0.892578125,0.2724609375
393,0.056640625,-0.900390625,0.2529296875
394,0.0556640625,-0.91015625,0.2353515625
395,0.0634765625,-0.9169921875,0.2177734375
396,0.078125,-0.9267578125,0.2119140625
397,0.0947265625,-0.93359375,0.2060546875
398,0.10546875,-0.94140625,0.2060546875
399,0.1240234375,-0.939453125,0.2080078125
400,0.140625,-0.947265625,0.2177734375
401,0.15234375,-0.94140625,0.234375
402,0.1650390625,-0.9375,0.2470703125
403,0.1650390625,-0.927734375,0.25390625
404,0.166015625,-0.921875,0.2646484375
405,0.16015625,-0.912109375,0.2646484375
406,0.166015625,-0.900390625,0.2734375
407,0.16015625,-0.8896484375,0.27734375
408,0.15625,-0.8779296875,0.275390625
409,0.140625,-0.8681640625,0.2802734375
410,0.1337890625,-0.8486328125,0.2724609375
411,0.12890625,-0.8486328125,0.275390625
412,0.1220703125,-0.837890625,0.271484375
413,0.1181640625,-0.8369140625,0.2685546875
414,0.1162109375,-0.833984375,0.2587890625
415,0.1103515625,-0.830078125,0.2646484375
416,0.107421875,-0.8203125,0.26953125
417,0.109375,-0.81640625,0.2724609375
418,0.111328125,-0.810546875,0.283203125
419,0.107421875,-0.8056640625,0.28515625
420,0.11328125,-0.7998046875,0.29296875
421,0.12890625,-0.796875,0.294921875
422,0.1435546875,-0.7978515625,0.2919921875
423,0.1455078125,-0.796875,0.2861328125
424,0.1533203125,-0.7978515625,0.271484375
425,0.15625,-0.8017578125,0.251953125
426,0.1484375,-0.80078125,0.2353515625
427,0.138671875,-0.8046875,0.2177734375
428,0.126953125,-0.8017578125,0.21484375
429,0.1064453125,-0.8056640625,0.2138671875
430,0.0927734375,-0.8203125,0.2216796875
431,0.0732421875,-0.826171875,0.232421875
432,0.0546875,-0.8310546875,0.2392578125
433,0.044921875,-0.837890625,0.251953125
434,0.0380859375,-0.845703125,0.25
435,0.0400390625,-0.8515625,0.2568359375
436,0.0390625,-0.8544921875,0.2548828125
437,0.0400390625,-0.8701171875,0.24609375
438,0.048828125,-0.8798828125,0.2236328125
439,0.0537109375,-0.8828125,0.2080078125
440,0.0546875,-0.884765625,0.1953125
441,0.060546875,-0.8876953125,0.18359375
442,0.0595703125,-0.8935546875,0.171875
443,0.0537109375,-0.900390625,0.171875
444,0.0556640625,-0.91015625,0.169921875
445,0.0537109375,-0.9248046875,0.1796875
446,0.0361328125,-0.935546875,0.1865234375
447,0.03125,-0.9384765625,0.19921875
448,0.0234375,-0.9423828125,0.2099609375
449,0.0087890625,-0.943359375,0.2158203125
450,0.0087890625,-0.947265625,0.2314453125
451,0.0048828125,-0.951171875,0.2548828125
452,0.01171875,-0.9580078125,0.2685546875
453,0.0205078125,-0.962890625,0.2841796875
454,0.0244140625,-0.96484375,0.291015625
455,0.0283203125,-0.9619140625,0.29296875
456,0.01953125,-0.94921875,0.294921875
457,0.01171875,-0.9326171875,0.2861328125
458,-0.00390625,-0.9130859375,0.29296875
459,0.0,-0.900390625,0.2880859375
460,0.0048828125,-0.869140625,0.279296875
461,0.0048828125,-0.8427734375,0.28515625
462,0.0009765625,-0.8125,0.2802734375
463,0.0107421875,-0.7890625,0.2685546875
464,0.017578125,-0.7802734375,0.2626953125
465,0.021484375,-0.767578125,0.2490234375
466,0.0166015625,-0.7626953125,0.2451171875
467,0.021484375,-0.77734375,0.2451171875
468,0.0322265625,-0.791015625,0.236328125
469,0.025390625,-0.802734375,0.2333984375
470,0.0341796875,-0.81640625,0.2353515625
471,0.0361328125,-0.841796875,0.2412109375
472,0.0498046875,-0.8623046875,0.2451171875
473,0.0498046875,-0.8759765625,0.2607421875
474,0.048828125,-0.8955078125,0.265625
475,0.0576171875,-0.9072265625,0.2763671875
476,0.0634765625,-0.919921875,0.28515625
477,0.0595703125,-0.9384765625,0.29296875
478,0.05859375,-0.9482421875,0.29296875
479,0.0556640625,-0.955078125,0.30078125
480,0.048828125,-0.9619140625,0.2998046875
481,0.04296875,-0.958984375,0.2998046875
482,0.0419921875,-0.9609375,0.2919921875
483,0.03125,-0.9638671875,0.2861328125
484,0.025390625,-0.9599609375,0.2841796875
485,0.021484375,-0.958984375,0.279296875
486,0.015625,-0.9521484375,0.2705078125
487,0.001953125,-0.947265625,0.2705078125
488,0.0009765625,-0.9404296875,0.2705078125
489,-0.0087890625,-0.9365234375,0.267578125
490,-0.0068359375,-0.931640625,0.2578125
491,-0.00390625,-0.9228515625,0.2509765625
492,0.009765625,-0.9091796875,0.2587890625
493,0.015625,-0.9091796875,0.2509765625
494,0.0234375,-0.9033203125,0.2587890625
495,0.033203125,-0.9013671875,0.2626953125
496,0.03125,-0.8994140625,0.265625
497,0.0390625,-0.9013671875,0.26953125
498,0.0380859375,-0.8984375,0.279296875
499,0.04296875,-0.8984375,0.2783203125
500,0.0419921875,-0.8974609375,0.2763671875
501,0.046875,-0.8994140625,0.2724609375
502,0.0439453125,-0.8984375,0.2685546875
503,0.05078125,-0.9052734375,0.279296875
504,0.0537109375,-0.9130859375,0.27734375
505,0.044921875,-0.9189453125,0.2763671875
506,0.037109375,-0.9287109375,0.28125
507,0.0380859375,-0.94140625,0.28515625
508,0.0322265625,-0.9423828125,0.28515625
509,0.0263671875,-0.9521484375,0.2822265625
510,0.021484375,-0.9521484375,0.2841796875
511,0.0166015625,-0.9560546875,0.28515625
512,0.005859375,-0.958984375,0.2880859375
513,0.00390625,-0.955078125,0.2802734375
514,0.0078125,-0.958984375,0.2763671875
515,0.005859375,-0.9560546875,0.2822265625
516,0.0048828125,-0.9560546875,0.27734375
517,0.01171875,-0.9462890625,0.2724609375
518,0.0166015625,-0.9443359375,0.2783203125
519,0.015625,-0.9443359375,0.2802734375
520,0.017578125,-0.9482421875,0.2802734375
521,0.0185546875,-0.9375,0.2890625
522,0.021484375,-0.94140625,0.2939453125
523,0.0234375,-0.9462890625,0.29296875
524,0.017578125,-0.9482421875,0.294921875
525,0.0283203125,-0.9560546875,0.30078125
526,0.0234375,-0.962890625,0.3037109375
527,0.0263671875,-0.974609375,0.3056640625
528,0.0234375,-0.978515625,0.30859375
529,0.017578125,-0.9853515625,0.310546875
530,0.01953125,-0.9931640625,0.3125
531,0.01953125,-0.9990234375,0.3154296875
532,0.0224609375,-0.9990234375,0.3125
533,0.0126953125,-0.9990234375,0.3125
534,0.017578125,-0.990234375,0.31640625
535,0.01953125,-0.982421875,0.31640625
536,0.0205078125,-0.98046875,0.3125
537,0.025390625,-0.9697265625,0.3115234375
538,0.0244140625,-0.970703125,0.3115234375
539,0.0234375,-0.9638671875,0.30859375
540,0.0185546875,-0.9638671875,0.3046875
541,0.0146484375,-0.96484375,0.302734375
542,0.0126953125,-0.9658203125,0.2978515625
543,0.01171875,-0.97265625,0.2958984375
544,0.015625,-0.9716796875,0.2958984375
545,0.0087890625,-0.9765625,0.2998046875
546,0.001953125,-0.9716796875,0.306640625
547,0.005859375,-0.9755859375,0.2978515625
548,0.009765625,-0.9658203125,0.294921875
549,0.01953125,-0.974609375,0.294921875
550,0.021484375,-0.97265625,0.2900390625
551,0.033203125,-0.966796875,0.294921875
552,0.0390625,-0.962890625,0.2978515625
553,0.05078125,-0.962890625,0.2958984375
554,0.0556640625,-0.9619140625,0.3046875
555,0.0576171875,-0.9599609375,0.30859375
556,0.05859375,-0.9560546875,0.3115234375
557,0.0615234375,-0.95703125,0.3046875
558,0.0654296875,-0.9521484375,0.3037109375
559,0.0673828125,-0.9619140625,0.296875
560,0.05859375,-0.96484375,0.2939453125
561,0.0595703125,-0.9716796875,0.2939453125
562,0.0537109375,-0.974609375,0.291015625
563,0.0537109375,-0.96875,0.291015625
564,0.0458984375,-0.98046875,0.2919921875
565,0.041015625,-0.98046875,0.2900390625
566,0.033203125,-0.9765625,0.2978515625
567,0.0302734375,-0.9755859375,0.2958984375
568,0.021484375,-0.9658203125,0.298828125
569,0.0234375,-0.9609375,0.2978515625
570,0.017578125,-0.953125,0.296875
571,0.0244140625,-0.9443359375,0.30078125
572,0.0283203125,-0.9287109375,0.2978515625
573,0.029296875,-0.921875,0.296875
574,0.03125,-0.916015625,0.2978515625
575,0.0302734375,-0.912109375,0.298828125
576,0.0263671875,-0.912109375,0.2958984375
577,0.0302734375,-0.9091796875,0.2939453125
578,0.0263671875,-0.9091796875,0.2919921875
579,0.0244140625,-0.9140625,0.29296875
580,0.0263671875,-0.9169921875,0.2958984375
581,0.0302734375,-0.9248046875,0.2978515625
582,0.0283203125,-0.93359375,0.3046875
583,0.02734375,-0.9404296875,0.3046875
584,0.025390625,-0.943359375,0.3095703125
585,0.025390625,-0.9404296875,0.310546875
586,0.0205078125,-0.9443359375,0.3134765625
587,0.0244140625,-0.9404296875,0.3115234375
588,0.0234375,-0.931640625,0.30859375
589,0.0224609375,-0.9267578125,0.30859375
590,0.0283203125,-0.923828125,0.3125
591,0.0244140625,-0.9150390625,0.30859375
592,0.025390625,-0.91015625,0.30859375
593,0.0224609375,-0.90625,0.310546875
594,0.021484375,-0.90234375,0.3203125
595,0.0244140625,-0.8955078125,0.3125
596,0.0244140625,-0.9013671875,0.318359375
597,0.0283203125,-0.8994140625,0.31640625
598,0.03515625,-0.8984375,0.3173828125
599,0.0322265625,-0.900390625,0.3154296875
600,0.0302734375,-0.8994140625,0.3134765625
601,0.0322265625,-0.90234375,0.3154296875
602,0.03515625,-0.90625,0.3125
603,0.0390625,-0.9033203125,0.310546875
604,0.041015625,-0.9033203125,0.3095703125
605,0.0390625,-0.90625,0.30859375
606,0.0419921875,-0.8984375,0.30859375
607,0.044921875,-0.892578125,0.3095703125
608,0.044921875,-0.896484375,0.3076171875
609,0.041015625,-0.88671875,0.3173828125
610,0.0390625,-0.8837890625,0.318359375
611,0.0341796875,-0.88671875,0.322265625
612,0.0322265625,-0.884765625,0.3251953125
613,0.0341796875,-0.884765625,0.3232421875
614,0.041015625,-0.8818359375,0.3232421875
615,0.0283203125,-0.873046875,0.318359375
616,0.0322265625,-0.8720703125,0.328125
617,0.033203125,-0.87109375,0.326171875
618,0.0341796875,-0.859375,0.310546875
619,0.0341796875,-0.875,0.326171875
620,0.03125,-0.8779296875,0.322265625
621,0.0380859375,-0.8720703125,0.3125
622,0.033203125,-0.8720703125,0.3076171875
623,0.0322265625,-0.869140625,0.3115234375
624,0.03125,-0.8798828125,0.318359375
625,0.0302734375,-0.8818359375,0.3154296875
626,0.0361328125,-0.8701171875,0.3203125
627,0.0341796875,-0.87890625,0.3173828125
628,0.0380859375,-0.873046875,0.322265625
629,0.0380859375,-0.8720703125,0.328125
630,0.03515625,-0.869140625,0.3310546875
631,0.0380859375,-0.87109375,0.3310546875
632,0.0400390625,-0.873046875,0.3427734375
633,0.0400390625,-0.8681640625,0.34375
634,0.0419921875,-0.87109375,0.3427734375
635,0.04296875,-0.8583984375,0.33984375
636,0.0380859375,-0.8515625,0.345703125
637,0.0439453125,-0.84765625,0.345703125
638,0.0390625,-0.8447265625,0.3359375
639,0.0380859375,-0.833984375,0.330078125
640,0.0361328125,-0.8359375,0.328125
641,0.03125,-0.830078125,0.3173828125
642,0.0302734375,-0.83203125,0.3203125
643,0.025390625,-0.822265625,0.31640625
644,0.017578125,-0.8193359375,0.3125
645,0.0087890625,-0.80859375,0.296875
646,0.0,-0.8095703125,0.3115234375
647,-0.0087890625,-0.810546875,0.30859375
648,-0.009765625,-0.798828125,0.30859375
649,-0.0078125,-0.8056640625,0.3095703125
650,-0.0126953125,-0.8017578125,0.3095703125
651,-0.01171875,-0.8134765625,0.33203125
652,-0.0078125,-0.8310546875,0.3486328125
653,-0.0146484375,-0.84375,0.36328125
654,-0.0146484375,-0.8251953125,0.3525390625
655,-0.009765625,-0.8193359375,0.3544921875
656,-0.009765625,-0.8271484375,0.357421875
657,-0.0078125,-0.8125,0.369140625
658,-0.0068359375,-0.794921875,0.35546875
659,-0.0009765625,-0.78515625,0.3505859375
660,0.0068359375,-0.767578125,0.3388671875
661,0.0224609375,-0.7568359375,0.330078125
662,0.025390625,-0.744140625,0.326171875
663,0.025390625,-0.748046875,0.32421875
664,0.0341796875,-0.7392578125,0.328125
665,0.021484375,-0.7333984375,0.3154296875
666,0.0283203125,-0.7275390625,0.3193359375
667,0.02734375,-0.7353515625,0.326171875
668,0.025390625,-0.7138671875,0.3095703125
669,0.0361328125,-0.7109375,0.3056640625
670,0.0234375,-0.7265625,0.3310546875
671,0.02734375,-0.7333984375,0.34765625
672,0.0283203125,-0.7138671875,0.330078125
673,0.0244140625,-0.7568359375,0.3583984375
674,0.021484375,-0.7509765625,0.359375
675,0.0224609375,-0.734375,0.337890625
676,0.029296875,-0.7177734375,0.3310546875
677,0.0302734375,-0.6953125,0.3154296875
678,0.029296875,-0.6884765625,0.3095703125
679,0.0322265625,-0.6953125,0.3095703125
680,0.0361328125,-0.6787109375,0.298828125
681,0.025390625,-0.681640625,0.3037109375
682,0.041015625,-0.6865234375,0.3125
683,0.03125,-0.6884765625,0.3076171875
684,0.029296875,-0.6640625,0.2841796875
685,0.01953125,-0.6982421875,0.3203125
686,0.0205078125,-0.7216796875,0.337890625
687,0.0205078125,-0.7001953125,0.3212890625
688,0.0185546875,-0.6943359375,0.3037109375
689,0.0244140625,-0.671875,0.2822265625
690,0.0185546875,-0.6630859375,0.2724609375
691,0.0224609375,-0.654296875,0.25390625
692,0.0263671875,-0.646484375,0.23828125
693,0.025390625,-0.6357421875,0.1982421875
694,0.0283203125,-0.640625,0.1923828125
695,0.015625,-0.65625,0.19140625
696,0.0029296875,-0.658203125,0.1845703125
697,-0.013671875,-0.6689453125,0.1640625
698,-0.0283203125,-0.6689453125,0.1591796875
699,-0.0419921875,-0.685546875,0.166015625
700,-0.0595703125,-0.7001953125,0.1552734375
701,-0.0791015625,-0.7216796875,0.16015625
702,-0.0859375,-0.7373046875,0.1572265625
703,-0.1005859375,-0.751953125,0.1640625
704,-0.11328125,-0.7705078125,0.1640625
705,-0.1201171875,-0.7900390625,0.1611328125
706,-0.12109375,-0.8134765625,0.1572265625
707,-0.1240234375,-0.8349609375,0.1630859375
708,-0.123046875,-0.8603515625,0.1640625
709,-0.11328125,-0.8896484375,0.158203125
710,-0.1025390625,-0.908203125,0.150390625
711,-0.072265625,-0.9248046875,0.123046875
712,-0.05859375,-0.9296875,0.103515625
713,-0.04296875,-0.9287109375,0.0751953125
714,-0.021484375,-0.9189453125,0.0537109375
715,0.00390625,-0.91015625,0.02734375
716,0.0341796875,-0.904296875,-0.0126953125
717,0.0556640625,-0.8984375,-0.048828125
718,0.0810546875,-0.8955078125,-0.08984375
719,0.1103515625,-0.904296875,-0.13671875
720,0.1259765625,-0.923828125,-0.1728515625
721,0.140625,-0.9541015625,-0.2197265625
722,0.150390625,-0.998046875,-0.2626953125
723,0.1513671875,-1.0380859375,-0.3076171875
724,0.16015625,-1.087890625,-0.353515625
725,0.15625,-1.1474609375,-0.3984375
726,0.1533203125,-1.2236328125,-0.435546875
727,0.1396484375,-1.29296875,-0.4716796875
728,0.115234375,-1.3798828125,-0.4931640625
729,0.10546875,-1.4765625,-0.51953125
730,0.0576171875,-1.595703125,-0.5380859375
731,0.01171875,-1.6982421875,-0.5439453125
732,0.0087890625,-1.7744140625,-0.55859375
733,-0.01171875,-1.8076171875,-0.54296875
734,-0.0263671875,-1.8564453125,-0.52734375
735,-0.0029296875,-1.833984375,-0.494140625
736,0.056640625,-1.7578125,-0.4736328125
737,0.091796875,-1.6708984375,-0.451171875
738,0.13671875,-1.5869140625,-0.4208984375
739,0.1650390625,-1.478515625,-0.373046875
740,0.2021484375,-1.380859375,-0.3359375
741,0.2705078125,-1.263671875,-0.3115234375
742,0.3056640625,-1.12890625,-0.2666015625
743,0.3525390625,-0.9921875,-0.25
744,0.37109375,-0.859375,-0.21484375
745,0.3798828125,-0.744140625,-0.189453125
746,0.396484375,-0.6337890625,-0.16015625
747,0.3896484375,-0.5517578125,-0.142578125
748,0.390625,-0.4765625,-0.123046875
749,0.357421875,-0.4189453125,-0.1142578125
750,0.326171875,-0.3681640625,-0.083984375
751,0.2802734375,-0.3408203125,-0.0546875
752,0.2265625,-0.330078125,-0.0185546875
753,0.189453125,-0.31640625,-0.0224609375
754,0.1357421875,-0.3154296875,-0.03125
755,0.10546875,-0.318359375,-0.0556640625
756,0.0693359375,-0.3232421875,-0.0830078125
757,0.046875,-0.3359375,-0.109375
758,0.005859375,-0.3515625,-0.1328125
759,-0.0009765625,-0.3857421875,-0.1630859375
760,-0.015625,-0.423828125,-0.169921875
761,-0.033203125,-0.4521484375,-0.1689453125
762,-0.04296875,-0.4814453125,-0.1611328125
763,-0.0546875,-0.5048828125,-0.1435546875
764,-0.052734375,-0.541015625,-0.1357421875
765,-0.048828125,-0.5546875,-0.1240234375
766,-0.0322265625,-0.568359375,-0.1240234375
767,-0.0224609375,-0.5771484375,-0.119140625
768,0.0048828125,-0.583984375,-0.107421875
769,0.03515625,-0.5908203125,-0.091796875
770,0.078125,-0.5849609375,-0.078125
771,0.123046875,-0.5927734375,-0.0546875
772,0.208984375,-0.59375,-0.0380859375
773,0.265625,-0.583984375,-0.017578125
774,0.30078125,-0.5830078125,0.0166015625
775,0.3369140625,-0.5859375,0.0283203125
776,0.341796875,-0.603515625,0.052734375
777,0.3359375,-0.6123046875,0.0498046875
778,0.322265625,-0.6318359375,0.033203125
779,0.3134765625,-0.64453125,0.0078125
780,0.28515625,-0.6484375,-0.025390625
781,0.2568359375,-0.66796875,-0.0498046875
782,0.2314453125,-0.6845703125,-0.048828125
783,0.20703125,-0.6953125,-0.046875
784,0.185546875,-0.6923828125,-0.0419921875
785,0.1591796875,-0.689453125,-0.0439453125
786,0.1318359375,-0.693359375,-0.0390625
787,0.1181640625,-0.6953125,-0.0673828125
788,0.0849609375,-0.7001953125,-0.115234375
789,0.0419921875,-0.7060546875,-0.1865234375
790,-0.029296875,-0.7216796875,-0.25
791,-0.1171875,-0.697265625,-0.33984375
792,-0.1708984375,-0.6279296875,-0.392578125
793,-0.2119140625,-0.51171875,-0.4755859375
794,-0.2060546875,-0.373046875,-0.583984375
795,-0.197265625,-0.3212890625,-0.69140625
796,-0.2021484375,-0.3017578125,-0.748046875
797,-0.17578125,-0.25390625,-0.833984375
798,-0.123046875,-0.1103515625,-0.9951171875
799,-0.0283203125,-0.009765625,-1.0966796875
800,0.111328125,0.00390625,-1.099609375
801,0.2490234375,0.0693359375,-1.1083984375
802,0.3466796875,0.1591796875,-1.1005859375
803,0.333984375,-0.0908203125,-2.091796875
804,0.509765625,0.0205078125,-2.712890625
805,0.8759765625,0.240234375,-1.8369140625
806,0.578125,0.806640625,-0.7890625
807,1.59375,0.7314453125,-1.216796875
808,1.8349609375,0.2880859375,-3.6611328125
809,1.8623046875,1.0966796875,-2.10546875
810,0.3837890625,1.8349609375,-1.94921875
811,0.1650390625,1.6494140625,-0.265625
812,0.5966796875,1.6650390625,-0.337890625
813,0.9541015625,2.12109375,-1.0927734375
814,0.79296875,0.3095703125,-2.7822265625
815,0.291015625,0.3515625,-2.44921875
816,0.517578125,0.3310546875,-2.2236328125
817,0.5458984375,0.5888671875,-2.1435546875
818,0.5419921875,0.5615234375,-2.47265625
819,0.1884765625,-0.0400390625,-2.9130859375
820,0.4541015625,-0.115234375,-2.9755859375
821,0.5322265625,-0.1396484375,-2.892578125
822,0.5859375,-0.0302734375,-2.8193359375
823,0.53125,0.087890625,-2.6171875
824,0.5029296875,0.1669921875,-2.4833984375
825,0.470703125,0.1220703125,-2.3837890625
826,0.435546875,0.06640625,-2.193359375
827,0.3564453125,0.111328125,-1.982421875
828,0.3515625,0.0869140625,-1.763671875
829,0.298828125,0.1220703125,-1.591796875
830,0.2978515625,0.1474609375,-1.447265625
831,0.3203125,0.1298828125,-1.35546875
832,0.3017578125,0.10546875,-1.2802734375
833,0.2265625,0.091796875,-1.2568359375
834,0.3271484375,0.01953125,-1.1259765625
835,0.2783203125,0.0400390625,-1.0625
836,0.3681640625,0.10546875,-0.9873046875
837,0.2939453125,0.0908203125,-0.9384765625
838,0.24609375,0.1103515625,-0.9794921875
839,0.2451171875,0.0126953125,-0.98828125
840,0.2392578125,0.083984375,-0.9775390625
841,0.3330078125,-0.06640625,-1.0322265625
842,0.302734375,0.1171875,-0.935546875
843,0.408203125,0.0283203125,-0.939453125
844,0.2880859375,-0.037109375,-1.0419921875
845,0.3095703125,0.0791015625,-1.0390625
846,0.267578125,0.0234375,-0.9775390625
847,0.3330078125,-0.0244140625,-0.9140625
848,0.259765625,0.0185546875,-0.85546875
849,0.2734375,0.025390625,-0.896484375
850,0.287109375,0.03125,-0.869140625
851,0.263671875,-0.01171875,-0.904296875
852,0.283203125,-0.013671875,-0.990234375
853,0.2373046875,-0.0322265625,-1.0224609375
854,0.2822265625,-0.091796875,-0.896484375
855,0.26953125,0.0380859375,-0.859375
856,0.2939453125,0.0322265625,-0.8359375
857,0.2744140625,0.0322265625,-0.7470703125
858,0.2919921875,0.0693359375,-0.720703125
859,0.30859375,0.111328125,-0.7216796875
860,0.31640625,0.1142578125,-0.728515625
861,0.3037109375,0.126953125,-0.7470703125
862,0.31640625,0.1259765625,-0.78125
863,0.326171875,0.10546875,-0.8330078125
864,0.3369140625,0.09375,-0.9130859375
865,0.2978515625,0.103515625,-0.9150390625
866,0.306640625,0.123046875,-0.900390625
867,0.3251953125,0.115234375,-0.908203125
868,0.3232421875,0.078125,-0.9189453125
869,0.353515625,0.140625,-0.9833984375
870,0.3359375,0.1142578125,-0.9287109375
871,0.3017578125,0.0810546875,-0.888671875
872,0.3203125,0.080078125,-0.88671875
873,0.3115234375,0.1142578125,-0.90234375
874,0.3525390625,0.0986328125,-0.9287109375
875,0.3505859375,0.125,-0.9013671875
876,0.3193359375,0.1044921875,-0.9091796875
877,0.314453125,0.0654296875,-0.9169921875
878,0.3603515625,0.0546875,-0.939453125
879,0.4111328125,0.0615234375,-0.9453125
880,0.3408203125,0.0458984375,-0.916015625
881,0.33203125,0.052734375,-0.8291015625
882,0.1865234375,0.11328125,-0.7236328125
883,0.2783203125,0.0693359375,-1.1357421875
884,0.36328125,0.0908203125,-0.951171875
885,0.193359375,0.1162109375,-0.869140625
886,0.2294921875,0.158203125,-1.015625
887,0.26171875,0.1796875,-0.9580078125
888,0.287109375,0.1630859375,-0.880859375
889,0.279296875,0.1279296875,-0.8974609375
890,0.3251953125,0.078125,-0.9638671875
891,0.3251953125,0.0888671875,-0.9970703125
892,0.30078125,0.091796875,-1.0087890625
893,0.2822265625,0.0810546875,-1.01953125
894,0.28515625,0.091796875,-1.025390625
895,0.30078125,0.083984375,-1.0361328125
896,0.248046875,0.08984375,-1.0166015625
897,0.2666015625,0.072265625,-1.044921875
898,0.2314453125,0.0732421875,-1.0390625
899,0.2109375,0.0625,-1.0
900,0.255859375,0.083984375,-1.0341796875
901,0.251953125,0.099609375,-1.0439453125
902,0.255859375,0.09375,-1.0078125
903,0.298828125,0.13671875,-1.0703125
904,0.1708984375,0.09375,-0.994140625
905,0.220703125,0.0947265625,-0.986328125
906,0.234375,0.095703125,-0.9833984375
907,0.26171875,0.0576171875,-1.0048828125
908,0.255859375,0.1240234375,-1.0048828125
909,0.298828125,0.125,-1.013671875
910,0.201171875,0.0859375,-0.9775390625
911,0.306640625,0.0498046875,-0.97265625
912,0.1943359375,0.0380859375,-0.9580078125
913,0.2197265625,-0.001953125,-0.9873046875
914,0.3310546875,0.044921875,-0.974609375
915,0.181640625,0.0244140625,-0.9736328125
916,0.18359375,0.0283203125,-0.9970703125
917,0.3408203125,0.05078125,-0.9765625
918,0.1767578125,0.025390625,-0.9609375
919,0.22265625,0.01171875,-0.986328125
920,0.2412109375,0.0283203125,-0.9521484375
921,0.2236328125,0.0517578125,-0.9814453125
922,0.201171875,0.048828125,-0.9892578125
923,0.208984375,0.0498046875,-0.9921875
924,0.1953125,0.0517578125,-0.984375
925,0.2177734375,0.05859375,-1.0009765625
926,0.1806640625,0.0869140625,-1.0166015625
927,0.1923828125,0.0576171875,-1.0009765625
928,0.1884765625,0.0634765625,-0.98828125
929,0.21875,0.0634765625,-0.9951171875
930,0.2216796875,0.10546875,-0.9873046875
931,0.2275390625,0.103515625,-0.98046875
932,0.2392578125,0.07421875,-0.9765625
933,0.2216796875,0.076171875,-0.974609375
934,0.22265625,0.123046875,-0.9912109375
935,0.251953125,0.0419921875,-0.974609375
936,0.2802734375,0.037109375,-0.958984375
937,0.267578125,0.0263671875,-0.9599609375
938,0.2626953125,0.0185546875,-0.9423828125
939,0.2802734375,-0.0107421875,-0.9296875
940,0.296875,-0.017578125,-0.919921875
941,0.275390625,0.0126953125,-0.9169921875
942,0.2607421875,0.0234375,-0.9189453125
943,0.2060546875,0.1259765625,-0.9326171875
944,0.275390625,0.0224609375,-0.8857421875
945,0.2998046875,0.0234375,-0.8857421875
946,0.2724609375,0.056640625,-0.896484375
947,0.2734375,0.0625,-0.9072265625
948,0.291015625,0.06640625,-0.9091796875
949,0.2900390625,0.0595703125,-0.916015625
950,0.2998046875,0.056640625,-0.916015625
951,0.296875,0.0556640625,-0.9169921875
952,0.291015625,0.0576171875,-0.9267578125
953,0.2919921875,0.0625,-0.93359375
954,0.2880859375,0.048828125,-0.9326171875
955,0.2861328125,0.0546875,-0.9404296875
956,0.2744140625,0.0439453125,-0.9404296875
957,0.2822265625,0.048828125,-0.9521484375
958,0.2724609375,0.0439453125,-0.955078125
959,0.275390625,0.046875,-0.96875
960,0.27734375,0.0478515625,-0.9736328125
961,0.2802734375,0.048828125,-0.982421875
962,0.2841796875,0.044921875,-0.9814453125
963,0.28125,0.041015625,-0.990234375
964,0.2861328125,0.0478515625,-0.9921875
965,0.287109375,0.05078125,-0.9873046875
966,0.2880859375,0.0546875,-0.986328125
967,0.28515625,0.0576171875,-0.9814453125
968,0.2861328125,0.0595703125,-0.9716796875
969,0.2900390625,0.0654296875,-0.97265625
970,0.28515625,0.0576171875,-0.9716796875
971,0.2841796875,0.0537109375,-0.9697265625
972,0.2783203125,0.0595703125,-0.962890625
973,0.2763671875,0.060546875,-0.96484375
974,0.279296875,0.05859375,-0.958984375
975,0.26953125,0.060546875,-0.958984375
976,0.26953125,0.0625,-0.953125
977,0.26953125,0.0625,-0.953125
978,0.259765625,0.064453125,-0.94921875
979,0.265625,0.060546875,-0.953125
980,0.263671875,0.0634765625,-0.955078125
981,0.259765625,0.0615234375,-0.9462890625
982,0.2626953125,0.064453125,-0.9453125
983,0.2587890625,0.0654296875,-0.951171875
984,0.255859375,0.0673828125,-0.943359375
985,0.25390625,0.05859375,-0.953125
986,0.25390625,0.0595703125,-0.9404296875
987,0.25390625,0.05859375,-0.9462890625
988,0.2568359375,0.064453125,-0.9423828125
989,0.251953125,0.0673828125,-0.9521484375
990,0.2470703125,0.0712890625,-0.9443359375
991,0.244140625,0.0654296875,-0.9521484375
992,0.2490234375,0.06640625,-0.951171875
993,0.24609375,0.0615234375,-0.9609375
994,0.23828125,0.0712890625,-0.95703125
995,0.2529296875,0.068359375,-0.9599609375
996,0.2353515625,0.0751953125,-0.955078125
997,0.244140625,0.064453125,-0.9736328125
998,0.240234375,0.0634765625,-0.974609375
999,0.23828125,0.064453125,-0.9677734375
1000,0.2431640625,0.0703125,-0.97265625
1001,0.224609375,0.06640625,-0.9833984375
1002,0.2529296875,0.0654296875,-0.9814453125
1003,0.228515625,0.064453125,-0.98046875
1004,0.23046875,0.0634765625,-0.9931640625
1005,0.244140625,0.064453125,-0.990234375
1006,0.2265625,0.0595703125,-0.9951171875
1007,0.2275390625,0.0615234375,-0.994140625
1008,0.2451171875,0.05859375,-1.0
1009,0.224609375,0.0625,-0.982421875
1010,0.224609375,0.0556640625,-0.9931640625
1011,0.23046875,0.056640625,-0.9951171875
1012,0.2265625,0.05859375,-0.9990234375
1013,0.2216796875,0.060546875,-0.98828125
1014,0.2197265625,0.0595703125,-0.990234375
1015,0.224609375,0.056640625,-0.98046875
1016,0.2236328125,0.060546875,-0.9775390625
1017,0.2255859375,0.060546875,-0.9755859375
1018,0.2255859375,0.060546875,-0.982421875
1019,0.2236328125,0.0654296875,-0.9794921875
1020,0.2236328125,0.0654296875,-0.98046875
1021,0.224609375,0.060546875,-0.9755859375
1022,0.2216796875,0.0576171875,-0.974609375
1023,0.224609375,0.0615234375,-0.9755859375
1024,0.22265625,0.0625,-0.9775390625
1025,0.2255859375,0.0546875,-0.9775390625
1026,0.224609375,0.068359375,-0.974609375
1027,0.228515625,0.064453125,-0.9716796875
1028,0.2197265625,0.060546875,-0.970703125
1029,0.2275390625,0.0625,-0.9677734375
1030,0.2255859375,0.0625,-0.97265625
1031,0.228515625,0.0576171875,-0.970703125
1032,0.228515625,0.05859375,-0.96875
1033,0.23046875,0.0595703125,-0.9736328125
1034,0.228515625,0.0576171875,-0.97265625
1035,0.232421875,0.0634765625,-0.9736328125
1036,0.232421875,0.05859375,-0.9716796875
1037,0.2314453125,0.0595703125,-0.97265625
1038,0.232421875,0.05859375,-0.9765625
1039,0.228515625,0.060546875,-0.9775390625
1040,0.2333984375,0.0546875,-0.9677734375
1041,0.2275390625,0.052734375,-0.9716796875
1042,0.2333984375,0.0546875,-0.9716796875
1043,0.234375,0.0537109375,-0.97265625
1044,0.2314453125,0.060546875,-0.96484375
1045,0.2373046875,0.0537109375,-0.9697265625
1046,0.2353515625,0.0576171875,-0.96875
1047,0.2353515625,0.060546875,-0.966796875
1048,0.234375,0.060546875,-0.96875
1049,0.228515625,0.0576171875,-0.970703125
1050,0.234375,0.0576171875,-0.966796875
1051,0.232421875,0.060546875,-0.9677734375
1052,0.236328125,0.0634765625,-0.9677734375
1053,0.2373046875,0.0615234375,-0.9697265625
1054,0.2353515625,0.0546875,-0.9658203125
1055,0.236328125,0.0576171875,-0.966796875
1056,0.234375,0.0576171875,-0.96484375
1057,0.23828125,0.060546875,-0.96484375
1058,0.23828125,0.056640625,-0.966796875
1059,0.2392578125,0.056640625,-0.97265625
1060,0.2333984375,0.0546875,-0.9609375
1061,0.2412109375,0.05859375,-0.9736328125
1062,0.23828125,0.0576171875,-0.962890625
1063,0.2451171875,0.056640625,-0.96484375
1064,0.236328125,0.060546875,-0.9677734375
1065,0.240234375,0.0556640625,-0.9677734375
1066,0.234375,0.0478515625,-0.9716796875
1067,0.232421875,0.05859375,-0.9697265625
1068,0.2373046875,0.0615234375,-0.96875
1069,0.236328125,0.0595703125,-0.9658203125
1070,0.23046875,0.056640625,-0.9658203125
1071,0.2333984375,0.0546875,-0.96484375
1072,0.2314453125,0.056640625,-0.96875
1073,0.2353515625,0.052734375,-0.966796875
1074,0.2294921875,0.0576171875,-0.97265625
1075,0.2333984375,0.0576171875,-0.96875
1076,0.228515625,0.0595703125,-0.96875
1077,0.2314453125,0.0546875,-0.9755859375
1078,0.23046875,0.0556640625,-0.97265625
1079,0.23046875,0.060546875,-0.9755859375
1080,0.2275390625,0.0576171875,-0.970703125
1081,0.2294921875,0.0615234375,-0.970703125
1082,0.2265625,0.0615234375,-0.9736328125
1083,0.23046875,0.0537109375,-0.9755859375
1084,0.224609375,0.056640625,-0.9736328125
1085,0.2275390625,0.0634765625,-0.9697265625
1086,0.2216796875,0.0576171875,-0.974609375
1087,0.2236328125,0.05859375,-0.974609375
1088,0.2236328125,0.0576171875,-0.97265625
1089,0.2255859375,0.0556640625,-0.9794921875
1090,0.224609375,0.0576171875,-0.9755859375
1091,0.2255859375,0.0576171875,-0.9736328125
1092,0.2294921875,0.0625,-0.974609375
1093,0.2236328125,0.060546875,-0.9755859375
1094,0.224609375,0.0595703125,-0.97265625
1095,0.2255859375,0.060546875,-0.9736328125
1096,0.2236328125,0.0576171875,-0.9755859375
1097,0.2294921875,0.060546875,-0.9716796875
1098,0.2236328125,0.0595703125,-0.9794921875
1099,0.2236328125,0.0576171875,-0.9765625
1100,0.2216796875,0.05859375,-0.9765625
1101,0.2177734375,0.05859375,-0.97265625
1102,0.22265625,0.0576171875,-0.9736328125
1103,0.2197265625,0.0576171875,-0.974609375
1104,0.22265625,0.0595703125,-0.97265625
1105,0.22265625,0.056640625,-0.9716796875
1106,0.2197265625,0.056640625,-0.9716796875
1107,0.2216796875,0.05859375,-0.970703125
1108,0.220703125,0.056640625,-0.98046875
1109,0.22265625,0.05859375,-0.9716796875
1110,0.2236328125,0.0625,-0.9736328125
1111,0.2197265625,0.060546875,-0.9736328125
1112,0.2236328125,0.0625,-0.9716796875
1113,0.2197265625,0.0576171875,-0.97265625
1114,0.22265625,0.0595703125,-0.9794921875
1115,0.2216796875,0.0595703125,-0.97265625
1116,0.224609375,0.05859375,-0.974609375
1117,0.2236328125,0.0556640625,-0.9736328125
1118,0.2177734375,0.05859375,-0.970703125
1119,0.2197265625,0.060546875,-0.9736328125
1120,0.22265625,0.0576171875,-0.97265625
1121,0.2255859375,0.056640625,-0.97265625
1122,0.2216796875,0.0517578125,-0.970703125
1123,0.2197265625,0.05859375,-0.9716796875
1124,0.22265625,0.0595703125,-0.9755859375
1125,0.224609375,0.05859375,-0.9736328125
1126,0.2236328125,0.0576171875,-0.97265625
1127,0.2236328125,0.0556640625,-0.97265625
1128,0.2216796875,0.0576171875,-0.9755859375
1129,0.2216796875,0.060546875,-0.97265625
1130,0.22265625,0.0546875,-0.9755859375
1131,0.2216796875,0.0654296875,-0.974609375
1132,0.2255859375,0.0595703125,-0.9765625
1133,0.2265625,0.0556640625,-0.9736328125
1134,0.2216796875,0.0537109375,-0.9736328125
1135,0.2275390625,0.0615234375,-0.9736328125
1136,0.220703125,0.060546875,-0.9765625
1137,0.2197265625,0.0576171875,-0.9775390625
1138,0.224609375,0.0595703125,-0.97265625
1139,0.224609375,0.0537109375,-0.9658203125
1140,0.2197265625,0.0576171875,-0.974609375
1141,0.2236328125,0.0556640625,-0.9765625
1142,0.2275390625,0.05859375,-0.9716796875
1143,0.22265625,0.05859375,-0.9697265625
1144,0.22265625,0.0634765625,-0.966796875
1145,0.220703125,0.0595703125,-0.9755859375
1146,0.2216796875,0.0576171875,-0.9716796875
1147,0.2255859375,0.0615234375,-0.9765625
1148,0.22265625,0.05859375,-0.9755859375
1149,0.2236328125,0.056640625,-0.9736328125
1150,0.224609375,0.05859375,-0.9697265625
1151,0.21484375,0.0625,-0.974609375
1152,0.224609375,0.0537109375,-0.9697265625
1153,0.22265625,0.05859375,-0.9765625
1154,0.224609375,0.0625,-0.978515625
1155,0.2255859375,0.0625,-0.974609375
1156,0.2265625,0.060546875,-0.9736328125
1157,0.21875,0.056640625,-0.974609375
1158,0.22265625,0.05859375,-0.970703125
1159,0.2216796875,0.060546875,-0.97265625
1160,0.2197265625,0.0625,-0.97265625
1161,0.22265625,0.0595703125,-0.9765625
1162,0.21875,0.0576171875,-0.9677734375
1163,0.2255859375,0.0556640625,-0.9697265625
1164,0.21875,0.05859375,-0.9716796875
1165,0.220703125,0.05859375,-0.9716796875
1166,0.2197265625,0.056640625,-0.9716796875
1167,0.220703125,0.0615234375,-0.970703125
1168,0.22265625,0.05859375,-0.9755859375
1169,0.220703125,0.05859375,-0.9794921875
1170,0.22265625,0.0595703125,-0.9697265625
1171,0.2197265625,0.0595703125,-0.9677734375
1172,0.22265625,0.060546875,-0.9755859375
1173,0.220703125,0.056640625,-0.9736328125
1174,0.2236328125,0.0546875,-0.96875
1175,0.21875,0.0615234375,-0.9677734375
1176,0.224609375,0.0615234375,-0.9736328125
1177,0.2177734375,0.0576171875,-0.96875
1178,0.22265625,0.05859375,-0.9677734375
1179,0.2236328125,0.0576171875,-0.9609375
1180,0.2236328125,0.0576171875,-0.9638671875
1181,0.2275390625,0.0595703125,-0.9697265625
1182,0.2236328125,0.0576171875,-0.9677734375
1183,0.2216796875,0.0625,-0.9697265625
1184,0.2236328125,0.060546875,-0.966796875
1185,0.2197265625,0.05859375,-0.9716796875
1186,0.22265625,0.056640625,-0.9736328125
1187,0.2236328125,0.0625,-0.974609375
1188,0.22265625,0.0595703125,-0.9755859375
1189,0.220703125,0.05859375,-0.97265625
1190,0.2216796875,0.060546875,-0.9716796875
1191,0.224609375,0.0576171875,-0.974609375
1192,0.2197265625,0.0634765625,-0.970703125
1193,0.22265625,0.0576171875,-0.9765625
1194,0.2236328125,0.0576171875,-0.97265625
1195,0.22265625,0.0595703125,-0.9755859375
1196,0.220703125,0.0576171875,-0.9755859375
1197,0.22265625,0.0615234375,-0.9775390625
1198,0.21875,0.05859375,-0.974609375
1199,0.2216796875,0.060546875,-0.9794921875
1200,0.2236328125,0.0595703125,-0.9716796875
1201,0.21875,0.060546875,-0.97265625
1202,0.220703125,0.0615234375,-0.9736328125
1203,0.22265625,0.05859375,-0.974609375
1204,0.220703125,0.0595703125,-0.9736328125
1205,0.21875,0.060546875,-0.97265625
1206,0.2216796875,0.05859375,-0.96875
1207,0.2197265625,0.060546875,-0.96875
1208,0.220703125,0.05859375,-0.974609375
1209,0.220703125,0.0615234375,-0.974609375
1210,0.220703125,0.05859375,-0.9765625
1211,0.220703125,0.060546875,-0.974609375
1212,0.21875,0.0595703125,-0.9716796875
1213,0.216796875,0.056640625,-0.9697265625
1214,0.21875,0.0556640625,-0.97265625
1215,0.22265625,0.05859375,-0.96875
1216,0.2216796875,0.0595703125,-0.97265625
1217,0.2177734375,0.0576171875,-0.9736328125
1218,0.224609375,0.05859375,-0.9697265625
1219,0.2236328125,0.0576171875,-0.974609375
1220,0.2265625,0.0556640625,-0.9697265625
1221,0.22265625,0.0576171875,-0.9765625
1222,0.2177734375,0.0556640625,-0.974609375
1223,0.22265625,0.0576171875,-0.970703125
1224,0.21875,0.0576171875,-0.9736328125
1225,0.21875,0.05859375,-0.9736328125
1226,0.220703125,0.0576171875,-0.97265625
1227,0.220703125,0.0576171875,-0.970703125
1228,0.21875,0.0595703125,-0.9736328125
1229,0.2197265625,0.0556640625,-0.970703125
1230,0.21875,0.060546875,-0.9716796875
1231,0.224609375,0.052734375,-0.9755859375
1232,0.2197265625,0.060546875,-0.9755859375
1233,0.212890625,0.0546875,-0.974609375
1234,0.21875,0.0556640625,-0.978515625
1235,0.2158203125,0.05859375,-0.9716796875
1236,0.22265625,0.0556640625,-0.96875
1237,0.220703125,0.0556640625,-0.974609375
1238,0.2197265625,0.0595703125,-0.9697265625
1239,0.220703125,0.0556640625,-0.9638671875
1240,0.21875,0.05859375,-0.9765625
1241,0.216796875,0.05859375,-0.9736328125
1242,0.2177734375,0.05859375,-0.9716796875
1243,0.220703125,0.05859375,-0.9716796875
1244,0.21484375,0.0576171875,-0.9716796875
1245,0.2177734375,0.05859375,-0.9736328125
1246,0.2158203125,0.0576171875,-0.97265625
1247,0.2177734375,0.0576171875,-0.9736328125
1248,0.216796875,0.060546875,-0.97265625
1249,0.220703125,0.05859375,-0.9736328125
1250,0.2177734375,0.0595703125,-0.9736328125
1251,0.216796875,0.0615234375,-0.978515625
1252,0.21484375,0.0546875,-0.9716796875
1253,0.212890625,0.0576171875,-0.974609375
1254,0.2197265625,0.0556640625,-0.974609375
1255,0.21875,0.0595703125,-0.974609375
1256,0.216796875,0.05859375,-0.9697265625
1257,0.21875,0.05859375,-0.9765625
1258,0.2197265625,0.0556640625,-0.97265625
1259,0.2158203125,0.0537109375,-0.9736328125
1260,0.216796875,0.060546875,-0.97265625
1261,0.212890625,0.056640625,-0.970703125
1262,0.21875,0.056640625,-0.9716796875
1263,0.21875,0.0576171875,-0.9716796875
1264,0.21875,0.0615234375,-0.9755859375
1265,0.224609375,0.0556640625,-0.9736328125
1266,0.216796875,0.060546875,-0.9716796875
1267,0.21875,0.05859375,-0.978515625
1268,0.220703125,0.0615234375,-0.9716796875
1269,0.21484375,0.05859375,-0.9775390625
1270,0.21484375,0.0615234375,-0.97265625
1271,0.2197265625,0.056640625,-0.970703125
1272,0.220703125,0.05859375,-0.97265625
1273,0.2138671875,0.060546875,-0.9716796875
1274,0.2216796875,0.056640625,-0.9716796875
1275,0.2197265625,0.05859375,-0.970703125
1276,0.21484375,0.0517578125,-0.97265625
1277,0.21484375,0.0556640625,-0.970703125
1278,0.216796875,0.05859375,-0.9765625
1279,0.216796875,0.0576171875,-0.970703125
1280,0.220703125,0.056640625,-0.9736328125
1281,0.21875,0.05859375,-0.966796875
1282,0.2197265625,0.05859375,-0.974609375
1283,0.21484375,0.0576171875,-0.9775390625
1284,0.212890625,0.0537109375,-0.9755859375
1285,0.21484375,0.0634765625,-0.98046875
1286,0.2197265625,0.060546875,-0.9794921875
1287,0.21875,0.0537109375,-0.9697265625
1288,0.2138671875,0.056640625,-0.9765625
1289,0.2197265625,0.0537109375,-0.9765625
1290,0.21875,0.0595703125,-0.9716796875
1291,0.2177734375,0.05859375,-0.9765625
1292,0.2236328125,0.0556640625,-0.9716796875
1293,0.21875,0.0546875,-0.974609375
1294,0.22265625,0.056640625,-0.9716796875
1295,0.22265625,0.0556640625,-0.97265625
1296,0.2197265625,0.056640625,-0.9716796875
1297,0.2138671875,0.0576171875,-0.9697265625
1298,0.2216796875,0.0576171875,-0.9697265625
1299,0.2119140625,0.0546875,-0.96875
1300,0.2158203125,0.056640625,-0.970703125
1301,0.21875,0.0625,-0.982421875
1302,0.220703125,0.0546875,-0.978515625
1303,0.2158203125,0.0537109375,-0.9755859375
1304,0.21875,0.0546875,-0.97265625
1305,0.2158203125,0.0556640625,-0.9736328125
1306,0.2177734375,0.060546875,-0.97265625
1307,0.2158203125,0.0556640625,-0.9716796875
1308,0.2119140625,0.056640625,-0.9736328125
1309,0.2177734375,0.0556640625,-0.9765625
1310,0.216796875,0.0615234375,-0.97265625
1311,0.216796875,0.0546875,-0.974609375
1312,0.21875,0.056640625,-0.9716796875
1313,0.2177734375,0.0517578125,-0.9736328125
1314,0.216796875,0.0546875,-0.9716796875
1315,0.2197265625,0.05859375,-0.9755859375
1316,0.2177734375,0.0615234375,-0.9716796875
1317,0.2177734375,0.060546875,-0.9755859375
1318,0.21484375,0.060546875,-0.978515625
1319,0.21875,0.0556640625,-0.9697265625
1320,0.216796875,0.052734375,-0.9736328125
1321,0.216796875,0.05859375,-0.97265625
1322,0.21875,0.0595703125,-0.97265625
1323,0.2197265625,0.056640625,-0.97265625
1324,0.216796875,0.0556640625,-0.974609375
1325,0.21875,0.0615234375,-0.974609375
1326,0.216796875,0.056640625,-0.97265625
1327,0.21875,0.05859375,-0.9736328125
1328,0.2138671875,0.0556640625,-0.974609375
1329,0.2158203125,0.0556640625,-0.9736328125
1330,0.2177734375,0.0576171875,-0.970703125
1331,0.216796875,0.05859375,-0.9755859375
1332,0.2177734375,0.0537109375,-0.978515625
1333,0.21484375,0.0537109375,-0.974609375
1334,0.216796875,0.0546875,-0.97265625
1335,0.2177734375,0.05859375,-0.9755859375
1336,0.21875,0.0615234375,-0.9755859375
1337,0.216796875,0.056640625,-0.97265625
1338,0.2216796875,0.05859375,-0.97265625
1339,0.216796875,0.0595703125,-0.970703125
1340,0.2177734375,0.0556640625,-0.9765625
1341,0.216796875,0.05078125,-0.97265625
1342,0.2177734375,0.0556640625,-0.974609375
1343,0.220703125,0.0517578125,-0.974609375
1344,0.2177734375,0.0556640625,-0.9736328125
1345,0.2177734375,0.05859375,-0.9736328125
1346,0.2109375,0.052734375,-0.97265625
1347,0.216796875,0.05859375,-0.974609375
1348,0.2109375,0.0576171875,-0.9716796875
1349,0.2158203125,0.05859375,-0.9736328125
1350,0.216796875,0.0595703125,-0.970703125
1351,0.2158203125,0.0498046875,-0.9716796875
1352,0.2177734375,0.0556640625,-0.9765625
1353,0.2158203125,0.0556640625,-0.9755859375
1354,0.2197265625,0.05859375,-0.9755859375
1355,0.21875,0.0546875,-0.9736328125
1356,0.212890625,0.0517578125,-0.9765625
1357,0.2197265625,0.0517578125,-0.970703125
1358,0.21875,0.0498046875,-0.9716796875
1359,0.2197265625,0.048828125,-0.966796875
1360,0.2138671875,0.0546875,-0.9755859375
1361,0.21484375,0.0537109375,-0.9736328125
1362,0.2138671875,0.056640625,-0.97265625
1363,0.2177734375,0.0517578125,-0.970703125
1364,0.21484375,0.0546875,-0.9755859375
1365,0.2158203125,0.05859375,-0.9716796875
1366,0.21875,0.05859375,-0.9697265625
1367,0.2197265625,0.0537109375,-0.9755859375
1368,0.216796875,0.05859375,-0.9736328125
1369,0.2158203125,0.0615234375,-0.9755859375
1370,0.21484375,0.056640625,-0.9765625
1371,0.216796875,0.056640625,-0.970703125
1372,0.216796875,0.0546875,-0.9765625
1373,0.2177734375,0.0517578125,-0.9755859375
1374,0.216796875,0.0537109375,-0.9716796875
1375,0.2177734375,0.0556640625,-0.9716796875
1376,0.220703125,0.052734375,-0.9736328125
1377,0.21484375,0.060546875,-0.9697265625
1378,0.21875,0.052734375,-0.974609375
1379,0.21875,0.0576171875,-0.9716796875
1380,0.220703125,0.05859375,-0.9736328125
1381,0.2177734375,0.0556640625,-0.9716796875
1382,0.21484375,0.0537109375,-0.9775390625
1383,0.212890625,0.0615234375,-0.9736328125
1384,0.2177734375,0.056640625,-0.96875
1385,0.216796875,0.056640625,-0.9765625
1386,0.2197265625,0.0517578125,-0.97265625
1387,0.220703125,0.0556640625,-0.970703125
1388,0.21484375,0.056640625,-0.9765625
1389,0.2216796875,0.056640625,-0.9677734375
1390,0.2197265625,0.0595703125,-0.9775390625
1391,0.2109375,0.0537109375,-0.978515625
1392,0.21875,0.0576171875,-0.974609375
1393,0.2119140625,0.0556640625,-0.9775390625
1394,0.212890625,0.0517578125,-0.9697265625
1395,0.2197265625,0.056640625,-0.9755859375
1396,0.2158203125,0.0546875,-0.974609375
1397,0.2177734375,0.0546875,-0.970703125
1398,0.2138671875,0.0556640625,-0.974609375
1399,0.21875,0.060546875,-0.974609375
1400,0.220703125,0.056640625,-0.9697265625
1401,0.21875,0.056640625,-0.9755859375
1402,0.2197265625,0.0546875,-0.9755859375
1403,0.2109375,0.0517578125,-0.97265625
1404,0.216796875,0.0537109375,-0.97265625
1405,0.2158203125,0.052734375,-0.97265625
1406,0.2138671875,0.0556640625,-0.9736328125
1407,0.2158203125,0.05078125,-0.97265625
1408,0.21484375,0.0546875,-0.9697265625
1409,0.216796875,0.0556640625,-0.97265625
1410,0.2177734375,0.05859375,-0.9716796875
1411,0.212890625,0.056640625,-0.97265625
1412,0.2138671875,0.05859375,-0.970703125
1413,0.216796875,0.052734375,-0.974609375
1414,0.216796875,0.052734375,-0.974609375
1415,0.21484375,0.052734375,-0.974609375
1416,0.2158203125,0.056640625,-0.974609375
1417,0.21875,0.0546875,-0.97265625
1418,0.21484375,0.05859375,-0.974609375
1419,0.216796875,0.056640625,-0.978515625
1420,0.21484375,0.0595703125,-0.978515625
1421,0.220703125,0.0576171875,-0.974609375
1422,0.21875,0.0556640625,-0.9775390625
1423,0.2138671875,0.0546875,-0.9755859375
1424,0.2158203125,0.0537109375,-0.9716796875
1425,0.21875,0.05859375,-0.9716796875
1426,0.2138671875,0.0537109375,-0.970703125
1427,0.216796875,0.0546875,-0.9736328125
1428,0.2216796875,0.056640625,-0.9658203125
1429,0.2216796875,0.0546875,-0.96875
1430,0.2158203125,0.0556640625,-0.9736328125
1431,0.2197265625,0.0537109375,-0.974609375
1432,0.21875,0.052734375,-0.9794921875
1433,0.2138671875,0.0546875,-0.97265625
1434,0.2158203125,0.0556640625,-0.9716796875
1435,0.212890625,0.056640625,-0.970703125
1436,0.21875,0.056640625,-0.9755859375
1437,0.216796875,0.0556640625,-0.9736328125
1438,0.21875,0.0595703125,-0.9755859375
1439,0.2177734375,0.0595703125,-0.974609375
1440,0.216796875,0.056640625,-0.9775390625
1441,0.2177734375,0.0576171875,-0.978515625
1442,0.2119140625,0.0537109375,-0.97265625
1443,0.2119140625,0.0576171875,-0.9765625
1444,0.216796875,0.05859375,-0.9775390625
1445,0.2177734375,0.0537109375,-0.9716796875
1446,0.2138671875,0.0576171875,-0.9736328125
1447,0.2158203125,0.0556640625,-0.974609375
1448,0.21875,0.05859375,-0.97265625
1449,0.224609375,0.056640625,-0.974609375
1450,0.21875,0.0546875,-0.978515625
1451,0.205078125,0.0546875,-0.974609375
1452,0.2158203125,0.0595703125,-0.9736328125
1453,0.2158203125,0.0546875,-0.974609375
1454,0.2177734375,0.0537109375,-0.9716796875
1455,0.21484375,0.0546875,-0.9716796875
1456,0.2197265625,0.0546875,-0.9765625
1457,0.216796875,0.0546875,-0.9736328125
1458,0.21484375,0.0556640625,-0.9736328125
1459,0.21484375,0.056640625,-0.974609375
1460,0.21484375,0.0546875,-0.9677734375
1461,0.21484375,0.052734375,-0.9755859375
1462,0.216796875,0.0546875,-0.970703125
1463,0.220703125,0.0576171875,-0.96875
1464,0.21484375,0.0595703125,-0.9755859375
1465,0.21875,0.0546875,-0.97265625
1466,0.21484375,0.0546875,-0.974609375
1467,0.2109375,0.0537109375,-0.974609375
1468,0.2158203125,0.0546875,-0.978515625
1469,0.21875,0.0546875,-0.97265625
1470,0.2138671875,0.0517578125,-0.9755859375
1471,0.21484375,0.056640625,-0.970703125
1472,0.21484375,0.056640625,-0.9765625
1473,0.2138671875,0.0556640625,-0.974609375
1474,0.2197265625,0.0556640625,-0.97265625
1475,0.2177734375,0.0546875,-0.97265625
1476,0.2158203125,0.0537109375,-0.9716796875
1477,0.2138671875,0.0576171875,-0.970703125
1478,0.216796875,0.060546875,-0.9775390625
1479,0.21875,0.05859375,-0.9716796875
1480,0.2138671875,0.056640625,-0.9755859375
1481,0.2119140625,0.0576171875,-0.9736328125
1482,0.21484375,0.0537109375,-0.974609375
1483,0.21875,0.056640625,-0.96875
1484,0.21875,0.0556640625,-0.974609375
1485,0.2158203125,0.0537109375,-0.9736328125
1486,0.21484375,0.05859375,-0.97265625
1487,0.2177734375,0.0546875,-0.9736328125
1488,0.2158203125,0.0546875,-0.9716796875
1489,0.22265625,0.0576171875,-0.9765625
1490,0.2158203125,0.056640625,-0.9755859375
1491,0.21484375,0.0498046875,-0.9755859375
1492,0.2138671875,0.0576171875,-0.974609375
1493,0.216796875,0.0546875,-0.9716796875
1494,0.21875,0.052734375,-0.97265625
1495,0.212890625,0.0556640625,-0.9716796875
1496,0.2138671875,0.0576171875,-0.98046875
1497,0.2138671875,0.0576171875,-0.97265625
1498,0.21875,0.0576171875,-0.9755859375
1499,0.216796875,0.0517578125,-0.974609375
1500,0.2177734375,0.0546875,-0.9765625
1501,0.216796875,0.05859375,-0.9716796875
1502,0.2119140625,0.0576171875,-0.9716796875
1503,0.2109375,0.05859375,-0.97265625
1504,0.2177734375,0.0556640625,-0.9755859375
1505,0.2158203125,0.05078125,-0.970703125
1506,0.2109375,0.0546875,-0.9716796875
1507,0.216796875,0.0546875,-0.97265625
1508,0.2158203125,0.056640625,-0.97265625
1509,0.2177734375,0.0537109375,-0.970703125
1510,0.212890625,0.0498046875,-0.9658203125
1511,0.2119140625,0.0517578125,-0.97265625
1512,0.216796875,0.05859375,-0.9716796875
1513,0.21484375,0.052734375,-0.974609375
1514,0.21875,0.0556640625,-0.9765625
1515,0.2138671875,0.0556640625,-0.9765625
1516,0.21875,0.0546875,-0.974609375
1517,0.21484375,0.056640625,-0.9765625
1518,0.212890625,0.0595703125,-0.97265625
1519,0.216796875,0.0556640625,-0.974609375
1520,0.212890625,0.0537109375,-0.9765625
1521,0.2119140625,0.0546875,-0.9716796875
1522,0.2158203125,0.0556640625,-0.9755859375
1523,0.2158203125,0.056640625,-0.9736328125
1524,0.220703125,0.0556640625,-0.96875
1525,0.21875,0.060546875,-0.9755859375
1526,0.212890625,0.0517578125,-0.974609375
1527,0.21484375,0.056640625,-0.9716796875
1528,0.216796875,0.056640625,-0.96875
1529,0.2119140625,0.05859375,-0.9765625
1530,0.2177734375,0.0537109375,-0.974609375
1531,0.2216796875,0.052734375,-0.9765625
1532,0.2177734375,0.0537109375,-0.9736328125
1533,0.2119140625,0.0537109375,-0.974609375
1534,0.2109375,0.05078125,-0.974609375
1535,0.2109375,0.0556640625,-0.9736328125
1536,0.2177734375,0.0537109375,-0.9736328125
1537,0.21875,0.0546875,-0.9765625
1538,0.2138671875,0.0537109375,-0.970703125
1539,0.212890625,0.0576171875,-0.974609375
1540,0.2158203125,0.0517578125,-0.974609375
1541,0.21484375,0.0537109375,-0.9716796875
1542,0.2138671875,0.0576171875,-0.9736328125
1543,0.2158203125,0.0546875,-0.9716796875
1544,0.2138671875,0.0546875,-0.9755859375
1545,0.2177734375,0.052734375,-0.9736328125
1546,0.212890625,0.056640625,-0.9716796875
1547,0.21484375,0.0546875,-0.9775390625
1548,0.216796875,0.0556640625,-0.9794921875
1549,0.21875,0.0556640625,-0.974609375
1550,0.2158203125,0.0546875,-0.98046875
1551,0.2138671875,0.0576171875,-0.9755859375
1552,0.21875,0.0537109375,-0.974609375
1553,0.212890625,0.05859375,-0.97265625
1554,0.2138671875,0.0576171875,-0.9775390625
1555,0.2197265625,0.056640625,-0.9736328125
1556,0.2197265625,0.0576171875,-0.97265625
1557,0.212890625,0.05078125,-0.97265625
1558,0.21484375,0.0556640625,-0.9794921875
1559,0.21484375,0.0556640625,-0.978515625
1560,0.212890625,0.0576171875,-0.970703125
1561,0.2138671875,0.0546875,-0.9794921875
1562,0.216796875,0.0537109375,-0.9736328125
1563,0.2119140625,0.0517578125,-0.9755859375
1564,0.216796875,0.0576171875,-0.9736328125
1565,0.2099609375,0.0595703125,-0.9716796875
1566,0.212890625,0.0546875,-0.9716796875
1567,0.2119140625,0.052734375,-0.9736328125
1568,0.2177734375,0.0546875,-0.9677734375
1569,0.212890625,0.05859375,-0.97265625
1570,0.2158203125,0.0556640625,-0.9833984375
1571,0.216796875,0.056640625,-0.9716796875
1572,0.2177734375,0.0537109375,-0.9775390625
1573,0.21875,0.05859375,-0.978515625
1574,0.216796875,0.0517578125,-0.974609375
1575,0.2177734375,0.0546875,-0.9697265625
1576,0.212890625,0.0537109375,-0.97265625
1577,0.21875,0.0546875,-0.9755859375
1578,0.216796875,0.056640625,-0.970703125
1579,0.212890625,0.048828125,-0.9755859375
1580,0.216796875,0.0576171875,-0.9736328125
1581,0.2177734375,0.05078125,-0.9736328125
1582,0.2158203125,0.0556640625,-0.9736328125
1583,0.216796875,0.0546875,-0.96875
1584,0.2197265625,0.0517578125,-0.9736328125
1585,0.212890625,0.056640625,-0.974609375
1586,0.2177734375,0.0546875,-0.9736328125
1587,0.2158203125,0.0537109375,-0.97265625
1588,0.2138671875,0.0546875,-0.9765625
1589,0.216796875,0.0537109375,-0.9755859375
1590,0.2109375,0.056640625,-0.9716796875
1591,0.21484375,0.056640625,-0.9794921875
1592,0.2158203125,0.0517578125,-0.974609375
1593,0.2158203125,0.0546875,-0.9716796875
1594,0.2216796875,0.05859375,-0.9775390625
1595,0.212890625,0.0576171875,-0.9736328125
1596,0.2119140625,0.0556640625,-0.96875
1597,0.212890625,0.0498046875,-0.9736328125
1598,0.212890625,0.0546875,-0.970703125
1599,0.2197265625,0.0537109375,-0.9677734375
1600,0.21484375,0.0517578125,-0.9716796875
1601,0.21484375,0.0517578125,-0.974609375
1602,0.216796875,0.056640625,-0.974609375
1603,0.2119140625,0.0546875,-0.9697265625
1604,0.2138671875,0.0576171875,-0.9716796875
1605,0.21875,0.05859375,-0.974609375
1606,0.2158203125,0.056640625,-0.9736328125
1607,0.2119140625,0.052734375,-0.97265625
1608,0.212890625,0.0517578125,-0.9755859375
1609,0.216796875,0.0556640625,-0.9736328125
1610,0.2158203125,0.0576171875,-0.974609375
1611,0.2138671875,0.0537109375,-0.974609375
1612,0.212890625,0.056640625,-0.9755859375
1613,0.2138671875,0.0546875,-0.9755859375
1614,0.2119140625,0.0478515625,-0.97265625
1615,0.2109375,0.056640625,-0.9716796875
1616,0.2119140625,0.0556640625,-0.9755859375
1617,0.21484375,0.0478515625,-0.97265625
1618,0.21875,0.056640625,-0.9736328125
1619,0.212890625,0.0546875,-0.974609375
1620,0.2119140625,0.052734375,-0.978515625
1621,0.216796875,0.056640625,-0.9794921875
1622,0.2138671875,0.0546875,-0.9755859375
1623,0.2177734375,0.0556640625,-0.9755859375
1624,0.212890625,0.05859375,-0.974609375
1625,0.212890625,0.05859375,-0.970703125
1626,0.2109375,0.052734375,-0.970703125
1627,0.2109375,0.0517578125,-0.9736328125
1628,0.212890625,0.0537109375,-0.96875
1629,0.2138671875,0.0576171875,-0.96875
1630,0.21875,0.0517578125,-0.974609375
1631,0.2138671875,0.0576171875,-0.9677734375
1632,0.21484375,0.0546875,-0.9697265625
1633,0.220703125,0.052734375,-0.97265625
1634,0.2138671875,0.048828125,-0.9794921875
1635,0.212890625,0.056640625,-0.9765625
1636,0.2158203125,0.048828125,-0.9814453125
1637,0.2138671875,0.0546875,-0.9765625
1638,0.2119140625,0.0537109375,-0.9794921875
1639,0.2099609375,0.0576171875,-0.9736328125
1640,0.212890625,0.056640625,-0.9755859375
1641,0.21484375,0.0537109375,-0.9775390625
1642,0.2138671875,0.056640625,-0.9755859375
1643,0.216796875,0.0576171875,-0.97265625
1644,0.2138671875,0.0556640625,-0.9755859375
1645,0.2109375,0.0537109375,-0.9736328125
1646,0.216796875,0.0546875,-0.9755859375
1647,0.2119140625,0.0556640625,-0.9755859375
1648,0.2158203125,0.0546875,-0.9765625
1649,0.212890625,0.05859375,-0.974609375
1650,0.2158203125,0.0556640625,-0.9755859375
1651,0.2138671875,0.052734375,-0.97265625
1652,0.21875,0.0576171875,-0.9736328125
1653,0.212890625,0.0546875,-0.970703125
1654,0.2138671875,0.0576171875,-0.974609375
1655,0.216796875,0.0595703125,-0.978515625
1656,0.21875,0.0556640625,-0.97265625
1657,0.216796875,0.0517578125,-0.974609375
1658,0.2353515625,0.056640625,-0.974609375
1659,0.208984375,0.056640625,-0.9775390625
1660,0.220703125,0.060546875,-0.9775390625
1661,0.21484375,0.044921875,-0.97265625
1662,0.2119140625,0.056640625,-0.970703125
1663,0.21875,0.0546875,-0.97265625
1664,0.21484375,0.0537109375,-0.97265625
1665,0.2158203125,0.0517578125,-0.9755859375
1666,0.2158203125,0.0546875,-0.978515625
1667,0.212890625,0.0546875,-0.978515625
1668,0.2177734375,0.05078125,-0.9755859375
1669,0.2138671875,0.0537109375,-0.978515625
1670,0.2197265625,0.056640625,-0.9775390625
1671,0.2119140625,0.05859375,-0.970703125
1672,0.2158203125,0.0537109375,-0.974609375
1673,0.212890625,0.0595703125,-0.97265625
1674,0.216796875,0.052734375,-0.974609375
1675,0.2138671875,0.056640625,-0.974609375
1676,0.216796875,0.0537109375,-0.978515625
1677,0.216796875,0.0546875,-0.9716796875
1678,0.2177734375,0.0537109375,-0.974609375
1679,0.212890625,0.0546875,-0.974609375
1680,0.2119140625,0.052734375,-0.9736328125
1681,0.2109375,0.0537109375,-0.974609375
1682,0.2138671875,0.0537109375,-0.97265625
1683,0.21484375,0.0537109375,-0.9716796875
1684,0.21484375,0.0517578125,-0.97265625
1685,0.216796875,0.052734375,-0.9736328125
1686,0.2138671875,0.0498046875,-0.970703125
1687,0.21484375,0.0556640625,-0.96875
1688,0.2138671875,0.0537109375,-0.974609375
1689,0.2158203125,0.0556640625,-0.9755859375
1690,0.2158203125,0.0537109375,-0.9755859375
1691,0.212890625,0.0517578125,-0.9765625
1692,0.2119140625,0.0537109375,-0.9677734375
1693,0.208984375,0.0517578125,-0.97265625
1694,0.212890625,0.048828125,-0.9736328125
1695,0.2060546875,0.048828125,-0.9755859375
1696,0.2197265625,0.0546875,-0.9716796875
1697,0.2158203125,0.0556640625,-0.97265625
1698,0.212890625,0.052734375,-0.97265625
1699,0.21875,0.0517578125,-0.9736328125
1700,0.216796875,0.0546875,-0.9697265625
1701,0.216796875,0.0546875,-0.9775390625
1702,0.21875,0.0546875,-0.974609375
1703,0.216796875,0.0556640625,-0.9697265625
1704,0.21484375,0.060546875,-0.9716796875
1705,0.2109375,0.056640625,-0.9716796875
1706,0.216796875,0.0537109375,-0.9736328125
1707,0.2099609375,0.0546875,-0.974609375
1708,0.216796875,0.0537109375,-0.97265625
1709,0.21875,0.0517578125,-0.9765625
1710,0.21875,0.0546875,-0.9755859375
1711,0.2138671875,0.052734375,-0.97265625
1712,0.216796875,0.0478515625,-0.9736328125
1713,0.2177734375,0.0537109375,-0.9775390625
1714,0.21484375,0.052734375,-0.974609375
1715,0.2119140625,0.0517578125,-0.96875
1716,0.2177734375,0.0546875,-0.974609375
1717,0.216796875,0.0537109375,-0.98046875
1718,0.2158203125,0.0556640625,-0.96875
1719,0.2119140625,0.0556640625,-0.9794921875
1720,0.2216796875,0.0537109375,-0.970703125
1721,0.2119140625,0.0517578125,-0.9716796875
1722,0.21484375,0.05078125,-0.9765625
1723,0.212890625,0.0556640625,-0.9677734375
1724,0.2158203125,0.0556640625,-0.97265625
1725,0.21484375,0.056640625,-0.9736328125
1726,0.2119140625,0.0498046875,-0.9736328125
1727,0.2119140625,0.05859375,-0.9736328125
1728,0.2158203125,0.0546875,-0.974609375
1729,0.21875,0.0517578125,-0.9765625
1730,0.21484375,0.0517578125,-0.9716796875
1731,0.2119140625,0.05078125,-0.9775390625
1732,0.21484375,0.0546875,-0.9736328125
1733,0.2177734375,0.052734375,-0.9716796875
1734,0.21484375,0.052734375,-0.9755859375
1735,0.21484375,0.052734375,-0.97265625
1736,0.21484375,0.0517578125,-0.97265625
1737,0.2109375,0.0576171875,-0.970703125
1738,0.2138671875,0.0498046875,-0.9775390625
1739,0.2177734375,0.05078125,-0.97265625
1740,0.216796875,0.052734375,-0.98046875
1741,0.212890625,0.052734375,-0.974609375
1742,0.21484375,0.0546875,-0.9755859375
1743,0.2119140625,0.052734375,-0.974609375
1744,0.2138671875,0.0556640625,-0.97265625
1745,0.2119140625,0.0576171875,-0.9765625
1746,0.21875,0.0546875,-0.9736328125
1747,0.21484375,0.05078125,-0.97265625
1748,0.2197265625,0.0546875,-0.970703125
1749,0.2138671875,0.052734375,-0.9755859375
1750,0.2119140625,0.05859375,-0.9765625
1751,0.216796875,0.0537109375,-0.9765625
1752,0.2177734375,0.052734375,-0.974609375
1753,0.21484375,0.052734375,-0.970703125
1754,0.216796875,0.052734375,-0.9765625
1755,0.2119140625,0.0556640625,-0.9775390625
1756,0.21484375,0.0556640625,-0.96875
1757,0.2158203125,0.056640625,-0.974609375
1758,0.21484375,0.0498046875,-0.9775390625
1759,0.2099609375,0.05078125,-0.970703125
1760,0.2119140625,0.0517578125,-0.974609375
1761,0.2197265625,0.0546875,-0.9765625
1762,0.2158203125,0.0576171875,-0.970703125
1763,0.212890625,0.0595703125,-0.97265625
1764,0.2119140625,0.05078125,-0.9755859375
1765,0.212890625,0.052734375,-0.97265625
1766,0.2138671875,0.0576171875,-0.9775390625
1767,0.21484375,0.0546875,-0.9765625
1768,0.2099609375,0.0537109375,-0.9755859375
1769,0.212890625,0.0517578125,-0.9716796875
1770,0.21484375,0.0556640625,-0.98046875
1771,0.212890625,0.0478515625,-0.978515625
1772,0.212890625,0.052734375,-0.97265625
1773,0.21484375,0.0537109375,-0.9765625
1774,0.2158203125,0.048828125,-0.9775390625
1775,0.216796875,0.052734375,-0.9736328125
1776,0.21484375,0.0546875,-0.9765625
1777,0.216796875,0.0546875,-0.9765625
1778,0.212890625,0.0546875,-0.966796875
1779,0.2177734375,0.05078125,-0.9736328125
1780,0.212890625,0.0556640625,-0.9716796875
1781,0.2119140625,0.0517578125,-0.9736328125
1782,0.2099609375,0.056640625,-0.9755859375
1783,0.21484375,0.052734375,-0.97265625
1784,0.2109375,0.0576171875,-0.9755859375
1785,0.216796875,0.0546875,-0.9775390625
1786,0.2158203125,0.0537109375,-0.9755859375
1787,0.2197265625,0.0576171875,-0.9765625
1788,0.2138671875,0.048828125,-0.9736328125
1789,0.21875,0.052734375,-0.9736328125
1790,0.2255859375,0.05078125,-0.9765625
1791,0.212890625,0.0517578125,-0.974609375
1792,0.21875,0.0576171875,-0.9755859375
1793,0.2138671875,0.05078125,-0.9736328125
1794,0.21875,0.0556640625,-0.9775390625
1795,0.212890625,0.0537109375,-0.9716796875
1796,0.2119140625,0.05078125,-0.97265625
1797,0.2158203125,0.048828125,-0.978515625
1798,0.2158203125,0.056640625,-0.9697265625
1799,0.212890625,0.0537109375,-0.9765625
1800,0.2197265625,0.0517578125,-0.9775390625
1801,0.21484375,0.052734375,-0.9736328125
1802,0.2197265625,0.0537109375,-0.9716796875
1803,0.21875,0.0595703125,-0.97265625
1804,0.2138671875,0.0546875,-0.970703125
1805,0.2158203125,0.0537109375,-0.97265625
1806,0.2138671875,0.052734375,-0.9677734375
1807,0.212890625,0.0595703125,-0.9736328125
1808,0.2158203125,0.05859375,-0.9755859375
1809,0.2158203125,0.0546875,-0.970703125
1810,0.2119140625,0.0517578125,-0.97265625
1811,0.212890625,0.0498046875,-0.9716796875
1812,0.21484375,0.0556640625,-0.9736328125
1813,0.21484375,0.0615234375,-0.974609375
1814,0.21484375,0.0546875,-0.9736328125
1815,0.2158203125,0.0546875,-0.9755859375
1816,0.2158203125,0.0546875,-0.9765625
1817,0.2138671875,0.052734375,-0.9775390625
1818,0.2119140625,0.052734375,-0.9775390625
1819,0.2138671875,0.052734375,-0.9775390625
1820,0.2197265625,0.052734375,-0.9765625
1821,0.2099609375,0.0517578125,-0.9716796875
1822,0.2197265625,0.056640625,-0.970703125
1823,0.216796875,0.0537109375,-0.9677734375
1824,0.2158203125,0.044921875,-0.9697265625
1825,0.212890625,0.0400390625,-0.962890625
1826,0.2041015625,0.0458984375,-0.9755859375
1827,0.2314453125,0.0634765625,-0.9677734375
1828,0.2119140625,0.0546875,-0.9794921875
1829,0.212890625,0.0546875,-0.974609375
1830,0.2216796875,0.0556640625,-0.9697265625
1831,0.2177734375,0.0556640625,-0.9736328125
1832,0.2138671875,0.0517578125,-0.974609375
1833,0.2099609375,0.0478515625,-0.97265625
1834,0.2119140625,0.0556640625,-0.974609375
1835,0.2138671875,0.052734375,-0.9736328125
1836,0.2177734375,0.0546875,-0.9736328125
1837,0.2158203125,0.0537109375,-0.962890625
1838,0.216796875,0.048828125,-0.9716796875
1839,0.2177734375,0.052734375,-0.96875
1840,0.2119140625,0.0556640625,-0.9716796875
1841,0.2158203125,0.0556640625,-0.9765625
1842,0.2138671875,0.0537109375,-0.9716796875
1843,0.21484375,0.0537109375,-0.9755859375
1844,0.2119140625,0.0556640625,-0.9765625
1845,0.21484375,0.0556640625,-0.97265625
1846,0.216796875,0.0537109375,-0.978515625
1847,0.21484375,0.0478515625,-0.974609375
1848,0.2197265625,0.05859375,-0.970703125
1849,0.212890625,0.0556640625,-0.97265625
1850,0.2138671875,0.052734375,-0.974609375
1851,0.208984375,0.0576171875,-0.9716796875
1852,0.2119140625,0.0546875,-0.974609375
1853,0.2177734375,0.05078125,-0.9755859375
1854,0.2119140625,0.052734375,-0.970703125
1855,0.21484375,0.0517578125,-0.970703125
1856,0.2158203125,0.0517578125,-0.97265625
1857,0.2138671875,0.0517578125,-0.97265625
1858,0.2158203125,0.0546875,-0.974609375
1859,0.212890625,0.048828125,-0.974609375
1860,0.216796875,0.0517578125,-0.9755859375
1861,0.2158203125,0.0517578125,-0.97265625
1862,0.216796875,0.0537109375,-0.9755859375
1863,0.2158203125,0.048828125,-0.9716796875
1864,0.2138671875,0.0556640625,-0.97265625
1865,0.21484375,0.0517578125,-0.9765625
1866,0.21484375,0.0517578125,-0.97265625
1867,0.2197265625,0.0537109375,-0.974609375
1868,0.212890625,0.0546875,-0.970703125
1869,0.21875,0.0537109375,-0.9736328125
1870,0.216796875,0.0517578125,-0.9765625
1871,0.2099609375,0.0517578125,-0.97265625
1872,0.2109375,0.052734375,-0.974609375
1873,0.212890625,0.0537109375,-0.97265625
1874,0.2119140625,0.05078125,-0.9716796875
1875,0.2138671875,0.0556640625,-0.974609375
1876,0.21484375,0.0556640625,-0.9755859375
1877,0.212890625,0.0517578125,-0.9755859375
1878,0.212890625,0.046875,-0.974609375
1879,0.216796875,0.0517578125,-0.974609375
1880,0.216796875,0.060546875,-0.9755859375
1881,0.21484375,0.052734375,-0.9765625
1882,0.2197265625,0.052734375,-0.978515625
1883,0.2158203125,0.0546875,-0.974609375
1884,0.21484375,0.052734375,-0.9716796875
1885,0.216796875,0.05859375,-0.9775390625
1886,0.212890625,0.0537109375,-0.97265625
1887,0.21484375,0.0517578125,-0.9765625
1888,0.2177734375,0.05078125,-0.9697265625
1889,0.2158203125,0.05078125,-0.9765625
1890,0.216796875,0.0546875,-0.9736328125
1891,0.21484375,0.0517578125,-0.9755859375
1892,0.2177734375,0.05859375,-0.978515625
1893,0.216796875,0.048828125,-0.9716796875
1894,0.216796875,0.0556640625,-0.97265625
1895,0.2109375,0.0537109375,-0.9775390625
1896,0.212890625,0.0556640625,-0.974609375
1897,0.2119140625,0.0546875,-0.9765625
1898,0.216796875,0.052734375,-0.9677734375
1899,0.216796875,0.052734375,-0.9716796875
1900,0.208984375,0.0546875,-0.974609375
1901,0.21484375,0.0537109375,-0.9736328125
1902,0.2158203125,0.0546875,-0.974609375
1903,0.2119140625,0.0556640625,-0.974609375
1904,0.21484375,0.056640625,-0.9755859375
1905,0.2138671875,0.0537109375,-0.974609375
1906,0.21484375,0.052734375,-0.9736328125
1907,0.2099609375,0.056640625,-0.97265625
1908,0.2119140625,0.056640625,-0.97265625
1909,0.2119140625,0.0556640625,-0.9716796875
1910,0.212890625,0.0546875,-0.974609375
1911,0.2119140625,0.0576171875,-0.9755859375
1912,0.2197265625,0.0546875,-0.9765625
1913,0.212890625,0.056640625,-0.9755859375
1914,0.2138671875,0.0546875,-0.9716796875
1915,0.2158203125,0.048828125,-0.9755859375
1916,0.2158203125,0.0537109375,-0.9697265625
1917,0.212890625,0.0546875,-0.978515625
1918,0.2119140625,0.0556640625,-0.9765625
1919,0.2138671875,0.056640625,-0.9736328125
1920,0.2138671875,0.0517578125,-0.978515625
1921,0.212890625,0.0556640625,-0.9765625
1922,0.2138671875,0.0556640625,-0.978515625
1923,0.216796875,0.052734375,-0.97265625
1924,0.2109375,0.052734375,-0.9775390625
1925,0.2177734375,0.0498046875,-0.97265625
1926,0.2099609375,0.0546875,-0.970703125
1927,0.2158203125,0.0556640625,-0.9755859375
1928,0.2080078125,0.05859375,-0.97265625
1929,0.2158203125,0.0537109375,-0.9775390625
1930,0.212890625,0.0537109375,-0.9755859375
1931,0.21484375,0.0517578125,-0.9736328125
1932,0.2158203125,0.0556640625,-0.9775390625
1933,0.212890625,0.0556640625,-0.9755859375
1934,0.208984375,0.0517578125,-0.974609375
1935,0.212890625,0.0537109375,-0.9716796875
1936,0.212890625,0.0537109375,-0.9755859375
1937,0.2119140625,0.0546875,-0.9755859375
1938,0.2138671875,0.048828125,-0.97265625
1939,0.21484375,0.056640625,-0.9765625
1940,0.21484375,0.0556640625,-0.974609375
1941,0.2138671875,0.052734375,-0.9775390625
1942,0.2109375,0.0556640625,-0.97265625
1943,0.2158203125,0.0556640625,-0.9736328125
1944,0.212890625,0.052734375,-0.9716796875
1945,0.2080078125,0.052734375,-0.974609375
1946,0.21484375,0.0546875,-0.97265625
1947,0.21484375,0.056640625,-0.9716796875
1948,0.21484375,0.052734375,-0.9755859375
1949,0.2119140625,0.056640625,-0.9794921875
1950,0.212890625,0.0517578125,-0.9765625
1951,0.2080078125,0.0546875,-0.97265625
1952,0.20703125,0.0537109375,-0.97265625
1953,0.21484375,0.0537109375,-0.97265625
1954,0.216796875,0.0537109375,-0.970703125
1955,0.216796875,0.0537109375,-0.974609375
1956,0.2138671875,0.0556640625,-0.9736328125
1957,0.2158203125,0.0556640625,-0.9736328125
1958,0.216796875,0.0556640625,-0.9775390625
1959,0.2177734375,0.05859375,-0.9755859375
1960,0.2138671875,0.0576171875,-0.9765625
1961,0.2158203125,0.0537109375,-0.9775390625
1962,0.2138671875,0.056640625,-0.970703125
1963,0.216796875,0.0576171875,-0.970703125
1964,0.2138671875,0.0546875,-0.974609375
1965,0.2138671875,0.0537109375,-0.9736328125
1966,0.2177734375,0.0546875,-0.974609375
1967,0.2119140625,0.0556640625,-0.9697265625
1968,0.2119140625,0.056640625,-0.974609375
1969,0.2109375,0.0517578125,-0.9697265625
1970,0.21484375,0.0546875,-0.978515625
1971,0.2099609375,0.056640625,-0.974609375
1972,0.2138671875,0.0556640625,-0.974609375
1973,0.2119140625,0.0546875,-0.9736328125
1974,0.2099609375,0.0595703125,-0.9765625
1975,0.212890625,0.05859375,-0.9765625
1976,0.212890625,0.0556640625,-0.9765625
1977,0.2099609375,0.0546875,-0.9775390625
1978,0.208984375,0.0537109375,-0.974609375
1979,0.2099609375,0.056640625,-0.9736328125
1980,0.2099609375,0.0546875,-0.97265625
1981,0.216796875,0.0546875,-0.9755859375
1982,0.212890625,0.0517578125,-0.9736328125
1983,0.2099609375,0.052734375,-0.97265625
1984,0.212890625,0.0546875,-0.9755859375
1985,0.212890625,0.056640625,-0.970703125
1986,0.212890625,0.048828125,-0.970703125
1987,0.216796875,0.0537109375,-0.970703125
1988,0.2138671875,0.0576171875,-0.9619140625
1989,0.212890625,0.05859375,-0.9638671875
1990,0.2138671875,0.056640625,-0.9716796875
1991,0.2119140625,0.0556640625,-0.9736328125
1992,0.20703125,0.05078125,-0.9794921875
1993,0.21484375,0.052734375,-0.9775390625
1994,0.216796875,0.0576171875,-0.974609375
1995,0.212890625,0.052734375,-0.9755859375
1996,0.212890625,0.0556640625,-0.9755859375
1997,0.21484375,0.056640625,-0.9755859375
1998,0.212890625,0.0546875,-0.974609375
1999,0.2119140625,0.0556640625,-0.9794921875
2000,0.2080078125,0.0537109375,-0.9765625
2001,0.2138671875,0.05859375,-0.978515625
2002,0.2158203125,0.0537109375,-0.9765625
2003,0.212890625,0.052734375,-0.974609375
2004,0.2099609375,0.0546875,-0.9775390625
2005,0.212890625,0.05859375,-0.9775390625
2006,0.2119140625,0.052734375,-0.978515625
2007,0.208984375,0.0595703125,-0.9765625
2008,0.2158203125,0.056640625,-0.974609375
2009,0.212890625,0.0556640625,-0.9755859375
2010,0.2158203125,0.0498046875,-0.9736328125
2011,0.2119140625,0.0556640625,-0.974609375
2012,0.2119140625,0.0576171875,-0.9716796875
2013,0.2119140625,0.0615234375,-0.974609375
2014,0.2119140625,0.0537109375,-0.97265625
2015,0.21484375,0.056640625,-0.9755859375
2016,0.2197265625,0.0546875,-0.9755859375
2017,0.216796875,0.056640625,-0.9716796875
2018,0.2138671875,0.056640625,-0.96875
2019,0.2119140625,0.048828125,-0.9697265625
2020,0.212890625,0.0556640625,-0.9736328125
2021,0.212890625,0.0546875,-0.9765625
2022,0.2099609375,0.0546875,-0.974609375
2023,0.2119140625,0.0546875,-0.9775390625
2024,0.2119140625,0.052734375,-0.9765625
2025,0.208984375,0.0556640625,-0.9755859375
2026,0.2138671875,0.056640625,-0.9765625
2027,0.2119140625,0.0546875,-0.97265625
2028,0.2158203125,0.0546875,-0.9794921875
2029,0.2109375,0.0537109375,-0.974609375
2030,0.216796875,0.0556640625,-0.974609375
2031,0.216796875,0.0576171875,-0.9716796875
2032,0.2099609375,0.05859375,-0.974609375
2033,0.2099609375,0.0556640625,-0.974609375
2034,0.212890625,0.0576171875,-0.9775390625
2035,0.2119140625,0.0576171875,-0.970703125
2036,0.212890625,0.0517578125,-0.97265625
2037,0.2158203125,0.052734375,-0.97265625
2038,0.212890625,0.0537109375,-0.970703125
2039,0.2109375,0.0537109375,-0.9736328125
2040,0.2158203125,0.0537109375,-0.9755859375
2041,0.216796875,0.056640625,-0.9755859375
2042,0.2138671875,0.0556640625,-0.9736328125
2043,0.21484375,0.0576171875,-0.97265625
2044,0.212890625,0.052734375,-0.9765625
2045,0.2138671875,0.048828125,-0.9755859375
2046,0.2119140625,0.05859375,-0.9765625
2047,0.216796875,0.056640625,-0.9814453125
2048,0.2080078125,0.0595703125,-0.974609375
2049,0.2109375,0.0546875,-0.9755859375
2050,0.2099609375,0.0537109375,-0.97265625
2051,0.2109375,0.056640625,-0.97265625
2052,0.2138671875,0.052734375,-0.97265625
2053,0.2099609375,0.05078125,-0.9765625
2054,0.2119140625,0.0546875,-0.974609375
2055,0.2119140625,0.0537109375,-0.98046875
2056,0.2158203125,0.0576171875,-0.96875
2057,0.2138671875,0.056640625,-0.974609375
2058,0.21484375,0.0537109375,-0.9755859375
2059,0.2099609375,0.0595703125,-0.9755859375
2060,0.216796875,0.0556640625,-0.974609375
2061,0.2177734375,0.0537109375,-0.974609375
2062,0.2158203125,0.0546875,-0.9775390625
2063,0.2119140625,0.0517578125,-0.9736328125
2064,0.2177734375,0.0537109375,-0.9765625
2065,0.212890625,0.0537109375,-0.9677734375
2066,0.212890625,0.0556640625,-0.974609375
2067,0.2109375,0.0546875,-0.970703125
2068,0.212890625,0.0556640625,-0.9736328125
2069,0.2138671875,0.0498046875,-0.970703125
2070,0.2158203125,0.056640625,-0.970703125
2071,0.2109375,0.0537109375,-0.974609375
2072,0.2138671875,0.0537109375,-0.97265625
2073,0.21484375,0.052734375,-0.96875
2074,0.216796875,0.05859375,-0.97265625
2075,0.2138671875,0.0546875,-0.9765625
2076,0.2099609375,0.052734375,-0.974609375
2077,0.212890625,0.0517578125,-0.974609375
2078,0.2099609375,0.0537109375,-0.9775390625
2079,0.2099609375,0.0556640625,-0.9755859375
2080,0.2158203125,0.0556640625,-0.97265625
2081,0.2158203125,0.0517578125,-0.97265625
2082,0.21484375,0.0595703125,-0.974609375
2083,0.2099609375,0.0576171875,-0.9736328125
2084,0.21484375,0.052734375,-0.974609375
2085,0.2109375,0.0546875,-0.974609375
2086,0.2138671875,0.0576171875,-0.9794921875
2087,0.2138671875,0.056640625,-0.9755859375
2088,0.212890625,0.0595703125,-0.9794921875
2089,0.2138671875,0.0546875,-0.97265625
2090,0.2158203125,0.05078125,-0.9765625
2091,0.212890625,0.0537109375,-0.9697265625
2092,0.2119140625,0.052734375,-0.97265625
2093,0.2138671875,0.0576171875,-0.974609375
2094,0.2099609375,0.05859375,-0.9755859375
2095,0.2138671875,0.0517578125,-0.970703125
2096,0.212890625,0.0546875,-0.9716796875
2097,0.2119140625,0.0546875,-0.974609375
2098,0.208984375,0.0546875,-0.9755859375
2099,0.212890625,0.056640625,-0.9736328125
2100,0.2138671875,0.0517578125,-0.9736328125
2101,0.2099609375,0.052734375,-0.9755859375
2102,0.2119140625,0.0517578125,-0.970703125
2103,0.21875,0.0537109375,-0.97265625
2104,0.2138671875,0.052734375,-0.9755859375
2105,0.212890625,0.0537109375,-0.9716796875
2106,0.2138671875,0.0546875,-0.9736328125
2107,0.2119140625,0.0546875,-0.970703125
2108,0.2109375,0.0546875,-0.9755859375
2109,0.208984375,0.0576171875,-0.9716796875
2110,0.21484375,0.0556640625,-0.978515625
2111,0.2109375,0.0546875,-0.9755859375
2112,0.2158203125,0.056640625,-0.974609375
2113,0.2119140625,0.0595703125,-0.9755859375
2114,0.212890625,0.056640625,-0.978515625
2115,0.21484375,0.0537109375,-0.9755859375
2116,0.2109375,0.0556640625,-0.9794921875
2117,0.2080078125,0.0546875,-0.9755859375
2118,0.212890625,0.0556640625,-0.9765625
2119,0.212890625,0.060546875,-0.9755859375
2120,0.212890625,0.060546875,-0.970703125
2121,0.2119140625,0.0517578125,-0.9736328125
2122,0.2119140625,0.0556640625,-0.9716796875
2123,0.2177734375,0.0517578125,-0.97265625
2124,0.212890625,0.052734375,-0.97265625
2125,0.21484375,0.0546875,-0.970703125
2126,0.208984375,0.0546875,-0.96484375
2127,0.212890625,0.0556640625,-0.970703125
2128,0.21484375,0.0556640625,-0.9697265625
2129,0.2109375,0.0546875,-0.9736328125
2130,0.2119140625,0.0517578125,-0.9736328125
2131,0.216796875,0.0517578125,-0.9736328125
2132,0.2109375,0.052734375,-0.974609375
2133,0.21875,0.0537109375,-0.9765625
2134,0.21484375,0.052734375,-0.9775390625
2135,0.212890625,0.0478515625,-0.9775390625
2136,0.2119140625,0.0556640625,-0.9755859375
2137,0.21484375,0.0537109375,-0.974609375
2138,0.21484375,0.05078125,-0.9736328125
2139,0.21484375,0.0517578125,-0.978515625
2140,0.212890625,0.0556640625,-0.9765625
2141,0.208984375,0.05859375,-0.9736328125
2142,0.2119140625,0.052734375,-0.9765625
2143,0.212890625,0.0556640625,-0.97265625
2144,0.216796875,0.0517578125,-0.9775390625
2145,0.212890625,0.052734375,-0.9755859375
2146,0.2138671875,0.052734375,-0.974609375
2147,0.2119140625,0.0595703125,-0.974609375
2148,0.2158203125,0.048828125,-0.9716796875
2149,0.216796875,0.0556640625,-0.9755859375
2150,0.2138671875,0.060546875,-0.9765625
2151,0.21484375,0.0478515625,-0.974609375
2152,0.212890625,0.0546875,-0.9677734375
2153,0.2099609375,0.05859375,-0.9736328125
2154,0.216796875,0.0576171875,-0.974609375
2155,0.212890625,0.052734375,-0.97265625
2156,0.2158203125,0.05859375,-0.9755859375
2157,0.2109375,0.0537109375,-0.97265625
2158,0.212890625,0.0517578125,-0.9755859375
2159,0.2119140625,0.0546875,-0.97265625
2160,0.2138671875,0.0556640625,-0.96875
2161,0.2109375,0.05078125,-0.9716796875
2162,0.21484375,0.0556640625,-0.9765625
2163,0.2138671875,0.0556640625,-0.9736328125
2164,0.212890625,0.052734375,-0.9716796875
2165,0.21484375,0.0576171875,-0.9736328125
2166,0.2177734375,0.056640625,-0.97265625
2167,0.2197265625,0.0576171875,-0.9716796875
2168,0.2119140625,0.0576171875,-0.97265625
2169,0.212890625,0.0546875,-0.974609375
2170,0.21484375,0.0556640625,-0.9736328125
2171,0.21484375,0.0546875,-0.970703125
2172,0.2119140625,0.0556640625,-0.97265625
2173,0.2099609375,0.056640625,-0.96875
2174,0.2119140625,0.0546875,-0.97265625
2175,0.2138671875,0.0546875,-0.9755859375
2176,0.2119140625,0.0517578125,-0.974609375
2177,0.2109375,0.0537109375,-0.9736328125
2178,0.2177734375,0.0546875,-0.9716796875
2179,0.2138671875,0.0537109375,-0.9765625
2180,0.2109375,0.0576171875,-0.974609375
2181,0.2158203125,0.0537109375,-0.974609375
2182,0.2119140625,0.0517578125,-0.97265625
2183,0.212890625,0.0546875,-0.9697265625
2184,0.2158203125,0.056640625,-0.974609375
2185,0.212890625,0.0546875,-0.9755859375
2186,0.2138671875,0.0546875,-0.9765625
2187,0.216796875,0.052734375,-0.9755859375
2188,0.2177734375,0.0556640625,-0.974609375
2189,0.2119140625,0.052734375,-0.9794921875
2190,0.2158203125,0.0556640625,-0.9755859375
2191,0.216796875,0.05859375,-0.9736328125
2192,0.212890625,0.056640625,-0.9736328125
2193,0.216796875,0.0498046875,-0.9755859375
2194,0.2158203125,0.052734375,-0.9697265625
2195,0.2119140625,0.0537109375,-0.97265625
2196,0.212890625,0.056640625,-0.97265625
2197,0.21875,0.0498046875,-0.9716796875
2198,0.2138671875,0.0556640625,-0.9765625
2199,0.212890625,0.0546875,-0.9716796875
2200,0.212890625,0.0576171875,-0.97265625
2201,0.208984375,0.0537109375,-0.9833984375
2202,0.2119140625,0.0556640625,-0.9716796875
2203,0.2158203125,0.0576171875,-0.9716796875
2204,0.2158203125,0.0546875,-0.9716796875
2205,0.21875,0.056640625,-0.970703125
2206,0.21875,0.0556640625,-0.97265625
2207,0.2119140625,0.0576171875,-0.9755859375
2208,0.2177734375,0.0576171875,-0.9814453125
2209,0.2197265625,0.0537109375,-0.9755859375
2210,0.21484375,0.052734375,-0.97265625
2211,0.2158203125,0.0546875,-0.96875
2212,0.2158203125,0.0537109375,-0.97265625
2213,0.2177734375,0.0546875,-0.97265625
2214,0.212890625,0.0546875,-0.9716796875
2215,0.21484375,0.052734375,-0.9736328125
2216,0.2099609375,0.0546875,-0.9677734375
2217,0.20703125,0.0576171875,-0.9736328125
2218,0.21484375,0.0556640625,-0.9697265625
2219,0.2119140625,0.0478515625,-0.9765625
2220,0.2138671875,0.0595703125,-0.9716796875
2221,0.21484375,0.052734375,-0.9755859375
2222,0.21484375,0.056640625,-0.982421875
2223,0.2099609375,0.0576171875,-0.9765625
2224,0.2138671875,0.0546875,-0.978515625
2225,0.2138671875,0.056640625,-0.974609375
2226,0.21484375,0.052734375,-0.9736328125
2227,0.21484375,0.0556640625,-0.97265625
2228,0.212890625,0.052734375,-0.978515625
2229,0.216796875,0.0517578125,-0.9736328125
2230,0.212890625,0.0546875,-0.974609375
2231,0.2109375,0.052734375,-0.9736328125
2232,0.2119140625,0.0517578125,-0.9755859375
2233,0.2080078125,0.052734375,-0.96875
2234,0.2138671875,0.0517578125,-0.9775390625
2235,0.216796875,0.0546875,-0.9736328125
2236,0.2119140625,0.0537109375,-0.978515625
2237,0.220703125,0.0546875,-0.9775390625
2238,0.21875,0.0498046875,-0.9716796875
2239,0.2119140625,0.05078125,-0.974609375
2240,0.2109375,0.0546875,-0.978515625
2241,0.212890625,0.0498046875,-0.974609375
2242,0.212890625,0.0556640625,-0.974609375
2243,0.2138671875,0.0546875,-0.982421875
2244,0.212890625,0.052734375,-0.9755859375
2245,0.2119140625,0.052734375,-0.9755859375
2246,0.212890625,0.0556640625,-0.9775390625
2247,0.212890625,0.0478515625,-0.9755859375
2248,0.21875,0.0556640625,-0.9755859375
2249,0.21484375,0.0517578125,-0.9755859375
2250,0.21484375,0.052734375,-0.970703125
2251,0.21875,0.052734375,-0.974609375
2252,0.21484375,0.0546875,-0.9716796875
2253,0.2177734375,0.0556640625,-0.9765625
2254,0.2158203125,0.0546875,-0.9716796875
2255,0.2158203125,0.0517578125,-0.97265625
2256,0.2158203125,0.0537109375,-0.9736328125
2257,0.21484375,0.0556640625,-0.9755859375
2258,0.2109375,0.0546875,-0.9697265625
2259,0.2119140625,0.0546875,-0.9716796875
2260,0.216796875,0.0546875,-0.9736328125
2261,0.2119140625,0.0537109375,-0.9765625
2262,0.2158203125,0.0537109375,-0.9775390625
2263,0.212890625,0.0595703125,-0.9716796875
2264,0.216796875,0.056640625,-0.9775390625
2265,0.21875,0.0537109375,-0.9736328125
2266,0.216796875,0.0556640625,-0.9736328125
2267,0.2177734375,0.052734375,-0.9814453125
2268,0.2158203125,0.0537109375,-0.9765625
2269,0.2138671875,0.052734375,-0.97265625
2270,0.216796875,0.052734375,-0.974609375
2271,0.216796875,0.0576171875,-0.9755859375
2272,0.2109375,0.0595703125,-0.970703125
2273,0.212890625,0.056640625,-0.9775390625
2274,0.2138671875,0.052734375,-0.9736328125
2275,0.2138671875,0.0517578125,-0.9677734375
2276,0.216796875,0.05078125,-0.97265625
2277,0.2158203125,0.0537109375,-0.970703125
2278,0.212890625,0.0537109375,-0.96875
2279,0.21875,0.0576171875,-0.97265625
2280,0.21484375,0.0576171875,-0.9755859375
2281,0.2158203125,0.052734375,-0.97265625
2282,0.2158203125,0.0546875,-0.9736328125
2283,0.2138671875,0.052734375,-0.978515625
2284,0.212890625,0.05078125,-0.9716796875
2285,0.2119140625,0.052734375,-0.9736328125
2286,0.2158203125,0.05078125,-0.97265625
2287,0.2177734375,0.0556640625,-0.9755859375
2288,0.216796875,0.0556640625,-0.9755859375
2289,0.21484375,0.0556640625,-0.978515625
2290,0.21484375,0.056640625,-0.974609375
2291,0.2158203125,0.048828125,-0.9736328125
2292,0.212890625,0.052734375,-0.9736328125
2293,0.212890625,0.0556640625,-0.9794921875
2294,0.21875,0.0517578125,-0.974609375
2295,0.21484375,0.052734375,-0.9775390625
2296,0.2119140625,0.048828125,-0.974609375
2297,0.2158203125,0.052734375,-0.97265625
2298,0.21875,0.0537109375,-0.9755859375
2299,0.21484375,0.0556640625,-0.9736328125
2300,0.2177734375,0.0517578125,-0.970703125
2301,0.2197265625,0.052734375,-0.974609375
2302,0.208984375,0.0537109375,-0.9765625
2303,0.212890625,0.056640625,-0.9775390625
2304,0.21484375,0.052734375,-0.978515625
2305,0.212890625,0.0517578125,-0.974609375
2306,0.2119140625,0.052734375,-0.97265625
2307,0.216796875,0.0537109375,-0.9697265625
2308,0.2138671875,0.0517578125,-0.974609375
2309,0.2138671875,0.0517578125,-0.974609375
2310,0.216796875,0.0546875,-0.9755859375
2311,0.21875,0.048828125,-0.9697265625
2312,0.216796875,0.0576171875,-0.974609375
2313,0.2158203125,0.056640625,-0.97265625
2314,0.216796875,0.05078125,-0.9755859375
2315,0.2119140625,0.0576171875,-0.9716796875
2316,0.2119140625,0.0556640625,-0.9697265625
2317,0.2138671875,0.052734375,-0.97265625
2318,0.216796875,0.052734375,-0.9716796875
2319,0.21875,0.056640625,-0.9794921875
2320,0.2109375,0.0556640625,-0.974609375
2321,0.216796875,0.0517578125,-0.974609375
2322,0.2119140625,0.0517578125,-0.96875
2323,0.212890625,0.0498046875,-0.9736328125
2324,0.2158203125,0.0537109375,-0.9736328125
2325,0.2158203125,0.0556640625,-0.9736328125
2326,0.21484375,0.0546875,-0.9765625
2327,0.2158203125,0.0537109375,-0.9697265625
2328,0.2177734375,0.0478515625,-0.9736328125
2329,0.21875,0.052734375,-0.97265625
2330,0.21875,0.0498046875,-0.970703125
2331,0.2158203125,0.0537109375,-0.970703125
2332,0.2158203125,0.0517578125,-0.966796875
2333,0.2177734375,0.052734375,-0.9755859375
2334,0.2138671875,0.044921875,-0.9755859375
2335,0.2177734375,0.0498046875,-0.9775390625
2336,0.21484375,0.052734375,-0.97265625
2337,0.2109375,0.048828125,-0.97265625
2338,0.212890625,0.05078125,-0.9697265625
2339,0.2109375,0.0537109375,-0.974609375
2340,0.2216796875,0.0537109375,-0.9716796875
2341,0.2197265625,0.056640625,-0.9765625
2342,0.2177734375,0.0517578125,-0.9775390625
2343,0.2138671875,0.056640625,-0.9736328125
2344,0.21875,0.052734375,-0.974609375
2345,0.21484375,0.0556640625,-0.9736328125
2346,0.2138671875,0.0537109375,-0.9736328125
2347,0.2158203125,0.056640625,-0.9736328125
2348,0.2119140625,0.0556640625,-0.9716796875
2349,0.21875,0.0517578125,-0.9697265625
2350,0.216796875,0.0546875,-0.9736328125
2351,0.212890625,0.0546875,-0.974609375
2352,0.2158203125,0.0517578125,-0.974609375
2353,0.216796875,0.0556640625,-0.97265625
2354,0.212890625,0.0478515625,-0.9755859375
2355,0.21875,0.0556640625,-0.974609375
2356,0.216796875,0.052734375,-0.970703125
2357,0.216796875,0.0537109375,-0.974609375
2358,0.2177734375,0.05859375,-0.97265625
2359,0.212890625,0.0517578125,-0.970703125
2360,0.2177734375,0.056640625,-0.9716796875
2361,0.2158203125,0.048828125,-0.97265625
2362,0.2177734375,0.0537109375,-0.974609375
2363,0.2119140625,0.0537109375,-0.9736328125
2364,0.216796875,0.0546875,-0.9775390625
2365,0.2177734375,0.0517578125,-0.974609375
2366,0.2158203125,0.0556640625,-0.974609375
2367,0.2158203125,0.05078125,-0.9755859375
2368,0.2119140625,0.0537109375,-0.9755859375
2369,0.2138671875,0.0595703125,-0.9755859375
2370,0.216796875,0.0537109375,-0.9755859375
2371,0.212890625,0.0537109375,-0.978515625
2372,0.21484375,0.052734375,-0.9716796875
2373,0.2158203125,0.0517578125,-0.97265625
2374,0.21484375,0.05078125,-0.9716796875
2375,0.2177734375,0.0546875,-0.974609375
2376,0.2216796875,0.0517578125,-0.9677734375
2377,0.21484375,0.0517578125,-0.9775390625
2378,0.2177734375,0.0537109375,-0.9775390625
2379,0.2158203125,0.052734375,-0.978515625
2380,0.216796875,0.056640625,-0.9765625
2381,0.2138671875,0.05078125,-0.974609375
2382,0.2158203125,0.0537109375,-0.9755859375
2383,0.2119140625,0.052734375,-0.974609375
2384,0.2138671875,0.0517578125,-0.9775390625
2385,0.2158203125,0.05078125,-0.9736328125
2386,0.2109375,0.0537109375,-0.974609375
2387,0.2177734375,0.0537109375,-0.9765625
2388,0.212890625,0.0517578125,-0.974609375
2389,0.2158203125,0.0537109375,-0.970703125
2390,0.21875,0.0546875,-0.96875
2391,0.2138671875,0.0537109375,-0.978515625
2392,0.2138671875,0.0517578125,-0.97265625
2393,0.21484375,0.0556640625,-0.9736328125
2394,0.2158203125,0.052734375,-0.9736328125
2395,0.2158203125,0.05859375,-0.97265625
2396,0.2158203125,0.052734375,-0.9755859375
2397,0.21484375,0.0517578125,-0.9755859375
2398,0.2138671875,0.056640625,-0.974609375
2399,0.216796875,0.052734375,-0.9736328125
2400,0.21484375,0.05078125,-0.97265625
2401,0.2197265625,0.056640625,-0.9736328125
2402,0.21484375,0.0517578125,-0.9716796875
2403,0.2177734375,0.052734375,-0.97265625
2404,0.2158203125,0.0517578125,-0.974609375
2405,0.216796875,0.0615234375,-0.9755859375
2406,0.21484375,0.0556640625,-0.9736328125
2407,0.21875,0.05859375,-0.9755859375
2408,0.2158203125,0.0556640625,-0.97265625
2409,0.2177734375,0.0556640625,-0.97265625
2410,0.220703125,0.0537109375,-0.9716796875
2411,0.2177734375,0.0576171875,-0.97265625
2412,0.2158203125,0.0546875,-0.96875
2413,0.2197265625,0.0556640625,-0.974609375
2414,0.216796875,0.0546875,-0.9716796875
2415,0.2138671875,0.0498046875,-0.970703125
2416,0.21484375,0.0537109375,-0.97265625
2417,0.216796875,0.056640625,-0.974609375
2418,0.2158203125,0.052734375,-0.97265625
2419,0.2177734375,0.0576171875,-0.9765625
2420,0.21875,0.060546875,-0.9736328125
2421,0.2138671875,0.0576171875,-0.96875
2422,0.21875,0.0556640625,-0.97265625
2423,0.212890625,0.0537109375,-0.9755859375
2424,0.2119140625,0.0546875,-0.9677734375
2425,0.212890625,0.052734375,-0.974609375
2426,0.2158203125,0.05859375,-0.9736328125
2427,0.2177734375,0.0517578125,-0.974609375
2428,0.21875,0.0546875,-0.9736328125
2429,0.21875,0.052734375,-0.9736328125
2430,0.21875,0.0556640625,-0.9775390625
2431,0.2158203125,0.0517578125,-0.9716796875
2432,0.2138671875,0.056640625,-0.9755859375
2433,0.21875,0.0546875,-0.970703125
2434,0.2216796875,0.0546875,-0.98046875
2435,0.216796875,0.05859375,-0.9755859375
2436,0.216796875,0.0546875,-0.9736328125
2437,0.2177734375,0.05859375,-0.96875
2438,0.216796875,0.05859375,-0.96484375
2439,0.2197265625,0.05078125,-0.974609375
2440,0.21484375,0.0537109375,-0.9736328125
2441,0.216796875,0.0556640625,-0.9736328125
2442,0.216796875,0.056640625,-0.9736328125
2443,0.2177734375,0.056640625,-0.9716796875
2444,0.220703125,0.052734375,-0.9765625
2445,0.2197265625,0.05859375,-0.97265625
2446,0.212890625,0.056640625,-0.9736328125
2447,0.2197265625,0.0546875,-0.9765625
2448,0.2197265625,0.0595703125,-0.9697265625
2449,0.2119140625,0.052734375,-0.9716796875
2450,0.21875,0.052734375,-0.97265625
2451,0.2177734375,0.0556640625,-0.9765625
2452,0.212890625,0.0517578125,-0.978515625
2453,0.21875,0.0537109375,-0.97265625
2454,0.21875,0.0546875,-0.974609375
2455,0.21875,0.0537109375,-0.9765625
2456,0.2158203125,0.0546875,-0.978515625
2457,0.216796875,0.0537109375,-0.9755859375
2458,0.2197265625,0.0556640625,-0.9765625
2459,0.220703125,0.0556640625,-0.9755859375
2460,0.2177734375,0.052734375,-0.9755859375
2461,0.216796875,0.0576171875,-0.9716796875
2462,0.21484375,0.0576171875,-0.97265625
2463,0.2197265625,0.0556640625,-0.970703125
2464,0.2197265625,0.0546875,-0.9716796875
2465,0.2177734375,0.0595703125,-0.9697265625
2466,0.216796875,0.0576171875,-0.970703125
2467,0.2177734375,0.052734375,-0.974609375
2468,0.2158203125,0.0595703125,-0.96875
2469,0.2177734375,0.0556640625,-0.9716796875
2470,0.220703125,0.0556640625,-0.96875
2471,0.216796875,0.052734375,-0.97265625
2472,0.21484375,0.0546875,-0.9736328125
2473,0.2138671875,0.0595703125,-0.9775390625
2474,0.21484375,0.0556640625,-0.97265625
2475,0.2197265625,0.056640625,-0.9755859375
2476,0.21484375,0.0537109375,-0.9736328125
2477,0.2177734375,0.0537109375,-0.978515625
2478,0.2177734375,0.05859375,-0.9736328125
2479,0.2138671875,0.05078125,-0.9765625
2480,0.216796875,0.0556640625,-0.9736328125
2481,0.2138671875,0.0546875,-0.9775390625
2482,0.2177734375,0.0595703125,-0.9716796875
2483,0.216796875,0.0537109375,-0.978515625
2484,0.216796875,0.0576171875,-0.9755859375
2485,0.21875,0.0576171875,-0.9755859375
2486,0.216796875,0.05859375,-0.970703125
2487,0.21484375,0.0556640625,-0.974609375
2488,0.2197265625,0.0556640625,-0.9716796875
2489,0.216796875,0.0576171875,-0.9765625
2490,0.216796875,0.056640625,-0.970703125
2491,0.220703125,0.0546875,-0.9716796875
2492,0.2138671875,0.0517578125,-0.97265625
2493,0.2177734375,0.0595703125,-0.97265625
2494,0.2177734375,0.0595703125,-0.970703125
2495,0.21875,0.0576171875,-0.9736328125
2496,0.2177734375,0.056640625,-0.9716796875
2497,0.220703125,0.056640625,-0.9755859375
2498,0.212890625,0.0576171875,-0.974609375
2499,0.216796875,0.052734375,-0.9755859375
2500,0.2158203125,0.05859375,-0.9736328125
2501,0.2158203125,0.0556640625,-0.9716796875
2502,0.220703125,0.052734375,-0.970703125
2503,0.21875,0.05859375,-0.9765625
2504,0.21875,0.0517578125,-0.9697265625
2505,0.2158203125,0.0556640625,-0.9775390625
2506,0.216796875,0.0546875,-0.97265625
2507,0.2158203125,0.056640625,-0.9716796875
2508,0.2177734375,0.0546875,-0.9697265625
2509,0.2158203125,0.0576171875,-0.9697265625
2510,0.21875,0.05859375,-0.97265625
2511,0.21484375,0.0537109375,-0.97265625
2512,0.2177734375,0.0517578125,-0.9736328125
2513,0.21875,0.056640625,-0.9736328125
2514,0.21484375,0.05859375,-0.97265625
2515,0.2119140625,0.0576171875,-0.97265625
2516,0.2197265625,0.0556640625,-0.9755859375
2517,0.21484375,0.0556640625,-0.978515625
2518,0.220703125,0.060546875,-0.9775390625
2519,0.220703125,0.0556640625,-0.9775390625
2520,0.2158203125,0.0576171875,-0.974609375
2521,0.2197265625,0.0576171875,-0.9736328125
2522,0.216796875,0.0546875,-0.9736328125
2523,0.21484375,0.0576171875,-0.9736328125
2524,0.21484375,0.0595703125,-0.9716796875
2525,0.2138671875,0.056640625,-0.9736328125
2526,0.212890625,0.0625,-0.97265625
2527,0.216796875,0.05859375,-0.970703125
2528,0.216796875,0.052734375,-0.9755859375
2529,0.21875,0.0537109375,-0.9775390625
2530,0.21875,0.056640625,-0.9716796875
2531,0.2158203125,0.0576171875,-0.9755859375
2532,0.212890625,0.0556640625,-0.9736328125
2533,0.2099609375,0.05859375,-0.974609375
2534,0.220703125,0.056640625,-0.97265625
2535,0.2138671875,0.0576171875,-0.9736328125
2536,0.212890625,0.060546875,-0.9765625
2537,0.216796875,0.056640625,-0.974609375
2538,0.2177734375,0.056640625,-0.974609375
2539,0.2177734375,0.0625,-0.9716796875
2540,0.2197265625,0.0556640625,-0.9765625
2541,0.2158203125,0.05859375,-0.9775390625
2542,0.21484375,0.0615234375,-0.974609375
2543,0.216796875,0.0546875,-0.9755859375
2544,0.2197265625,0.0556640625,-0.9794921875
2545,0.2138671875,0.05859375,-0.9736328125
2546,0.2177734375,0.056640625,-0.9736328125
2547,0.2177734375,0.0546875,-0.9697265625
2548,0.21484375,0.05859375,-0.970703125
2549,0.21875,0.0537109375,-0.974609375
2550,0.2177734375,0.0576171875,-0.974609375
2551,0.216796875,0.05859375,-0.9697265625
2552,0.21484375,0.0576171875,-0.97265625
2553,0.21875,0.05859375,-0.9755859375
2554,0.2177734375,0.0576171875,-0.9716796875
2555,0.2138671875,0.0576171875,-0.9677734375
2556,0.216796875,0.0537109375,-0.97265625
2557,0.21875,0.060546875,-0.9736328125
2558,0.2158203125,0.052734375,-0.9755859375
2559,0.216796875,0.05859375,-0.9697265625
2560,0.212890625,0.0556640625,-0.9775390625
2561,0.2177734375,0.052734375,-0.974609375
2562,0.220703125,0.0595703125,-0.974609375
2563,0.21875,0.0576171875,-0.9765625
2564,0.2119140625,0.0576171875,-0.9775390625
2565,0.212890625,0.0576171875,-0.9765625
2566,0.2216796875,0.0595703125,-0.9697265625
2567,0.2197265625,0.0546875,-0.970703125
2568,0.21875,0.0595703125,-0.978515625
2569,0.2109375,0.05859375,-0.97265625
2570,0.2177734375,0.0625,-0.9736328125
2571,0.216796875,0.060546875,-0.974609375
2572,0.220703125,0.0576171875,-0.9697265625
2573,0.220703125,0.056640625,-0.9736328125
2574,0.212890625,0.0556640625,-0.974609375
2575,0.2216796875,0.0556640625,-0.9736328125
2576,0.2138671875,0.05859375,-0.974609375
2577,0.2197265625,0.060546875,-0.9736328125
2578,0.2158203125,0.0615234375,-0.9765625
2579,0.2177734375,0.05859375,-0.9736328125
2580,0.2197265625,0.05859375,-0.974609375
2581,0.216796875,0.056640625,-0.97265625
2582,0.21484375,0.0595703125,-0.9755859375
2583,0.212890625,0.0546875,-0.970703125
2584,0.212890625,0.0546875,-0.970703125
2585,0.2138671875,0.0546875,-0.9755859375
2586,0.21875,0.05859375,-0.9716796875
2587,0.216796875,0.0556640625,-0.9755859375
2588,0.2177734375,0.060546875,-0.9833984375
2589,0.21484375,0.0576171875,-0.974609375
2590,0.2216796875,0.0576171875,-0.974609375
2591,0.2138671875,0.0595703125,-0.9765625
2592,0.220703125,0.056640625,-0.9755859375
2593,0.21484375,0.056640625,-0.974609375
2594,0.21875,0.0576171875,-0.97265625
2595,0.2138671875,0.0615234375,-0.97265625
2596,0.2197265625,0.0576171875,-0.9765625
2597,0.2158203125,0.0595703125,-0.9736328125
2598,0.2197265625,0.0576171875,-0.974609375
2599,0.220703125,0.0576171875,-0.97265625
2600,0.2197265625,0.0546875,-0.9716796875
2601,0.21875,0.05859375,-0.970703125
2602,0.21484375,0.0576171875,-0.9716796875
2603,0.216796875,0.052734375,-0.970703125
2604,0.216796875,0.0537109375,-0.9677734375
2605,0.216796875,0.0537109375,-0.9677734375
2606,0.21875,0.056640625,-0.9638671875
2607,0.216796875,0.0615234375,-0.966796875
2608,0.2138671875,0.056640625,-0.9697265625
2609,0.2197265625,0.05859375,-0.9716796875
2610,0.2197265625,0.0576171875,-0.9775390625
2611,0.2158203125,0.0546875,-0.9765625
2612,0.2138671875,0.0556640625,-0.974609375
2613,0.2158203125,0.0576171875,-0.9716796875
2614,0.21484375,0.0576171875,-0.97265625
2615,0.21484375,0.05859375,-0.9755859375
2616,0.2138671875,0.0595703125,-0.9736328125
2617,0.216796875,0.056640625,-0.9755859375
2618,0.2177734375,0.0595703125,-0.9697265625
2619,0.212890625,0.056640625,-0.974609375
2620,0.2177734375,0.0595703125,-0.974609375
2621,0.216796875,0.060546875,-0.970703125
2622,0.220703125,0.0595703125,-0.9736328125
2623,0.216796875,0.0546875,-0.9775390625
2624,0.216796875,0.05859375,-0.974609375
2625,0.2216796875,0.0546875,-0.9736328125
2626,0.2158203125,0.060546875,-0.9736328125
2627,0.21484375,0.060546875,-0.9736328125
2628,0.2197265625,0.0576171875,-0.970703125
2629,0.2236328125,0.056640625,-0.9765625
2630,0.2138671875,0.052734375,-0.9736328125
2631,0.216796875,0.0595703125,-0.9794921875
2632,0.216796875,0.0625,-0.9736328125
2633,0.2119140625,0.0556640625,-0.9716796875
2634,0.21875,0.0537109375,-0.9716796875
2635,0.2158203125,0.056640625,-0.974609375
2636,0.216796875,0.0576171875,-0.9736328125
2637,0.2197265625,0.0576171875,-0.96875
2638,0.216796875,0.056640625,-0.974609375
2639,0.220703125,0.0537109375,-0.970703125
2640,0.2158203125,0.0595703125,-0.9765625
2641,0.21875,0.0546875,-0.9775390625
2642,0.21484375,0.0556640625,-0.9755859375
2643,0.2138671875,0.0546875,-0.9716796875
2644,0.2138671875,0.0595703125,-0.9775390625
2645,0.220703125,0.0595703125,-0.974609375
2646,0.2177734375,0.0556640625,-0.9755859375
2647,0.216796875,0.0615234375,-0.9677734375
2648,0.21875,0.05859375,-0.9755859375
2649,0.2119140625,0.0595703125,-0.9775390625
2650,0.216796875,0.05859375,-0.974609375
2651,0.2138671875,0.0556640625,-0.97265625
2652,0.21875,0.0576171875,-0.97265625
2653,0.2158203125,0.05859375,-0.9736328125
2654,0.2177734375,0.05859375,-0.9755859375
2655,0.220703125,0.0556640625,-0.97265625
2656,0.2216796875,0.0595703125,-0.97265625
2657,0.2138671875,0.0498046875,-0.97265625
2658,0.21875,0.0595703125,-0.974609375
2659,0.2158203125,0.0615234375,-0.97265625
2660,0.212890625,0.05859375,-0.97265625
2661,0.2119140625,0.05859375,-0.9755859375
2662,0.216796875,0.052734375,-0.974609375
2663,0.2138671875,0.052734375,-0.9765625
2664,0.216796875,0.0595703125,-0.9755859375
2665,0.2158203125,0.0556640625,-0.9755859375
2666,0.216796875,0.0576171875,-0.9765625
2667,0.2158203125,0.0576171875,-0.974609375
2668,0.2197265625,0.05859375,-0.9716796875
2669,0.2197265625,0.0517578125,-0.9736328125
2670,0.2197265625,0.052734375,-0.97265625
2671,0.2177734375,0.0576171875,-0.9765625
2672,0.21875,0.060546875,-0.974609375
2673,0.2177734375,0.0576171875,-0.974609375
2674,0.216796875,0.056640625,-0.974609375
2675,0.2197265625,0.0517578125,-0.9716796875
2676,0.2177734375,0.0576171875,-0.974609375
2677,0.2177734375,0.05859375,-0.97265625
2678,0.2177734375,0.056640625,-0.97265625
2679,0.2158203125,0.0556640625,-0.9736328125
2680,0.2138671875,0.0546875,-0.974609375
2681,0.21875,0.0615234375,-0.9716796875
2682,0.220703125,0.056640625,-0.9716796875
2683,0.21875,0.0576171875,-0.9716796875
2684,0.2177734375,0.0546875,-0.9736328125
2685,0.2138671875,0.0576171875,-0.974609375
2686,0.212890625,0.056640625,-0.97265625
2687,0.2216796875,0.0595703125,-0.9716796875
2688,0.2197265625,0.05859375,-0.9716796875
2689,0.216796875,0.05859375,-0.9755859375
2690,0.2138671875,0.052734375,-0.974609375
2691,0.21875,0.05859375,-0.9716796875
2692,0.216796875,0.056640625,-0.970703125
2693,0.2177734375,0.056640625,-0.970703125
2694,0.2158203125,0.0537109375,-0.970703125
2695,0.21875,0.052734375,-0.9716796875
2696,0.2177734375,0.0576171875,-0.9775390625
2697,0.220703125,0.0556640625,-0.9736328125
2698,0.212890625,0.0595703125,-0.978515625
2699,0.2158203125,0.0615234375,-0.9716796875
2700,0.212890625,0.0537109375,-0.9765625
2701,0.212890625,0.0556640625,-0.9736328125
2702,0.216796875,0.0537109375,-0.9755859375
2703,0.216796875,0.052734375,-0.966796875
2704,0.2177734375,0.05859375,-0.9736328125
2705,0.21484375,0.0576171875,-0.9697265625
2706,0.2197265625,0.0576171875,-0.970703125
2707,0.2177734375,0.0576171875,-0.974609375
2708,0.2119140625,0.0615234375,-0.9755859375
2709,0.22265625,0.056640625,-0.970703125
2710,0.21875,0.0546875,-0.974609375
2711,0.2138671875,0.0595703125,-0.97265625
2712,0.22265625,0.0546875,-0.9765625
2713,0.2177734375,0.0537109375,-0.9755859375
2714,0.216796875,0.052734375,-0.97265625
2715,0.2197265625,0.0546875,-0.9716796875
2716,0.2197265625,0.0556640625,-0.9736328125
2717,0.21875,0.0517578125,-0.974609375
2718,0.2158203125,0.0595703125,-0.974609375
2719,0.2177734375,0.05859375,-0.9765625
2720,0.216796875,0.056640625,-0.9755859375
2721,0.2138671875,0.0546875,-0.9765625
2722,0.2138671875,0.0576171875,-0.9755859375
2723,0.220703125,0.0537109375,-0.970703125
2724,0.2177734375,0.0546875,-0.970703125
2725,0.2197265625,0.0556640625,-0.9716796875
2726,0.216796875,0.0537109375,-0.9697265625
2727,0.216796875,0.0546875,-0.9697265625
2728,0.220703125,0.056640625,-0.974609375
2729,0.2158203125,0.0517578125,-0.9736328125
2730,0.21875,0.05859375,-0.98046875
2731,0.216796875,0.0556640625,-0.9775390625
2732,0.21875,0.0556640625,-0.97265625
2733,0.2177734375,0.0556640625,-0.970703125
2734,0.2197265625,0.056640625,-0.9716796875
2735,0.21484375,0.0576171875,-0.974609375
2736,0.21875,0.052734375,-0.978515625
2737,0.2158203125,0.0576171875,-0.970703125
2738,0.216796875,0.0576171875,-0.9755859375
2739,0.216796875,0.0576171875,-0.9775390625
2740,0.21875,0.05859375,-0.9736328125
2741,0.212890625,0.0615234375,-0.97265625
2742,0.220703125,0.0546875,-0.9765625
2743,0.21484375,0.056640625,-0.9755859375
2744,0.2177734375,0.0576171875,-0.9755859375
2745,0.2216796875,0.0546875,-0.97265625
2746,0.2158203125,0.060546875,-0.9765625
2747,0.21875,0.05859375,-0.97265625
2748,0.21875,0.0537109375,-0.970703125
2749,0.21484375,0.0546875,-0.97265625
2750,0.2158203125,0.056640625,-0.9716796875
2751,0.216796875,0.0576171875,-0.9716796875
2752,0.216796875,0.0546875,-0.9736328125
2753,0.2158203125,0.0595703125,-0.9736328125
2754,0.2158203125,0.0556640625,-0.9697265625
2755,0.2158203125,0.0556640625,-0.97265625
2756,0.21875,0.0595703125,-0.9736328125
2757,0.2177734375,0.0546875,-0.974609375
2758,0.216796875,0.0546875,-0.9736328125
2759,0.21875,0.056640625,-0.9716796875
2760,0.2177734375,0.056640625,-0.9765625
2761,0.2177734375,0.0556640625,-0.974609375
2762,0.220703125,0.0556640625,-0.9736328125
2763,0.21484375,0.0556640625,-0.9716796875
2764,0.224609375,0.056640625,-0.9716796875
2765,0.2177734375,0.0556640625,-0.9765625
2766,0.21484375,0.0517578125,-0.978515625
2767,0.2177734375,0.05078125,-0.96484375
2768,0.21484375,0.0556640625,-0.9677734375
2769,0.2197265625,0.0576171875,-0.97265625
2770,0.2158203125,0.0546875,-0.9765625
2771,0.2158203125,0.05859375,-0.9716796875
2772,0.220703125,0.0576171875,-0.9755859375
2773,0.2177734375,0.0615234375,-0.9716796875
2774,0.2236328125,0.0546875,-0.9755859375
2775,0.21484375,0.0546875,-0.974609375
2776,0.2197265625,0.0537109375,-0.9697265625
2777,0.2197265625,0.0546875,-0.9677734375
2778,0.2236328125,0.0517578125,-0.97265625
2779,0.2197265625,0.052734375,-0.9697265625
2780,0.220703125,0.05859375,-0.9716796875
2781,0.2216796875,0.048828125,-0.9716796875
2782,0.22265625,0.0576171875,-0.970703125
2783,0.21875,0.0576171875,-0.9716796875
2784,0.2177734375,0.0498046875,-0.9765625
2785,0.2216796875,0.05859375,-0.9716796875
2786,0.21484375,0.056640625,-0.9755859375
2787,0.2138671875,0.0546875,-0.97265625
2788,0.22265625,0.05859375,-0.9736328125
2789,0.2158203125,0.0537109375,-0.9775390625
2790,0.220703125,0.0478515625,-0.9765625
2791,0.220703125,0.052734375,-0.9814453125
2792,0.21484375,0.052734375,-0.9716796875
2793,0.216796875,0.052734375,-0.974609375
2794,0.21875,0.0537109375,-0.9716796875
2795,0.2197265625,0.0546875,-0.9658203125
2796,0.2138671875,0.0546875,-0.9853515625
2797,0.212890625,0.0595703125,-0.970703125
2798,0.220703125,0.056640625,-0.96875
2799,0.2158203125,0.0576171875,-0.974609375
2800,0.21484375,0.0546875,-0.970703125
2801,0.21875,0.052734375,-0.9736328125
2802,0.216796875,0.0537109375,-0.9736328125
2803,0.216796875,0.052734375,-0.974609375
2804,0.2177734375,0.0546875,-0.9677734375
2805,0.21875,0.0546875,-0.9775390625
2806,0.2177734375,0.0595703125,-0.970703125
2807,0.2216796875,0.056640625,-0.97265625
2808,0.2197265625,0.0576171875,-0.97265625
2809,0.216796875,0.056640625,-0.970703125
2810,0.220703125,0.0537109375,-0.978515625
2811,0.2216796875,0.05078125,-0.970703125
2812,0.21875,0.0615234375,-0.9716796875
2813,0.2197265625,0.0576171875,-0.9765625
2814,0.2197265625,0.05859375,-0.970703125
2815,0.220703125,0.0556640625,-0.9736328125
2816,0.216796875,0.056640625,-0.9716796875
2817,0.220703125,0.0556640625,-0.9775390625
2818,0.2197265625,0.0546875,-0.9716796875
2819,0.2177734375,0.0556640625,-0.97265625
2820,0.216796875,0.05859375,-0.9775390625
2821,0.2197265625,0.0556640625,-0.9755859375
2822,0.2197265625,0.056640625,-0.9755859375
2823,0.220703125,0.0576171875,-0.974609375
2824,0.220703125,0.0546875,-0.9755859375
2825,0.21875,0.0546875,-0.9755859375
2826,0.220703125,0.0537109375,-0.9716796875
2827,0.22265625,0.0546875,-0.9716796875
2828,0.216796875,0.0546875,-0.978515625
2829,0.21875,0.056640625,-0.9736328125
2830,0.2197265625,0.060546875,-0.9716796875
2831,0.216796875,0.05078125,-0.97265625
2832,0.220703125,0.05859375,-0.9716796875
2833,0.22265625,0.056640625,-0.97265625
2834,0.220703125,0.0537109375,-0.9775390625
2835,0.21875,0.0556640625,-0.9755859375
2836,0.216796875,0.0556640625,-0.9765625
2837,0.2177734375,0.0537109375,-0.9736328125
2838,0.220703125,0.056640625,-0.97265625
2839,0.2236328125,0.0625,-0.9765625
2840,0.21875,0.0556640625,-0.9765625
2841,0.216796875,0.0537109375,-0.9765625
2842,0.216796875,0.0546875,-0.970703125
2843,0.2177734375,0.0546875,-0.97265625
2844,0.220703125,0.056640625,-0.970703125
2845,0.21875,0.0576171875,-0.9736328125
2846,0.21875,0.0576171875,-0.970703125
2847,0.2158203125,0.0546875,-0.974609375
2848,0.220703125,0.056640625,-0.9765625
2849,0.2197265625,0.0556640625,-0.974609375
2850,0.216796875,0.0556640625,-0.9736328125
2851,0.220703125,0.0537109375,-0.9716796875
2852,0.220703125,0.0537109375,-0.9736328125
2853,0.22265625,0.052734375,-0.9716796875
2854,0.212890625,0.0537109375,-0.974609375
2855,0.2197265625,0.056640625,-0.9736328125
2856,0.2197265625,0.0546875,-0.97265625
2857,0.2177734375,0.052734375,-0.97265625
2858,0.2158203125,0.0576171875,-0.974609375
2859,0.2138671875,0.0537109375,-0.97265625
2860,0.2177734375,0.0546875,-0.9716796875
2861,0.2158203125,0.056640625,-0.970703125
2862,0.2158203125,0.0576171875,-0.9755859375
2863,0.220703125,0.0556640625,-0.970703125
2864,0.2197265625,0.060546875,-0.97265625
2865,0.2216796875,0.0517578125,-0.9765625
2866,0.22265625,0.056640625,-0.9736328125
2867,0.216796875,0.0517578125,-0.96875
2868,0.212890625,0.0517578125,-0.9755859375
2869,0.2197265625,0.0576171875,-0.97265625
2870,0.2177734375,0.0556640625,-0.9736328125
2871,0.216796875,0.0537109375,-0.9697265625
2872,0.2158203125,0.0498046875,-0.974609375
2873,0.216796875,0.05859375,-0.9755859375
2874,0.220703125,0.052734375,-0.9716796875
2875,0.21875,0.0546875,-0.96875
2876,0.21875,0.056640625,-0.9697265625
2877,0.21875,0.0576171875,-0.97265625
2878,0.2177734375,0.052734375,-0.974609375
2879,0.224609375,0.0537109375,-0.97265625
2880,0.2177734375,0.0556640625,-0.9716796875
2881,0.22265625,0.0546875,-0.9716796875
2882,0.220703125,0.0537109375,-0.9736328125
2883,0.2216796875,0.052734375,-0.9697265625
2884,0.220703125,0.056640625,-0.9697265625
2885,0.21875,0.0556640625,-0.9736328125
2886,0.21875,0.0556640625,-0.9736328125
2887,0.21875,0.0517578125,-0.9765625
2888,0.216796875,0.0546875,-0.9775390625
2889,0.2197265625,0.0595703125,-0.978515625
2890,0.2177734375,0.0498046875,-0.9736328125
2891,0.21484375,0.0546875,-0.974609375
2892,0.2138671875,0.0576171875,-0.974609375
2893,0.2197265625,0.052734375,-0.98046875
2894,0.2177734375,0.0546875,-0.9736328125
2895,0.2216796875,0.0546875,-0.9775390625
2896,0.21484375,0.0556640625,-0.9794921875
2897,0.21875,0.056640625,-0.9814453125
2898,0.220703125,0.0537109375,-0.9697265625
2899,0.21875,0.0546875,-0.9765625
2900,0.21484375,0.0546875,-0.9755859375
2901,0.2216796875,0.0556640625,-0.9716796875
2902,0.2236328125,0.052734375,-0.9794921875
2903,0.22265625,0.0517578125,-0.9755859375
2904,0.216796875,0.05859375,-0.9716796875
2905,0.2197265625,0.0576171875,-0.9716796875
2906,0.2236328125,0.05859375,-0.97265625
2907,0.2216796875,0.0517578125,-0.9736328125
2908,0.216796875,0.0517578125,-0.974609375
2909,0.216796875,0.056640625,-0.9765625
2910,0.216796875,0.05859375,-0.9736328125
2911,0.22265625,0.056640625,-0.9716796875
2912,0.2158203125,0.0517578125,-0.9697265625
2913,0.21875,0.052734375,-0.96875
2914,0.216796875,0.0576171875,-0.9716796875
2915,0.2158203125,0.0517578125,-0.9677734375
2916,0.2158203125,0.0556640625,-0.974609375
2917,0.224609375,0.0556640625,-0.96875
2918,0.2216796875,0.052734375,-0.970703125
2919,0.21875,0.056640625,-0.974609375
2920,0.21875,0.05859375,-0.97265625
2921,0.2216796875,0.0546875,-0.974609375
2922,0.21875,0.0556640625,-0.9765625
2923,0.2158203125,0.0546875,-0.9736328125
2924,0.21875,0.0595703125,-0.978515625
2925,0.2177734375,0.0537109375,-0.9775390625
2926,0.21875,0.052734375,-0.9736328125
2927,0.2138671875,0.0556640625,-0.9775390625
2928,0.21875,0.0595703125,-0.9736328125
2929,0.220703125,0.060546875,-0.9775390625
2930,0.2216796875,0.056640625,-0.970703125
2931,0.21875,0.052734375,-0.978515625
2932,0.21875,0.05859375,-0.9736328125
2933,0.216796875,0.0576171875,-0.9736328125
2934,0.21875,0.0537109375,-0.9658203125
2935,0.2177734375,0.0556640625,-0.9716796875
2936,0.220703125,0.056640625,-0.966796875
2937,0.216796875,0.048828125,-0.970703125
2938,0.22265625,0.0556640625,-0.96875
2939,0.2236328125,0.056640625,-0.974609375
2940,0.2177734375,0.0517578125,-0.9765625
2941,0.2197265625,0.052734375,-0.9765625
2942,0.220703125,0.048828125,-0.9765625
2943,0.216796875,0.0546875,-0.9765625
2944,0.2177734375,0.0546875,-0.9716796875
2945,0.2119140625,0.052734375,-0.974609375
2946,0.21484375,0.0556640625,-0.982421875
2947,0.2158203125,0.0546875,-0.9716796875
2948,0.220703125,0.0556640625,-0.982421875
2949,0.2197265625,0.0576171875,-0.9716796875
2950,0.220703125,0.05859375,-0.974609375
2951,0.2177734375,0.05859375,-0.970703125
2952,0.2197265625,0.0537109375,-0.97265625
2953,0.2177734375,0.0546875,-0.9736328125
2954,0.220703125,0.0517578125,-0.970703125
2955,0.208984375,0.0458984375,-0.9638671875
2956,0.2177734375,0.060546875,-0.98046875
2957,0.2236328125,0.0625,-0.974609375
2958,0.224609375,0.0556640625,-0.9716796875
2959,0.216796875,0.0576171875,-0.9755859375
2960,0.2236328125,0.080078125,-0.955078125
2961,0.2216796875,0.046875,-0.97265625
2962,0.2197265625,0.0576171875,-0.9765625
2963,0.2158203125,0.0498046875,-0.9716796875
2964,0.2236328125,0.056640625,-0.9697265625
2965,0.21875,0.052734375,-0.9755859375
2966,0.2236328125,0.0517578125,-0.9697265625
2967,0.2216796875,0.0546875,-0.9775390625
2968,0.2197265625,0.0517578125,-0.9736328125
2969,0.2216796875,0.0537109375,-0.97265625
2970,0.2197265625,0.05859375,-0.9716796875
2971,0.21875,0.0537109375,-0.9697265625
2972,0.21875,0.05859375,-0.9716796875
2973,0.2197265625,0.052734375,-0.97265625
2974,0.2216796875,0.0537109375,-0.9736328125
2975,0.22265625,0.0537109375,-0.9736328125
2976,0.22265625,0.0537109375,-0.9716796875
2977,0.21875,0.0556640625,-0.9794921875
2978,0.21875,0.0537109375,-0.970703125
2979,0.220703125,0.05859375,-0.970703125
2980,0.220703125,0.0576171875,-0.9755859375
2981,0.2197265625,0.0537109375,-0.9775390625
2982,0.220703125,0.052734375,-0.970703125
2983,0.21875,0.0546875,-0.9697265625
2984,0.2138671875,0.0576171875,-0.9716796875
2985,0.2216796875,0.0546875,-0.9716796875
2986,0.2216796875,0.052734375,-0.974609375
2987,0.220703125,0.056640625,-0.974609375
2988,0.22265625,0.0556640625,-0.974609375
2989,0.2197265625,0.0546875,-0.970703125
2990,0.2216796875,0.0576171875,-0.9697265625
2991,0.2197265625,0.056640625,-0.9765625
2992,0.2158203125,0.0546875,-0.97265625
2993,0.2197265625,0.0537109375,-0.97265625
2994,0.2197265625,0.0537109375,-0.9736328125
2995,0.2158203125,0.0546875,-0.9755859375
2996,0.2177734375,0.0517578125,-0.970703125
2997,0.2158203125,0.052734375,-0.9736328125
2998,0.21875,0.05078125,-0.9716796875
2999,0.21875,0.0595703125,-0.97265625
