,accelerometerAccelerationX(G),accelerometerAccelerationY(G),accelerometerAccelerationZ(G)
0,0.05078125,-0.9833984375,-0.06640625
1,0.0498046875,-0.9833984375,-0.0673828125
2,0.05078125,-0.9873046875,-0.076171875
3,0.05078125,-0.9853515625,-0.0732421875
4,0.0498046875,-0.984375,-0.080078125
5,0.052734375,-0.982421875,-0.068359375
6,0.0546875,-0.9921875,-0.0751953125
7,0.0478515625,-0.9873046875,-0.0791015625
8,0.0576171875,-0.9873046875,-0.0791015625
9,0.05859375,-0.990234375,-0.0771484375
10,0.0458984375,-0.9921875,-0.0791015625
11,0.0478515625,-0.9853515625,-0.076171875
12,0.0478515625,-0.9853515625,-0.0712890625
13,0.048828125,-0.9873046875,-0.072265625
14,0.046875,-0.982421875,-0.0654296875
15,0.0478515625,-0.9853515625,-0.0732421875
16,0.0498046875,-0.98828125,-0.0732421875
17,0.0498046875,-0.986328125,-0.0693359375
18,0.0556640625,-0.9853515625,-0.06640625
19,0.0546875,-0.9853515625,-0.0673828125
20,0.0546875,-0.9873046875,-0.0693359375
21,0.056640625,-0.982421875,-0.0693359375
22,0.0546875,-0.9873046875,-0.07421875
23,0.0615234375,-0.98828125,-0.072265625
24,0.0546875,-0.9853515625,-0.0703125
25,0.0546875,-0.9833984375,-0.0732421875
26,0.05078125,-0.9833984375,-0.07421875
27,0.0576171875,-0.9833984375,-0.0712890625
28,0.05078125,-0.9873046875,-0.072265625
29,0.0556640625,-0.9833984375,-0.0673828125
30,0.05859375,-0.984375,-0.076171875
31,0.056640625,-0.9833984375,-0.0751953125
32,0.0537109375,-0.978515625,-0.0693359375
33,0.048828125,-0.986328125,-0.0712890625
34,0.048828125,-0.98046875,-0.072265625
35,0.05078125,-0.978515625,-0.068359375
36,0.0546875,-0.98828125,-0.0712890625
37,0.0517578125,-0.9794921875,-0.06640625
38,0.05078125,-0.9814453125,-0.0703125
39,0.05078125,-0.9853515625,-0.068359375
40,0.0478515625,-0.982421875,-0.07421875
41,0.0546875,-0.9833984375,-0.072265625
42,0.0556640625,-0.9794921875,-0.0712890625
43,0.0498046875,-0.978515625,-0.0712890625
44,0.0458984375,-0.98046875,-0.06640625
45,0.0595703125,-0.9853515625,-0.072265625
46,0.05078125,-0.986328125,-0.0673828125
47,0.0517578125,-0.986328125,-0.0703125
48,0.0517578125,-0.98046875,-0.068359375
49,0.05078125,-0.9853515625,-0.0751953125
50,0.060546875,-0.9873046875,-0.07421875
51,0.0595703125,-0.9873046875,-0.076171875
52,0.05859375,-0.9814453125,-0.076171875
53,0.0556640625,-0.98046875,-0.0732421875
54,0.0546875,-0.98046875,-0.076171875
55,0.0556640625,-0.9814453125,-0.0771484375
56,0.05859375,-0.9833984375,-0.0791015625
57,0.0595703125,-0.986328125,-0.0771484375
58,0.0517578125,-0.9853515625,-0.076171875
59,0.05078125,-0.984375,-0.0810546875
60,0.0478515625,-0.984375,-0.076171875
61,0.0517578125,-0.984375,-0.0791015625
62,0.05078125,-0.982421875,-0.078125
63,0.0517578125,-0.984375,-0.076171875
64,0.048828125,-0.98046875,-0.07421875
65,0.048828125,-0.978515625,-0.07421875
66,0.0498046875,-0.974609375,-0.0791015625
67,0.0458984375,-0.978515625,-0.076171875
68,0.048828125,-0.9814453125,-0.0751953125
69,0.0458984375,-0.982421875,-0.0771484375
70,0.046875,-0.984375,-0.076171875
71,0.0478515625,-0.98046875,-0.076171875
72,0.0498046875,-0.9853515625,-0.078125
73,0.0439453125,-0.978515625,-0.0751953125
74,0.046875,-0.9833984375,-0.0693359375
75,0.0498046875,-0.9765625,-0.0703125
76,0.05078125,-0.9794921875,-0.0712890625
77,0.046875,-0.9765625,-0.0673828125
78,0.048828125,-0.98046875,-0.072265625
79,0.048828125,-0.9765625,-0.0712890625
80,0.048828125,-0.9833984375,-0.07421875
81,0.048828125,-0.9814453125,-0.076171875
82,0.0595703125,-0.9814453125,-0.076171875
83,0.0537109375,-0.98046875,-0.072265625
84,0.0537109375,-0.9794921875,-0.0654296875
85,0.0478515625,-0.98046875,-0.0673828125
86,0.0546875,-0.9814453125,-0.0673828125
87,0.05078125,-0.984375,-0.0703125
88,0.0546875,-0.984375,-0.0712890625
89,0.0537109375,-0.986328125,-0.064453125
90,0.0546875,-0.990234375,-0.0615234375
91,0.0595703125,-0.9853515625,-0.0615234375
92,0.0576171875,-0.986328125,-0.0625
93,0.0556640625,-0.982421875,-0.068359375
94,0.05078125,-0.9873046875,-0.0654296875
95,0.0478515625,-0.9833984375,-0.0634765625
96,0.0576171875,-0.984375,-0.0634765625
97,0.0546875,-0.984375,-0.064453125
98,0.0546875,-0.984375,-0.0625
99,0.0498046875,-0.982421875,-0.0615234375
100,0.056640625,-0.9833984375,-0.068359375
101,0.05078125,-0.9794921875,-0.064453125
102,0.0498046875,-0.9873046875,-0.0703125
103,0.046875,-0.986328125,-0.0634765625
104,0.0556640625,-0.9833984375,-0.06640625
105,0.0556640625,-0.986328125,-0.068359375
106,0.05859375,-0.9814453125,-0.0673828125
107,0.0537109375,-0.9765625,-0.0712890625
108,0.0556640625,-0.9775390625,-0.0712890625
109,0.05078125,-0.98046875,-0.0654296875
110,0.05859375,-0.9814453125,-0.064453125
111,0.0517578125,-0.9794921875,-0.06640625
112,0.056640625,-0.978515625,-0.0654296875
113,0.0556640625,-0.978515625,-0.0625
114,0.056640625,-0.98046875,-0.0625
115,0.05078125,-0.98046875,-0.0595703125
116,0.0537109375,-0.9794921875,-0.05859375
117,0.0478515625,-0.984375,-0.056640625
118,0.0537109375,-0.98046875,-0.0615234375
119,0.0546875,-0.9814453125,-0.0615234375
120,0.0478515625,-0.978515625,-0.0673828125
121,0.05078125,-0.978515625,-0.06640625
122,0.044921875,-0.982421875,-0.072265625
123,0.048828125,-0.9814453125,-0.0654296875
124,0.0498046875,-0.982421875,-0.0673828125
125,0.0517578125,-0.98046875,-0.068359375
126,0.052734375,-0.984375,-0.0654296875
127,0.052734375,-0.9814453125,-0.0693359375
128,0.052734375,-0.9853515625,-0.0654296875
129,0.0517578125,-0.982421875,-0.0654296875
130,0.05078125,-0.9853515625,-0.0673828125
131,0.048828125,-0.9833984375,-0.0712890625
132,0.0546875,-0.9814453125,-0.0693359375
133,0.0537109375,-0.9814453125,-0.06640625
134,0.056640625,-0.978515625,-0.0625
135,0.0576171875,-0.984375,-0.0625
136,0.0498046875,-0.982421875,-0.0634765625
137,0.0634765625,-0.9873046875,-0.064453125
138,0.0615234375,-0.986328125,-0.06640625
139,0.060546875,-0.98046875,-0.06640625
140,0.0615234375,-0.986328125,-0.0634765625
141,0.0556640625,-0.982421875,-0.0654296875
142,0.05859375,-0.9775390625,-0.068359375
143,0.0625,-0.9814453125,-0.064453125
144,0.0576171875,-0.9873046875,-0.0654296875
145,0.05859375,-0.982421875,-0.0625
146,0.05859375,-0.984375,-0.0693359375
147,0.0576171875,-0.9853515625,-0.0712890625
148,0.0595703125,-0.98046875,-0.0712890625
149,0.0546875,-0.986328125,-0.064453125
150,0.064453125,-0.9794921875,-0.0625
151,0.0625,-0.98046875,-0.060546875
152,0.0546875,-0.9833984375,-0.0673828125
153,0.0615234375,-0.98046875,-0.064453125
154,0.060546875,-0.9775390625,-0.06640625
155,0.0634765625,-0.974609375,-0.064453125
156,0.0673828125,-0.9765625,-0.064453125
157,0.064453125,-0.9814453125,-0.06640625
158,0.0595703125,-0.982421875,-0.0654296875
159,0.0654296875,-0.9775390625,-0.0634765625
160,0.0615234375,-0.9794921875,-0.0654296875
161,0.0654296875,-0.982421875,-0.060546875
162,0.0673828125,-0.98046875,-0.0625
163,0.0595703125,-0.9765625,-0.06640625
164,0.064453125,-0.9853515625,-0.0693359375
165,0.0595703125,-0.984375,-0.0654296875
166,0.064453125,-0.98828125,-0.06640625
167,0.064453125,-0.9794921875,-0.06640625
168,0.0654296875,-0.984375,-0.0634765625
169,0.06640625,-0.9873046875,-0.0634765625
170,0.0634765625,-0.984375,-0.0634765625
171,0.064453125,-0.986328125,-0.0673828125
172,0.064453125,-0.9853515625,-0.0673828125
173,0.06640625,-0.984375,-0.0654296875
174,0.064453125,-0.9814453125,-0.0673828125
175,0.06640625,-0.9873046875,-0.0751953125
176,0.064453125,-0.9912109375,-0.076171875
177,0.06640625,-0.986328125,-0.07421875
178,0.0654296875,-0.9853515625,-0.0771484375
179,0.0654296875,-0.984375,-0.0751953125
180,0.064453125,-0.9794921875,-0.0771484375
181,0.0634765625,-0.990234375,-0.080078125
182,0.0615234375,-0.9814453125,-0.076171875
183,0.0595703125,-0.984375,-0.078125
184,0.060546875,-0.986328125,-0.076171875
185,0.064453125,-0.9814453125,-0.0771484375
186,0.0595703125,-0.974609375,-0.0791015625
187,0.056640625,-0.982421875,-0.0771484375
188,0.0595703125,-0.982421875,-0.078125
189,0.056640625,-0.9814453125,-0.078125
190,0.060546875,-0.982421875,-0.0791015625
191,0.0498046875,-0.9775390625,-0.076171875
192,0.0537109375,-0.9765625,-0.078125
193,0.0546875,-0.98046875,-0.0791015625
194,0.05859375,-0.974609375,-0.080078125
195,0.0546875,-0.9833984375,-0.0791015625
196,0.0546875,-0.978515625,-0.076171875
197,0.052734375,-0.98046875,-0.0791015625
198,0.0546875,-0.982421875,-0.0810546875
199,0.0537109375,-0.982421875,-0.080078125
200,0.048828125,-0.986328125,-0.0830078125
201,0.05859375,-0.9833984375,-0.0771484375
202,0.05078125,-0.982421875,-0.0810546875
203,0.05859375,-0.9873046875,-0.08203125
204,0.0556640625,-0.9794921875,-0.0791015625
205,0.05859375,-0.9794921875,-0.08203125
206,0.0546875,-0.9873046875,-0.0791015625
207,0.0498046875,-0.982421875,-0.0849609375
208,0.056640625,-0.9892578125,-0.0791015625
209,0.052734375,-0.98046875,-0.08203125
210,0.0556640625,-0.986328125,-0.080078125
211,0.056640625,-0.9775390625,-0.0791015625
212,0.052734375,-0.98046875,-0.0849609375
213,0.052734375,-0.9833984375,-0.0791015625
214,0.046875,-0.9833984375,-0.0771484375
215,0.0498046875,-0.9814453125,-0.0908203125
216,0.0498046875,-0.9833984375,-0.076171875
217,0.048828125,-0.9736328125,-0.080078125
218,0.046875,-0.984375,-0.0830078125
219,0.0478515625,-0.986328125,-0.08203125
220,0.048828125,-0.984375,-0.0810546875
221,0.048828125,-0.984375,-0.080078125
222,0.0576171875,-0.9921875,-0.080078125
223,0.0625,-0.9873046875,-0.08203125
224,0.0556640625,-0.98828125,-0.0791015625
225,0.05859375,-0.9873046875,-0.080078125
226,0.056640625,-0.982421875,-0.078125
227,0.0615234375,-0.986328125,-0.0791015625
228,0.05859375,-0.984375,-0.076171875
229,0.0546875,-0.9814453125,-0.0810546875
230,0.0556640625,-0.984375,-0.0791015625
231,0.0595703125,-0.9814453125,-0.0810546875
232,0.05859375,-0.984375,-0.0830078125
233,0.0576171875,-0.9814453125,-0.0791015625
234,0.0595703125,-0.9833984375,-0.0791015625
235,0.0517578125,-0.978515625,-0.0791015625
236,0.0615234375,-0.9736328125,-0.083984375
237,0.0517578125,-0.9755859375,-0.0712890625
238,0.0498046875,-0.9814453125,-0.0791015625
239,0.0546875,-0.974609375,-0.0810546875
240,0.0595703125,-0.9775390625,-0.0810546875
241,0.052734375,-0.9814453125,-0.0869140625
242,0.0556640625,-0.984375,-0.0859375
243,0.0537109375,-0.9873046875,-0.0908203125
244,0.0478515625,-0.990234375,-0.0869140625
245,0.0537109375,-0.9912109375,-0.08984375
246,0.048828125,-0.98828125,-0.08984375
247,0.0498046875,-0.9912109375,-0.0869140625
248,0.048828125,-0.990234375,-0.0869140625
249,0.046875,-0.9853515625,-0.08984375
250,0.0556640625,-0.9873046875,-0.091796875
251,0.0517578125,-0.986328125,-0.091796875
252,0.0576171875,-0.9873046875,-0.083984375
253,0.0537109375,-0.9794921875,-0.0869140625
254,0.0537109375,-0.9853515625,-0.0859375
255,0.0546875,-0.982421875,-0.08203125
256,0.0546875,-0.9853515625,-0.083984375
257,0.0537109375,-0.9814453125,-0.0869140625
258,0.0625,-0.98046875,-0.087890625
259,0.0615234375,-0.9814453125,-0.0810546875
260,0.060546875,-0.9814453125,-0.0859375
261,0.052734375,-0.98046875,-0.091796875
262,0.05859375,-0.984375,-0.091796875
263,0.0537109375,-0.9814453125,-0.09375
264,0.052734375,-0.9833984375,-0.08984375
265,0.052734375,-0.98046875,-0.0859375
266,0.0498046875,-0.982421875,-0.0830078125
267,0.0517578125,-0.978515625,-0.0908203125
268,0.0498046875,-0.9794921875,-0.0859375
269,0.0546875,-0.9736328125,-0.0849609375
270,0.046875,-0.9775390625,-0.0869140625
271,0.0478515625,-0.9755859375,-0.087890625
272,0.0556640625,-0.9794921875,-0.0888671875
273,0.0556640625,-0.9765625,-0.0859375
274,0.05859375,-0.9794921875,-0.0908203125
275,0.052734375,-0.9833984375,-0.087890625
276,0.052734375,-0.978515625,-0.0888671875
277,0.0595703125,-0.978515625,-0.0888671875
278,0.05859375,-0.98046875,-0.0888671875
279,0.0546875,-0.982421875,-0.095703125
280,0.0498046875,-0.986328125,-0.083984375
281,0.0517578125,-0.9853515625,-0.0830078125
282,0.0576171875,-0.9873046875,-0.0869140625
283,0.056640625,-0.9833984375,-0.0849609375
284,0.0537109375,-0.9873046875,-0.08984375
285,0.0556640625,-0.98046875,-0.0908203125
286,0.0537109375,-0.9853515625,-0.091796875
287,0.0556640625,-0.9853515625,-0.08984375
288,0.0576171875,-0.98828125,-0.0908203125
289,0.052734375,-0.982421875,-0.0966796875
290,0.0546875,-0.9833984375,-0.0986328125
291,0.052734375,-0.9794921875,-0.0927734375
292,0.0546875,-0.9833984375,-0.0908203125
293,0.0556640625,-0.982421875,-0.095703125
294,0.0517578125,-0.9814453125,-0.0908203125
295,0.052734375,-0.982421875,-0.091796875
296,0.0556640625,-0.9765625,-0.08984375
297,0.048828125,-0.982421875,-0.08984375
298,0.048828125,-0.984375,-0.091796875
299,0.0556640625,-0.982421875,-0.0888671875
300,0.052734375,-0.982421875,-0.0849609375
301,0.0546875,-0.9833984375,-0.083984375
302,0.0517578125,-0.986328125,-0.08984375
303,0.052734375,-0.984375,-0.0859375
304,0.0537109375,-0.9873046875,-0.0859375
305,0.0517578125,-0.982421875,-0.087890625
306,0.0546875,-0.9853515625,-0.0888671875
307,0.0498046875,-0.984375,-0.0908203125
308,0.048828125,-0.9833984375,-0.087890625
309,0.056640625,-0.9833984375,-0.083984375
310,0.0537109375,-0.9833984375,-0.095703125
311,0.0537109375,-0.9833984375,-0.09375
312,0.0546875,-0.9794921875,-0.09375
313,0.0498046875,-0.9833984375,-0.08984375
314,0.0478515625,-0.984375,-0.0869140625
315,0.0576171875,-0.982421875,-0.0859375
316,0.052734375,-0.984375,-0.0888671875
317,0.0546875,-0.98046875,-0.0849609375
318,0.052734375,-0.982421875,-0.087890625
319,0.05859375,-0.984375,-0.0859375
320,0.048828125,-0.982421875,-0.0869140625
321,0.0537109375,-0.9853515625,-0.0830078125
322,0.05078125,-0.9794921875,-0.0859375
323,0.046875,-0.986328125,-0.0888671875
324,0.0498046875,-0.986328125,-0.083984375
325,0.048828125,-0.9794921875,-0.080078125
326,0.0517578125,-0.984375,-0.078125
327,0.0478515625,-0.9873046875,-0.080078125
328,0.0498046875,-0.984375,-0.0830078125
329,0.0517578125,-0.9833984375,-0.080078125
330,0.0517578125,-0.986328125,-0.08203125
331,0.0478515625,-0.98828125,-0.076171875
332,0.0498046875,-0.990234375,-0.0791015625
333,0.0498046875,-0.9873046875,-0.076171875
334,0.0517578125,-0.9873046875,-0.0830078125
335,0.0595703125,-0.986328125,-0.078125
336,0.0546875,-0.982421875,-0.0830078125
337,0.0458984375,-0.986328125,-0.0791015625
338,0.0546875,-0.98828125,-0.076171875
339,0.0595703125,-0.98828125,-0.080078125
340,0.060546875,-0.9892578125,-0.091796875
341,0.060546875,-0.9814453125,-0.083984375
342,0.060546875,-0.9814453125,-0.0908203125
343,0.0556640625,-0.984375,-0.0869140625
344,0.0556640625,-0.9814453125,-0.0859375
345,0.0546875,-0.9833984375,-0.0869140625
346,0.0556640625,-0.98046875,-0.08984375
347,0.0478515625,-0.9765625,-0.0869140625
348,0.056640625,-0.974609375,-0.083984375
349,0.052734375,-0.974609375,-0.083984375
350,0.05859375,-0.97265625,-0.09375
351,0.0546875,-0.9765625,-0.0869140625
352,0.05078125,-0.9814453125,-0.0927734375
353,0.052734375,-0.984375,-0.0869140625
354,0.0478515625,-0.994140625,-0.0849609375
355,0.044921875,-0.98828125,-0.0947265625
356,0.052734375,-0.986328125,-0.095703125
357,0.0546875,-0.984375,-0.103515625
358,0.0537109375,-0.9814453125,-0.0966796875
359,0.048828125,-0.982421875,-0.09375
360,0.052734375,-0.982421875,-0.095703125
361,0.0546875,-0.9853515625,-0.0947265625
362,0.05078125,-0.986328125,-0.0947265625
363,0.0498046875,-0.9912109375,-0.09765625
364,0.0517578125,-0.9873046875,-0.1005859375
365,0.0478515625,-0.986328125,-0.1044921875
366,0.048828125,-0.9853515625,-0.091796875
367,0.046875,-0.9873046875,-0.0947265625
368,0.048828125,-0.9853515625,-0.091796875
369,0.048828125,-0.986328125,-0.09375
370,0.0546875,-0.9892578125,-0.0849609375
371,0.0546875,-0.982421875,-0.083984375
372,0.05078125,-0.986328125,-0.09375
373,0.0615234375,-0.98046875,-0.091796875
374,0.0478515625,-0.984375,-0.087890625
375,0.0546875,-0.986328125,-0.08203125
376,0.060546875,-0.98046875,-0.0908203125
377,0.0546875,-0.98046875,-0.0869140625
378,0.0556640625,-0.9775390625,-0.0986328125
379,0.0546875,-0.9775390625,-0.09375
380,0.056640625,-0.9765625,-0.0927734375
381,0.05078125,-0.974609375,-0.0859375
382,0.0517578125,-0.9775390625,-0.0908203125
383,0.0498046875,-0.9765625,-0.0986328125
384,0.0458984375,-0.978515625,-0.099609375
385,0.0517578125,-0.9736328125,-0.1025390625
386,0.046875,-0.9736328125,-0.1025390625
387,0.0478515625,-0.9794921875,-0.1064453125
388,0.0498046875,-0.982421875,-0.10546875
389,0.046875,-0.974609375,-0.10546875
390,0.046875,-0.984375,-0.099609375
391,0.0517578125,-0.982421875,-0.1015625
392,0.0595703125,-0.98828125,-0.0986328125
393,0.0556640625,-0.9873046875,-0.095703125
394,0.0546875,-0.986328125,-0.0986328125
395,0.05078125,-0.986328125,-0.0947265625
396,0.0517578125,-0.9833984375,-0.0966796875
397,0.05078125,-0.984375,-0.091796875
398,0.0498046875,-0.9833984375,-0.087890625
399,0.05078125,-0.9814453125,-0.087890625
400,0.046875,-0.9873046875,-0.0849609375
401,0.048828125,-0.984375,-0.0947265625
402,0.044921875,-0.9794921875,-0.087890625
403,0.048828125,-0.9775390625,-0.0830078125
404,0.048828125,-0.974609375,-0.0888671875
405,0.046875,-0.98046875,-0.08984375
406,0.0498046875,-0.974609375,-0.0888671875
407,0.052734375,-0.978515625,-0.091796875
408,0.048828125,-0.9794921875,-0.0947265625
409,0.0517578125,-0.984375,-0.095703125
410,0.0458984375,-0.9814453125,-0.091796875
411,0.0498046875,-0.98046875,-0.08984375
412,0.0478515625,-0.986328125,-0.087890625
413,0.046875,-0.9853515625,-0.087890625
414,0.046875,-0.98828125,-0.091796875
415,0.048828125,-0.9853515625,-0.0947265625
416,0.0478515625,-0.978515625,-0.0927734375
417,0.0439453125,-0.9833984375,-0.0849609375
418,0.0458984375,-0.9853515625,-0.0908203125
419,0.044921875,-0.9853515625,-0.0908203125
420,0.0419921875,-0.9853515625,-0.087890625
421,0.0419921875,-0.98046875,-0.095703125
422,0.044921875,-0.9736328125,-0.09375
423,0.0458984375,-0.9775390625,-0.0888671875
424,0.046875,-0.9755859375,-0.095703125
425,0.0439453125,-0.9853515625,-0.091796875
426,0.0439453125,-0.9765625,-0.0927734375
427,0.0478515625,-0.9775390625,-0.0888671875
428,0.046875,-0.9833984375,-0.0888671875
429,0.046875,-0.974609375,-0.087890625
430,0.05078125,-0.9794921875,-0.0908203125
431,0.0458984375,-0.978515625,-0.0849609375
432,0.0517578125,-0.98046875,-0.0810546875
433,0.05078125,-0.974609375,-0.0849609375
434,0.046875,-0.98828125,-0.0810546875
435,0.0537109375,-0.9814453125,-0.087890625
436,0.0556640625,-0.9853515625,-0.0869140625
437,0.0498046875,-0.986328125,-0.0849609375
438,0.0478515625,-0.986328125,-0.0830078125
439,0.0498046875,-0.9853515625,-0.0888671875
440,0.05078125,-0.9853515625,-0.0869140625
441,0.0478515625,-0.9833984375,-0.0849609375
442,0.046875,-0.982421875,-0.083984375
443,0.046875,-0.9873046875,-0.0927734375
444,0.0517578125,-0.9853515625,-0.087890625
445,0.046875,-0.986328125,-0.0859375
446,0.0498046875,-0.98046875,-0.0869140625
447,0.0537109375,-0.982421875,-0.087890625
448,0.0498046875,-0.98046875,-0.087890625
449,0.05078125,-0.9794921875,-0.08984375
450,0.0537109375,-0.98046875,-0.0849609375
451,0.05078125,-0.98046875,-0.087890625
452,0.0556640625,-0.978515625,-0.087890625
453,0.05078125,-0.9755859375,-0.083984375
454,0.0458984375,-0.9775390625,-0.087890625
455,0.0458984375,-0.9794921875,-0.0859375
456,0.048828125,-0.9765625,-0.0849609375
457,0.046875,-0.98046875,-0.083984375
458,0.0458984375,-0.9853515625,-0.08203125
459,0.048828125,-0.9814453125,-0.080078125
460,0.0439453125,-0.978515625,-0.0830078125
461,0.0517578125,-0.974609375,-0.076171875
462,0.046875,-0.982421875,-0.0791015625
463,0.046875,-0.9775390625,-0.0810546875
464,0.048828125,-0.9775390625,-0.080078125
465,0.0478515625,-0.9755859375,-0.0751953125
466,0.0400390625,-0.9736328125,-0.072265625
467,0.0458984375,-0.9716796875,-0.080078125
468,0.05078125,-0.9697265625,-0.0771484375
469,0.0478515625,-0.9755859375,-0.0771484375
470,0.048828125,-0.9765625,-0.0830078125
471,0.0458984375,-0.97265625,-0.0859375
472,0.048828125,-0.9736328125,-0.08203125
473,0.046875,-0.9755859375,-0.0888671875
474,0.044921875,-0.98046875,-0.0869140625
475,0.04296875,-0.978515625,-0.08203125
476,0.046875,-0.9814453125,-0.0869140625
477,0.0517578125,-0.98046875,-0.0888671875
478,0.044921875,-0.986328125,-0.080078125
479,0.0478515625,-0.9853515625,-0.0869140625
480,0.046875,-0.984375,-0.083984375
481,0.0439453125,-0.9912109375,-0.0810546875
482,0.0458984375,-0.9892578125,-0.0810546875
483,0.0458984375,-0.9892578125,-0.080078125
484,0.04296875,-0.9912109375,-0.0810546875
485,0.0439453125,-0.986328125,-0.0791015625
486,0.046875,-0.9892578125,-0.076171875
487,0.046875,-0.986328125,-0.0751953125
488,0.0458984375,-0.9853515625,-0.0771484375
489,0.046875,-0.9814453125,-0.078125
490,0.0478515625,-0.9814453125,-0.0791015625
491,0.048828125,-0.9736328125,-0.076171875
492,0.0517578125,-0.9765625,-0.080078125
493,0.05078125,-0.9775390625,-0.0888671875
494,0.0546875,-0.9716796875,-0.083984375
495,0.0458984375,-0.9736328125,-0.080078125
496,0.0498046875,-0.98046875,-0.0869140625
497,0.0556640625,-0.9765625,-0.08203125
498,0.0517578125,-0.9775390625,-0.087890625
499,0.0517578125,-0.978515625,-0.0859375
500,0.0517578125,-0.982421875,-0.0869140625
501,0.0458984375,-0.9755859375,-0.0888671875
502,0.048828125,-0.9775390625,-0.08203125
503,0.0478515625,-0.9794921875,-0.078125
504,0.044921875,-0.9814453125,-0.0859375
505,0.044921875,-0.9755859375,-0.0771484375
506,0.04296875,-0.9814453125,-0.078125
507,0.044921875,-0.9794921875,-0.08203125
508,0.0439453125,-0.978515625,-0.0810546875
509,0.0400390625,-0.9775390625,-0.080078125
510,0.0458984375,-0.978515625,-0.0810546875
511,0.0439453125,-0.9794921875,-0.083984375
512,0.044921875,-0.9833984375,-0.0791015625
513,0.0419921875,-0.9814453125,-0.0810546875
514,0.044921875,-0.984375,-0.083984375
515,0.04296875,-0.9794921875,-0.083984375
516,0.0439453125,-0.9814453125,-0.0849609375
517,0.046875,-0.9853515625,-0.080078125
518,0.05078125,-0.9833984375,-0.0810546875
519,0.0478515625,-0.98046875,-0.0791015625
520,0.048828125,-0.986328125,-0.078125
521,0.0498046875,-0.986328125,-0.0810546875
522,0.052734375,-0.9833984375,-0.0791015625
523,0.0556640625,-0.9775390625,-0.0751953125
524,0.052734375,-0.9765625,-0.078125
525,0.0478515625,-0.974609375,-0.078125
526,0.048828125,-0.9775390625,-0.0810546875
527,0.0498046875,-0.9794921875,-0.0791015625
528,0.0498046875,-0.9775390625,-0.0810546875
529,0.0498046875,-0.978515625,-0.0849609375
530,0.048828125,-0.9775390625,-0.087890625
531,0.0537109375,-0.9833984375,-0.0830078125
532,0.0478515625,-0.9814453125,-0.0849609375
533,0.0478515625,-0.9853515625,-0.08203125
534,0.0458984375,-0.9853515625,-0.0849609375
535,0.044921875,-0.986328125,-0.0771484375
536,0.0498046875,-0.984375,-0.0830078125
537,0.046875,-0.982421875,-0.0771484375
538,0.0498046875,-0.98046875,-0.0791015625
539,0.0458984375,-0.990234375,-0.0732421875
540,0.044921875,-0.9853515625,-0.076171875
541,0.0458984375,-0.986328125,-0.072265625
542,0.046875,-0.986328125,-0.0732421875
543,0.044921875,-0.98828125,-0.0751953125
544,0.0458984375,-0.98828125,-0.076171875
545,0.044921875,-0.986328125,-0.080078125
546,0.046875,-0.9873046875,-0.076171875
547,0.0419921875,-0.9833984375,-0.078125
548,0.0458984375,-0.982421875,-0.0771484375
549,0.0478515625,-0.984375,-0.0751953125
550,0.046875,-0.98828125,-0.083984375
551,0.046875,-0.984375,-0.072265625
552,0.0498046875,-0.9873046875,-0.0751953125
553,0.048828125,-0.9873046875,-0.0712890625
554,0.0478515625,-0.984375,-0.076171875
555,0.0537109375,-0.984375,-0.080078125
556,0.048828125,-0.982421875,-0.0771484375
557,0.048828125,-0.9853515625,-0.0771484375
558,0.048828125,-0.9853515625,-0.076171875
559,0.0458984375,-0.9775390625,-0.0732421875
560,0.0458984375,-0.9775390625,-0.0791015625
561,0.0478515625,-0.98828125,-0.0712890625
562,0.0458984375,-0.984375,-0.0771484375
563,0.0478515625,-0.9853515625,-0.072265625
564,0.0478515625,-0.9814453125,-0.0810546875
565,0.0517578125,-0.9833984375,-0.0810546875
566,0.05078125,-0.9814453125,-0.0849609375
567,0.046875,-0.984375,-0.0791015625
568,0.0478515625,-0.984375,-0.076171875
569,0.0458984375,-0.9873046875,-0.0771484375
570,0.046875,-0.9833984375,-0.0810546875
571,0.046875,-0.9853515625,-0.0771484375
572,0.0478515625,-0.982421875,-0.07421875
573,0.0439453125,-0.986328125,-0.0830078125
574,0.0458984375,-0.9814453125,-0.076171875
575,0.0478515625,-0.9833984375,-0.0849609375
576,0.0458984375,-0.9794921875,-0.080078125
577,0.0498046875,-0.982421875,-0.08203125
578,0.046875,-0.9853515625,-0.0751953125
579,0.0498046875,-0.9814453125,-0.0732421875
580,0.048828125,-0.9755859375,-0.0732421875
581,0.05078125,-0.9775390625,-0.080078125
582,0.048828125,-0.9775390625,-0.078125
583,0.0478515625,-0.9833984375,-0.0771484375
584,0.0498046875,-0.982421875,-0.0859375
585,0.05078125,-0.978515625,-0.078125
586,0.0478515625,-0.9794921875,-0.08203125
587,0.0478515625,-0.982421875,-0.0830078125
588,0.048828125,-0.970703125,-0.0791015625
589,0.0458984375,-0.9755859375,-0.0791015625
590,0.046875,-0.982421875,-0.0810546875
591,0.048828125,-0.982421875,-0.07421875
592,0.044921875,-0.9853515625,-0.07421875
593,0.046875,-0.982421875,-0.078125
594,0.044921875,-0.986328125,-0.0791015625
595,0.0458984375,-0.978515625,-0.078125
596,0.044921875,-0.9873046875,-0.078125
597,0.046875,-0.9833984375,-0.0810546875
598,0.044921875,-0.982421875,-0.0849609375
599,0.0419921875,-0.984375,-0.0830078125
600,0.044921875,-0.9873046875,-0.080078125
601,0.041015625,-0.98828125,-0.078125
602,0.04296875,-0.9921875,-0.0849609375
603,0.041015625,-0.984375,-0.0810546875
604,0.04296875,-0.984375,-0.08203125
605,0.0478515625,-0.9853515625,-0.080078125
606,0.046875,-0.984375,-0.080078125
607,0.046875,-0.984375,-0.078125
608,0.0458984375,-0.982421875,-0.0751953125
609,0.046875,-0.9814453125,-0.076171875
610,0.0478515625,-0.9814453125,-0.0751953125
611,0.0498046875,-0.982421875,-0.076171875
612,0.044921875,-0.986328125,-0.07421875
613,0.0537109375,-0.98828125,-0.0771484375
614,0.044921875,-0.98828125,-0.08203125
615,0.046875,-0.986328125,-0.0732421875
616,0.0498046875,-0.9833984375,-0.08203125
617,0.048828125,-0.9814453125,-0.078125
618,0.0517578125,-0.982421875,-0.0830078125
619,0.046875,-0.982421875,-0.0888671875
620,0.0517578125,-0.9814453125,-0.0869140625
621,0.0458984375,-0.978515625,-0.080078125
622,0.044921875,-0.9794921875,-0.0830078125
623,0.0478515625,-0.9755859375,-0.0869140625
624,0.0439453125,-0.982421875,-0.087890625
625,0.048828125,-0.9736328125,-0.083984375
626,0.044921875,-0.9775390625,-0.083984375
627,0.046875,-0.9833984375,-0.0888671875
628,0.052734375,-0.9833984375,-0.08203125
629,0.0458984375,-0.98046875,-0.0830078125
630,0.0537109375,-0.984375,-0.0859375
631,0.0478515625,-0.994140625,-0.0849609375
632,0.05078125,-0.9931640625,-0.0849609375
633,0.046875,-0.990234375,-0.083984375
634,0.0498046875,-0.982421875,-0.083984375
635,0.0478515625,-0.9833984375,-0.083984375
636,0.05078125,-0.9833984375,-0.087890625
637,0.046875,-0.9833984375,-0.08203125
638,0.046875,-0.9794921875,-0.0830078125
639,0.044921875,-0.986328125,-0.0791015625
640,0.046875,-0.9873046875,-0.0771484375
641,0.0478515625,-0.9833984375,-0.0791015625
642,0.04296875,-0.982421875,-0.0849609375
643,0.046875,-0.986328125,-0.083984375
644,0.0478515625,-0.9814453125,-0.083984375
645,0.05078125,-0.98046875,-0.0830078125
646,0.052734375,-0.9833984375,-0.083984375
647,0.0478515625,-0.978515625,-0.083984375
648,0.0478515625,-0.982421875,-0.08203125
649,0.0556640625,-0.9755859375,-0.087890625
650,0.05078125,-0.9833984375,-0.091796875
651,0.0615234375,-0.982421875,-0.0888671875
652,0.052734375,-0.9794921875,-0.0849609375
653,0.056640625,-0.9765625,-0.087890625
654,0.0576171875,-0.9755859375,-0.0859375
655,0.0546875,-0.9833984375,-0.0810546875
656,0.0615234375,-0.9765625,-0.0830078125
657,0.0537109375,-0.98046875,-0.0830078125
658,0.060546875,-0.9794921875,-0.0791015625
659,0.0595703125,-0.9775390625,-0.083984375
660,0.05859375,-0.978515625,-0.083984375
661,0.05078125,-0.9833984375,-0.0849609375
662,0.046875,-0.982421875,-0.080078125
663,0.0537109375,-0.9833984375,-0.078125
664,0.0625,-0.9833984375,-0.0751953125
665,0.048828125,-0.984375,-0.0771484375
666,0.0537109375,-0.9833984375,-0.0771484375
667,0.0498046875,-0.9853515625,-0.08203125
668,0.046875,-0.9873046875,-0.0849609375
669,0.048828125,-0.9833984375,-0.0771484375
670,0.05078125,-0.98828125,-0.08203125
671,0.046875,-0.98046875,-0.0791015625
672,0.0458984375,-0.990234375,-0.0810546875
673,0.048828125,-0.9755859375,-0.0810546875
674,0.048828125,-0.9833984375,-0.080078125
675,0.0458984375,-0.98046875,-0.083984375
676,0.044921875,-0.9892578125,-0.0791015625
677,0.044921875,-0.986328125,-0.078125
678,0.0478515625,-0.9833984375,-0.08203125
679,0.0498046875,-0.9853515625,-0.0771484375
680,0.05078125,-0.9892578125,-0.0810546875
681,0.046875,-0.98828125,-0.0810546875
682,0.0478515625,-0.9814453125,-0.0830078125
683,0.05078125,-0.9873046875,-0.08203125
684,0.04296875,-0.9912109375,-0.078125
685,0.0498046875,-0.990234375,-0.0791015625
686,0.0478515625,-0.998046875,-0.080078125
687,0.05078125,-0.990234375,-0.0771484375
688,0.0498046875,-0.9892578125,-0.0810546875
689,0.0478515625,-0.994140625,-0.080078125
690,0.048828125,-1.0,-0.07421875
691,0.0458984375,-0.99609375,-0.07421875
692,0.0458984375,-0.98828125,-0.0830078125
693,0.0458984375,-0.994140625,-0.076171875
694,0.0498046875,-0.9912109375,-0.076171875
695,0.046875,-0.990234375,-0.078125
696,0.046875,-0.986328125,-0.078125
697,0.0439453125,-0.9873046875,-0.0751953125
698,0.04296875,-0.9853515625,-0.076171875
699,0.04296875,-0.986328125,-0.0771484375
700,0.0400390625,-0.982421875,-0.0791015625
701,0.04296875,-0.9775390625,-0.080078125
702,0.03125,-0.978515625,-0.0830078125
703,0.0380859375,-0.9765625,-0.080078125
704,0.0341796875,-0.98046875,-0.0771484375
705,0.037109375,-0.9775390625,-0.080078125
706,0.0390625,-0.9775390625,-0.0791015625
707,0.033203125,-0.9833984375,-0.076171875
708,0.0341796875,-0.9794921875,-0.078125
709,0.033203125,-0.9775390625,-0.0703125
710,0.0341796875,-0.9775390625,-0.0751953125
711,0.0263671875,-0.9814453125,-0.0751953125
712,0.03125,-0.984375,-0.0703125
713,0.0263671875,-0.982421875,-0.0712890625
714,0.0263671875,-0.974609375,-0.068359375
715,0.02734375,-0.9775390625,-0.06640625
716,0.0263671875,-0.974609375,-0.0732421875
717,0.02734375,-0.9716796875,-0.0703125
718,0.02734375,-0.9765625,-0.064453125
719,0.02734375,-0.9775390625,-0.0625
720,0.025390625,-0.98046875,-0.068359375
721,0.0302734375,-0.9853515625,-0.0703125
722,0.0283203125,-0.982421875,-0.068359375
723,0.0244140625,-0.984375,-0.0703125
724,0.0263671875,-0.98046875,-0.0751953125
725,0.025390625,-0.9853515625,-0.0673828125
726,0.0302734375,-0.9892578125,-0.0693359375
727,0.0234375,-0.994140625,-0.0673828125
728,0.025390625,-0.9970703125,-0.076171875
729,0.025390625,-0.9931640625,-0.07421875
730,0.0205078125,-0.998046875,-0.0703125
731,0.0205078125,-0.98828125,-0.0732421875
732,0.0224609375,-0.9921875,-0.068359375
733,0.021484375,-0.98828125,-0.0634765625
734,0.0185546875,-0.9873046875,-0.0615234375
735,0.017578125,-0.9833984375,-0.0654296875
736,0.0185546875,-0.9833984375,-0.060546875
737,0.0205078125,-0.9814453125,-0.0625
738,0.0185546875,-0.9814453125,-0.0615234375
739,0.0205078125,-0.982421875,-0.064453125
740,0.0185546875,-0.9814453125,-0.064453125
741,0.017578125,-0.984375,-0.060546875
742,0.021484375,-0.986328125,-0.05859375
743,0.0185546875,-0.984375,-0.0625
744,0.0185546875,-0.9853515625,-0.0625
745,0.021484375,-0.986328125,-0.0634765625
746,0.0234375,-0.986328125,-0.068359375
747,0.025390625,-0.986328125,-0.0673828125
748,0.01953125,-0.9873046875,-0.0673828125
749,0.0205078125,-0.9833984375,-0.0595703125
750,0.0185546875,-0.986328125,-0.060546875
751,0.01953125,-0.9853515625,-0.064453125
752,0.02734375,-0.9853515625,-0.0595703125
753,0.0244140625,-0.984375,-0.052734375
754,0.025390625,-0.9833984375,-0.060546875
755,0.0234375,-0.98046875,-0.0537109375
756,0.01953125,-0.986328125,-0.0546875
757,0.021484375,-0.9833984375,-0.0615234375
758,0.01953125,-0.9833984375,-0.0615234375
759,0.017578125,-0.978515625,-0.0615234375
760,0.0185546875,-0.982421875,-0.0576171875
761,0.017578125,-0.984375,-0.0615234375
762,0.0185546875,-0.986328125,-0.0634765625
763,0.0224609375,-0.984375,-0.0615234375
764,0.013671875,-0.9873046875,-0.0595703125
765,0.0166015625,-0.9892578125,-0.05859375
766,0.0146484375,-0.9833984375,-0.060546875
767,0.015625,-0.98828125,-0.0556640625
768,0.015625,-0.9833984375,-0.05859375
769,0.013671875,-0.9873046875,-0.0576171875
770,0.021484375,-0.99609375,-0.0556640625
771,0.0224609375,-0.9873046875,-0.0546875
772,0.0185546875,-0.9892578125,-0.0595703125
773,0.0224609375,-0.9833984375,-0.0556640625
774,0.01953125,-0.98828125,-0.0556640625
775,0.021484375,-0.990234375,-0.0556640625
776,0.01953125,-0.9921875,-0.0546875
777,0.0224609375,-0.9873046875,-0.0576171875
778,0.0234375,-0.990234375,-0.0595703125
779,0.0234375,-0.986328125,-0.06640625
780,0.0185546875,-0.98828125,-0.0517578125
781,0.0205078125,-0.9892578125,-0.056640625
782,0.0185546875,-0.990234375,-0.05078125
783,0.017578125,-0.9853515625,-0.056640625
784,0.0146484375,-0.9921875,-0.052734375
785,0.0166015625,-0.986328125,-0.0556640625
786,-0.001953125,-1.0068359375,-0.033203125
787,0.029296875,-1.0087890625,-0.0400390625
788,0.01953125,-0.990234375,-0.05859375
789,0.0029296875,-0.982421875,-0.0634765625
790,0.0048828125,-0.98046875,-0.048828125
791,0.0048828125,-0.9765625,-0.052734375
792,0.005859375,-0.9853515625,-0.0380859375
793,0.0068359375,-0.982421875,-0.0419921875
794,0.005859375,-0.986328125,-0.044921875
795,0.0078125,-0.9921875,-0.052734375
796,0.005859375,-0.9853515625,-0.0517578125
797,0.0048828125,-0.986328125,-0.052734375
798,0.00390625,-0.994140625,-0.044921875
799,0.0078125,-0.98828125,-0.046875
800,0.005859375,-0.9951171875,-0.0498046875
801,0.01171875,-0.9873046875,-0.041015625
802,0.01171875,-0.9951171875,-0.0478515625
803,0.01171875,-0.9951171875,-0.048828125
804,0.0107421875,-0.9970703125,-0.041015625
805,0.0126953125,-0.9921875,-0.03515625
806,0.0166015625,-0.998046875,-0.037109375
807,0.017578125,-0.9970703125,-0.0419921875
808,0.017578125,-0.9912109375,-0.0439453125
809,0.01953125,-0.9873046875,-0.03515625
810,0.0126953125,-0.984375,-0.0380859375
811,0.0087890625,-0.9873046875,-0.0400390625
812,0.0107421875,-0.984375,-0.041015625
813,0.0068359375,-0.9833984375,-0.03515625
814,0.0029296875,-0.982421875,-0.0361328125
815,0.00390625,-0.9853515625,-0.0263671875
816,-0.001953125,-0.984375,-0.0341796875
817,0.001953125,-0.984375,-0.0341796875
818,0.0,-0.9833984375,-0.0302734375
819,0.0,-0.9794921875,-0.03125
820,-0.001953125,-0.986328125,-0.03515625
821,-0.0009765625,-0.978515625,-0.03125
822,-0.0009765625,-0.9814453125,-0.0263671875
823,0.0009765625,-0.986328125,-0.0322265625
824,0.0009765625,-0.9853515625,-0.029296875
825,0.0,-0.98046875,-0.0322265625
826,0.001953125,-0.9794921875,-0.03515625
827,0.00390625,-0.9873046875,-0.0224609375
828,0.0068359375,-0.994140625,-0.0244140625
829,0.00390625,-1.001953125,-0.0205078125
830,0.005859375,-0.986328125,-0.02734375
831,0.00390625,-0.986328125,-0.03125
832,0.00390625,-0.9833984375,-0.03125
833,0.0029296875,-0.9873046875,-0.029296875
834,0.0029296875,-0.98828125,-0.029296875
835,0.00390625,-0.9892578125,-0.0302734375
836,-0.0009765625,-0.982421875,-0.0283203125
837,0.0,-0.9921875,-0.0283203125
838,0.001953125,-0.982421875,-0.0283203125
839,-0.0029296875,-0.9873046875,-0.025390625
840,-0.0009765625,-0.9892578125,-0.01953125
841,-0.0009765625,-0.978515625,-0.0234375
842,-0.0048828125,-0.984375,-0.021484375
843,-0.0048828125,-0.9853515625,-0.0166015625
844,-0.0029296875,-0.9912109375,-0.0224609375
845,-0.0009765625,-0.9853515625,-0.0185546875
846,-0.005859375,-0.9853515625,-0.015625
847,-0.0078125,-0.9833984375,-0.0205078125
848,-0.0009765625,-0.982421875,-0.0166015625
849,0.0009765625,-0.986328125,-0.015625
850,-0.00390625,-0.9853515625,-0.01171875
851,-0.0029296875,-0.986328125,-0.017578125
852,-0.00390625,-0.9921875,-0.01171875
853,-0.0029296875,-0.9912109375,-0.0087890625
854,-0.0009765625,-0.9873046875,-0.005859375
855,-0.001953125,-0.9873046875,-0.0078125
856,-0.00390625,-0.98828125,-0.0087890625
857,0.001953125,-0.978515625,-0.015625
858,-0.0029296875,-0.966796875,-0.0166015625
859,-0.00390625,-0.974609375,-0.0126953125
860,-0.005859375,-0.9755859375,-0.0107421875
861,-0.0087890625,-0.9794921875,-0.0087890625
862,-0.0126953125,-0.9814453125,-0.005859375
863,-0.01953125,-0.9755859375,-0.001953125
864,-0.0185546875,-0.9794921875,0.0009765625
865,-0.0166015625,-0.982421875,-0.0029296875
866,-0.01953125,-0.978515625,0.0
867,-0.013671875,-0.98046875,-0.0029296875
868,-0.0146484375,-0.984375,0.0
869,-0.0126953125,-0.978515625,-0.005859375
870,-0.0146484375,-0.9775390625,-0.00390625
871,-0.0146484375,-0.9833984375,-0.01171875
872,-0.0166015625,-0.9853515625,-0.0078125
873,-0.0126953125,-0.9873046875,-0.005859375
874,-0.01171875,-0.9921875,-0.009765625
875,-0.0166015625,-0.994140625,-0.005859375
876,-0.015625,-0.9892578125,-0.005859375
877,-0.01953125,-0.99609375,-0.005859375
878,-0.0205078125,-0.998046875,-0.0048828125
879,-0.0205078125,-0.9970703125,-0.0107421875
880,-0.0224609375,-0.9990234375,-0.00390625
881,-0.0322265625,-1.0,-0.0078125
882,-0.03125,-1.001953125,0.0
883,-0.0390625,-1.0078125,-0.0126953125
884,-0.0380859375,-0.99609375,-0.013671875
885,-0.0419921875,-1.0,-0.01171875
886,-0.04296875,-0.98828125,-0.013671875
887,-0.041015625,-0.990234375,-0.005859375
888,-0.052734375,-0.9873046875,-0.0029296875
889,-0.0498046875,-0.986328125,-0.0078125
890,-0.048828125,-0.9814453125,-0.01171875
891,-0.0478515625,-0.9765625,-0.0068359375
892,-0.046875,-0.974609375,-0.00390625
893,-0.0478515625,-0.9775390625,0.0009765625
894,-0.0537109375,-0.9736328125,-0.0068359375
895,-0.044921875,-0.9677734375,-0.0048828125
896,-0.044921875,-0.9716796875,-0.005859375
897,-0.046875,-0.966796875,-0.0048828125
898,-0.05078125,-0.96875,-0.0048828125
899,-0.0478515625,-0.966796875,-0.0107421875
900,-0.05078125,-0.9736328125,-0.009765625
901,-0.0556640625,-0.9736328125,-0.0078125
902,-0.0576171875,-0.9794921875,-0.01171875
903,-0.060546875,-0.9765625,-0.0166015625
904,-0.07421875,-0.9794921875,-0.015625
905,-0.0703125,-0.98828125,-0.0185546875
906,-0.08203125,-0.9912109375,-0.0234375
907,-0.080078125,-0.990234375,-0.0205078125
908,-0.0830078125,-1.00390625,-0.0244140625
909,-0.0830078125,-0.99609375,-0.0302734375
910,-0.0869140625,-0.998046875,-0.033203125
911,-0.087890625,-0.9931640625,-0.033203125
912,-0.0869140625,-0.990234375,-0.0361328125
913,-0.0869140625,-0.9873046875,-0.0341796875
914,-0.087890625,-0.9931640625,-0.033203125
915,-0.0859375,-0.9873046875,-0.03515625
916,-0.0888671875,-0.9873046875,-0.0302734375
917,-0.0791015625,-0.986328125,-0.029296875
918,-0.078125,-0.9892578125,-0.0283203125
919,-0.0771484375,-0.982421875,-0.029296875
920,-0.076171875,-0.986328125,-0.021484375
921,-0.0791015625,-0.9833984375,-0.0234375
922,-0.0888671875,-0.9755859375,-0.0244140625
923,-0.0791015625,-0.97265625,-0.0263671875
924,-0.0810546875,-0.970703125,-0.03125
925,-0.0859375,-0.974609375,-0.0361328125
926,-0.0859375,-0.9765625,-0.037109375
927,-0.087890625,-0.9794921875,-0.03515625
928,-0.0947265625,-0.98046875,-0.0302734375
929,-0.095703125,-0.9794921875,-0.0302734375
930,-0.0966796875,-0.9873046875,-0.0322265625
931,-0.0927734375,-0.982421875,-0.0302734375
932,-0.1005859375,-0.986328125,-0.0341796875
933,-0.099609375,-0.9853515625,-0.033203125
934,-0.095703125,-0.984375,-0.033203125
935,-0.095703125,-0.9814453125,-0.037109375
936,-0.0986328125,-0.9833984375,-0.0419921875
937,-0.0947265625,-0.9814453125,-0.041015625
938,-0.1015625,-0.984375,-0.0498046875
939,-0.0966796875,-0.974609375,-0.04296875
940,-0.0927734375,-0.9765625,-0.048828125
941,-0.09765625,-0.9736328125,-0.0478515625
942,-0.0947265625,-0.9833984375,-0.046875
943,-0.0986328125,-0.9814453125,-0.0498046875
944,-0.1015625,-0.9833984375,-0.0478515625
945,-0.0986328125,-0.9794921875,-0.044921875
946,-0.1025390625,-0.978515625,-0.0478515625
947,-0.1005859375,-0.9775390625,-0.0439453125
948,-0.103515625,-0.9775390625,-0.044921875
949,-0.10546875,-0.9775390625,-0.044921875
950,-0.107421875,-0.9775390625,-0.0458984375
951,-0.1083984375,-0.9765625,-0.0439453125
952,-0.1123046875,-0.9833984375,-0.048828125
953,-0.1201171875,-0.982421875,-0.0419921875
954,-0.1171875,-0.9833984375,-0.0439453125
955,-0.1220703125,-0.9853515625,-0.0478515625
956,-0.1259765625,-0.986328125,-0.05078125
957,-0.1259765625,-0.98828125,-0.0537109375
958,-0.1357421875,-0.9853515625,-0.052734375
959,-0.1298828125,-0.982421875,-0.05078125
960,-0.1337890625,-0.978515625,-0.0546875
961,-0.134765625,-0.98046875,-0.0537109375
962,-0.1337890625,-0.984375,-0.05859375
963,-0.13671875,-0.9833984375,-0.0537109375
964,-0.1337890625,-0.9794921875,-0.0556640625
965,-0.1318359375,-0.98046875,-0.0537109375
966,-0.13671875,-0.9755859375,-0.0537109375
967,-0.1240234375,-0.9736328125,-0.05078125
968,-0.126953125,-0.9697265625,-0.0537109375
969,-0.1220703125,-0.9697265625,-0.052734375
970,-0.126953125,-0.9736328125,-0.052734375
971,-0.1240234375,-0.9658203125,-0.0537109375
972,-0.1220703125,-0.970703125,-0.056640625
973,-0.1240234375,-0.962890625,-0.05859375
974,-0.1259765625,-0.962890625,-0.0556640625
975,-0.1328125,-0.966796875,-0.0517578125
976,-0.1357421875,-0.966796875,-0.0556640625
977,-0.1328125,-0.966796875,-0.05859375
978,-0.12890625,-0.9619140625,-0.0537109375
979,-0.1337890625,-0.966796875,-0.0576171875
980,-0.140625,-0.9677734375,-0.052734375
981,-0.146484375,-0.966796875,-0.048828125
982,-0.1484375,-0.9599609375,-0.0576171875
983,-0.1552734375,-0.962890625,-0.0576171875
984,-0.1611328125,-0.9658203125,-0.0634765625
985,-0.158203125,-0.9609375,-0.0615234375
986,-0.1630859375,-0.9697265625,-0.06640625
987,-0.1689453125,-0.9697265625,-0.064453125
988,-0.1689453125,-0.96484375,-0.064453125
989,-0.1650390625,-0.970703125,-0.060546875
990,-0.1708984375,-0.9638671875,-0.0615234375
991,-0.171875,-0.9677734375,-0.0478515625
992,-0.1689453125,-0.966796875,-0.05078125
993,-0.1708984375,-0.970703125,-0.0546875
994,-0.1650390625,-0.9677734375,-0.05078125
995,-0.1630859375,-0.966796875,-0.0556640625
996,-0.16796875,-0.9697265625,-0.0556640625
997,-0.1650390625,-0.9580078125,-0.056640625
998,-0.171875,-0.9599609375,-0.0556640625
999,-0.1669921875,-0.962890625,-0.0517578125
1000,-0.1728515625,-0.9580078125,-0.0537109375
1001,-0.17578125,-0.9580078125,-0.0458984375
1002,-0.17578125,-0.95703125,-0.048828125
1003,-0.18359375,-0.953125,-0.0576171875
1004,-0.19140625,-0.951171875,-0.0625
1005,-0.1923828125,-0.951171875,-0.0595703125
1006,-0.197265625,-0.9462890625,-0.0615234375
1007,-0.203125,-0.9462890625,-0.064453125
1008,-0.212890625,-0.947265625,-0.06640625
1009,-0.220703125,-0.9482421875,-0.06640625
1010,-0.2255859375,-0.9462890625,-0.0693359375
1011,-0.2275390625,-0.953125,-0.0712890625
1012,-0.23046875,-0.9560546875,-0.0556640625
1013,-0.2265625,-0.9541015625,-0.0625
1014,-0.2255859375,-0.95703125,-0.05859375
1015,-0.228515625,-0.9599609375,-0.052734375
1016,-0.2255859375,-0.9599609375,-0.044921875
1017,-0.224609375,-0.966796875,-0.0537109375
1018,-0.2255859375,-0.966796875,-0.0556640625
1019,-0.2197265625,-0.9658203125,-0.0546875
1020,-0.220703125,-0.966796875,-0.0556640625
1021,-0.2119140625,-0.9697265625,-0.0537109375
1022,-0.2080078125,-0.974609375,-0.0537109375
1023,-0.2080078125,-0.9697265625,-0.0673828125
1024,-0.1982421875,-0.9736328125,-0.0625
1025,-0.185546875,-0.9853515625,-0.06640625
1026,-0.1845703125,-0.9833984375,-0.06640625
1027,-0.1796875,-0.9892578125,-0.0654296875
1028,-0.177734375,-0.986328125,-0.0634765625
1029,-0.16796875,-0.9873046875,-0.06640625
1030,-0.166015625,-0.984375,-0.0693359375
1031,-0.166015625,-0.984375,-0.0703125
1032,-0.1689453125,-0.9794921875,-0.076171875
1033,-0.1689453125,-0.96875,-0.08203125
1034,-0.17578125,-0.9677734375,-0.0830078125
1035,-0.1845703125,-0.9609375,-0.0888671875
1036,-0.1904296875,-0.962890625,-0.0791015625
1037,-0.2001953125,-0.9619140625,-0.091796875
1038,-0.205078125,-0.958984375,-0.0859375
1039,-0.212890625,-0.9609375,-0.087890625
1040,-0.2138671875,-0.958984375,-0.087890625
1041,-0.212890625,-0.96484375,-0.091796875
1042,-0.2138671875,-0.958984375,-0.09765625
1043,-0.216796875,-0.9599609375,-0.099609375
1044,-0.212890625,-0.9541015625,-0.099609375
1045,-0.2119140625,-0.955078125,-0.099609375
1046,-0.2177734375,-0.9521484375,-0.1005859375
1047,-0.21484375,-0.9482421875,-0.10546875
1048,-0.2138671875,-0.951171875,-0.0986328125
1049,-0.2177734375,-0.9462890625,-0.099609375
1050,-0.2177734375,-0.947265625,-0.1044921875
1051,-0.216796875,-0.9443359375,-0.1103515625
1052,-0.2236328125,-0.9306640625,-0.1123046875
1053,-0.220703125,-0.931640625,-0.115234375
1054,-0.2216796875,-0.931640625,-0.107421875
1055,-0.228515625,-0.927734375,-0.1162109375
1056,-0.224609375,-0.9287109375,-0.1181640625
1057,-0.2294921875,-0.916015625,-0.123046875
1058,-0.234375,-0.9248046875,-0.1279296875
1059,-0.2333984375,-0.919921875,-0.126953125
1060,-0.232421875,-0.927734375,-0.1318359375
1061,-0.2314453125,-0.9296875,-0.1357421875
1062,-0.23046875,-0.935546875,-0.1337890625
1063,-0.2333984375,-0.927734375,-0.1318359375
1064,-0.23046875,-0.9384765625,-0.125
1065,-0.23828125,-0.9296875,-0.1328125
1066,-0.2392578125,-0.9326171875,-0.123046875
1067,-0.2412109375,-0.9296875,-0.1357421875
1068,-0.23828125,-0.9248046875,-0.134765625
1069,-0.240234375,-0.9375,-0.1201171875
1070,-0.2392578125,-0.9599609375,-0.0986328125
1071,-0.24609375,-0.94921875,-0.1044921875
1072,-0.2431640625,-0.939453125,-0.1162109375
1073,-0.275390625,-0.9541015625,-0.0947265625
1074,-0.2568359375,-0.943359375,-0.1171875
1075,-0.251953125,-0.916015625,-0.1298828125
1076,-0.271484375,-0.91015625,-0.1162109375
1077,-0.287109375,-0.90625,-0.123046875
1078,-0.2744140625,-0.9052734375,-0.1240234375
1079,-0.2919921875,-0.8896484375,-0.119140625
1080,-0.2744140625,-0.8984375,-0.1171875
1081,-0.28515625,-0.8955078125,-0.1318359375
1082,-0.2919921875,-0.8935546875,-0.1357421875
1083,-0.302734375,-0.9033203125,-0.125
1084,-0.3076171875,-0.904296875,-0.1328125
1085,-0.3115234375,-0.919921875,-0.123046875
1086,-0.294921875,-0.9150390625,-0.1318359375
1087,-0.3017578125,-0.923828125,-0.1220703125
1088,-0.3076171875,-0.9248046875,-0.1142578125
1089,-0.30859375,-0.921875,-0.1064453125
1090,-0.306640625,-0.9375,-0.091796875
1091,-0.2802734375,-0.947265625,-0.0869140625
1092,-0.2734375,-0.921875,-0.1025390625
1093,-0.298828125,-0.9052734375,-0.1064453125
1094,-0.30078125,-0.91796875,-0.1064453125
1095,-0.2939453125,-0.9033203125,-0.103515625
1096,-0.2998046875,-0.9267578125,-0.0966796875
1097,-0.2890625,-0.9013671875,-0.1201171875
1098,-0.2939453125,-0.91796875,-0.119140625
1099,-0.3037109375,-0.9306640625,-0.1044921875
1100,-0.3271484375,-0.931640625,-0.1142578125
1101,-0.3173828125,-0.935546875,-0.1181640625
1102,-0.29296875,-0.89453125,-0.1494140625
1103,-0.2841796875,-0.9052734375,-0.12890625
1104,-0.2861328125,-0.9248046875,-0.12109375
1105,-0.2705078125,-0.8974609375,-0.13671875
1106,-0.3095703125,-0.931640625,-0.0947265625
1107,-0.2255859375,-0.90234375,-0.1337890625
1108,-0.2470703125,-0.87890625,-0.1396484375
1109,-0.2783203125,-0.87890625,-0.154296875
1110,-0.271484375,-0.8798828125,-0.1474609375
1111,-0.263671875,-0.87109375,-0.1513671875
1112,-0.2666015625,-0.828125,-0.1845703125
1113,-0.2763671875,-0.841796875,-0.181640625
1114,-0.279296875,-0.8466796875,-0.1943359375
1115,-0.2734375,-0.857421875,-0.197265625
1116,-0.271484375,-0.8779296875,-0.189453125
1117,-0.2939453125,-0.884765625,-0.185546875
1118,-0.2861328125,-0.88671875,-0.193359375
1119,-0.3017578125,-0.87890625,-0.20703125
1120,-0.3017578125,-0.88671875,-0.2158203125
1121,-0.3271484375,-0.87890625,-0.2314453125
1122,-0.3037109375,-0.8935546875,-0.2021484375
1123,-0.2900390625,-0.9052734375,-0.18359375
1124,-0.291015625,-0.8876953125,-0.193359375
1125,-0.2861328125,-0.8486328125,-0.2041015625
1126,-0.294921875,-0.82421875,-0.2265625
1127,-0.2939453125,-0.7822265625,-0.2333984375
1128,-0.294921875,-0.75,-0.240234375
1129,-0.2578125,-0.7490234375,-0.2177734375
1130,-0.2724609375,-0.7255859375,-0.21875
1131,-0.287109375,-0.7373046875,-0.21875
1132,-0.3115234375,-0.7421875,-0.2119140625
1133,-0.31640625,-0.73828125,-0.2333984375
1134,-0.291015625,-0.7236328125,-0.259765625
1135,-0.2822265625,-0.736328125,-0.2509765625
1136,-0.287109375,-0.73046875,-0.259765625
1137,-0.2880859375,-0.744140625,-0.2607421875
1138,-0.28515625,-0.73828125,-0.2587890625
1139,-0.287109375,-0.7197265625,-0.2744140625
1140,-0.2841796875,-0.7060546875,-0.2646484375
1141,-0.2685546875,-0.7568359375,-0.2197265625
1142,-0.2138671875,-0.72265625,-0.251953125
1143,-0.25390625,-0.6865234375,-0.248046875
1144,-0.2490234375,-0.671875,-0.244140625
1145,-0.2412109375,-0.6484375,-0.232421875
1146,-0.251953125,-0.615234375,-0.2197265625
1147,-0.21875,-0.603515625,-0.193359375
1148,-0.234375,-0.5830078125,-0.1845703125
1149,-0.2509765625,-0.560546875,-0.166015625
1150,-0.2470703125,-0.5791015625,-0.119140625
1151,-0.228515625,-0.5322265625,-0.119140625
1152,-0.2177734375,-0.5341796875,-0.099609375
1153,-0.234375,-0.4755859375,-0.0908203125
1154,-0.279296875,-0.44140625,-0.0732421875
1155,-0.2724609375,-0.4033203125,-0.076171875
1156,-0.2919921875,-0.3515625,-0.07421875
1157,-0.33984375,-0.3408203125,-0.0654296875
1158,-0.408203125,-0.3134765625,-0.068359375
1159,-0.4267578125,-0.318359375,-0.08203125
1160,-0.5283203125,-0.310546875,-0.08984375
1161,-0.5498046875,-0.375,-0.1005859375
1162,-0.6337890625,-0.408203125,-0.125
1163,-0.6494140625,-0.4873046875,-0.126953125
1164,-0.6328125,-0.552734375,-0.146484375
1165,-0.6201171875,-0.6171875,-0.173828125
1166,-0.6083984375,-0.6318359375,-0.201171875
1167,-0.5654296875,-0.6494140625,-0.23046875
1168,-0.5048828125,-0.63671875,-0.2744140625
1169,-0.4375,-0.619140625,-0.2900390625
1170,-0.3369140625,-0.5908203125,-0.2763671875
1171,-0.26171875,-0.548828125,-0.2626953125
1172,-0.2021484375,-0.5068359375,-0.255859375
1173,-0.16015625,-0.4931640625,-0.2431640625
1174,-0.1220703125,-0.484375,-0.251953125
1175,-0.1171875,-0.4912109375,-0.271484375
1176,-0.115234375,-0.505859375,-0.2958984375
1177,-0.1318359375,-0.5126953125,-0.3173828125
1178,-0.1650390625,-0.4970703125,-0.337890625
1179,-0.193359375,-0.486328125,-0.3095703125
1180,-0.2490234375,-0.4931640625,-0.2744140625
1181,-0.2783203125,-0.5009765625,-0.255859375
1182,-0.3134765625,-0.5029296875,-0.2197265625
1183,-0.3193359375,-0.51953125,-0.201171875
1184,-0.34375,-0.5029296875,-0.166015625
1185,-0.345703125,-0.494140625,-0.1455078125
1186,-0.3662109375,-0.486328125,-0.1259765625
1187,-0.373046875,-0.4794921875,-0.111328125
1188,-0.3974609375,-0.46484375,-0.1015625
1189,-0.4404296875,-0.4365234375,-0.10546875
1190,-0.4765625,-0.3876953125,-0.099609375
1191,-0.49609375,-0.3359375,-0.099609375
1192,-0.505859375,-0.314453125,-0.103515625
1193,-0.515625,-0.3173828125,-0.125
1194,-0.515625,-0.3310546875,-0.1376953125
1195,-0.5283203125,-0.3427734375,-0.15625
1196,-0.4990234375,-0.373046875,-0.1787109375
1197,-0.470703125,-0.3837890625,-0.2109375
1198,-0.4365234375,-0.3955078125,-0.263671875
1199,-0.3896484375,-0.392578125,-0.2939453125
1200,-0.349609375,-0.3818359375,-0.302734375
1201,-0.314453125,-0.359375,-0.2998046875
1202,-0.2744140625,-0.337890625,-0.27734375
1203,-0.22265625,-0.3193359375,-0.26953125
1204,-0.189453125,-0.3076171875,-0.26171875
1205,-0.1279296875,-0.3095703125,-0.2744140625
1206,-0.080078125,-0.283203125,-0.302734375
1207,-0.0322265625,-0.2548828125,-0.380859375
1208,-0.01171875,-0.2412109375,-0.4912109375
1209,-0.015625,-0.19140625,-0.6396484375
1210,-0.0849609375,-0.203125,-0.7744140625
1211,-0.173828125,-0.2666015625,-0.8681640625
1212,-0.2880859375,-0.3720703125,-0.890625
1213,-0.7158203125,-0.537109375,-0.775390625
1214,-1.4638671875,-0.7041015625,-0.6572265625
1215,-1.9052734375,-0.802734375,-0.5693359375
1216,-2.212890625,-0.8740234375,-0.49609375
1217,-2.576171875,-0.916015625,-0.3212890625
1218,-3.15625,-0.974609375,0.283203125
1219,-3.9501953125,-0.9716796875,0.5302734375
1220,-5.0634765625,-0.99609375,0.82421875
1221,-6.447265625,-0.984375,0.8828125
1222,-7.638671875,-1.08984375,0.5693359375
1223,-8.0,-1.2353515625,-0.22265625
1224,-7.814453125,-1.19140625,-0.4208984375
1225,-5.0830078125,-1.2451171875,0.1650390625
1226,-2.90234375,-0.9619140625,0.67578125
1227,-2.0693359375,-0.51171875,0.8486328125
1228,-1.38671875,-0.24609375,0.744140625
1229,-0.505859375,-0.26953125,0.7783203125
1230,0.51953125,-0.3896484375,0.5908203125
1231,0.93359375,-0.3408203125,0.455078125
1232,1.0517578125,-0.29296875,0.2666015625
1233,0.994140625,-0.212890625,0.0947265625
1234,0.779296875,-0.0302734375,-0.14453125
1235,0.4609375,0.154296875,-0.23828125
1236,0.1005859375,0.4609375,-0.3818359375
1237,-0.33203125,0.8154296875,-0.17578125
1238,-0.99609375,1.4267578125,-0.0048828125
1239,-1.53125,1.5859375,0.3779296875
1240,-1.8271484375,1.60546875,0.5625
1241,-2.0810546875,1.548828125,0.5224609375
1242,-2.2919921875,1.1767578125,0.3896484375
1243,-2.6318359375,0.6552734375,0.296875
1244,-2.80078125,0.2490234375,0.3466796875
1245,-2.76953125,0.099609375,0.302734375
1246,-2.6591796875,0.119140625,0.2578125
1247,-2.3515625,0.4208984375,0.2060546875
1248,-1.9169921875,0.814453125,0.3671875
1249,-1.466796875,1.009765625,0.693359375
1250,-1.1171875,0.9951171875,0.8466796875
1251,-0.9814453125,0.9033203125,0.8271484375
1252,-0.90625,0.806640625,0.716796875
1253,-0.78515625,0.7353515625,0.578125
1254,-0.7294921875,0.666015625,0.4619140625
1255,-0.7939453125,0.642578125,0.3349609375
1256,-0.7890625,0.5966796875,0.2373046875
1257,-0.7646484375,0.5869140625,0.0458984375
1258,-0.705078125,0.560546875,-0.146484375
1259,-0.751953125,0.4970703125,-0.228515625
1260,-0.7802734375,0.439453125,-0.255859375
1261,-0.7548828125,0.4013671875,-0.2451171875
1262,-0.6435546875,0.3955078125,-0.16015625
1263,-0.6044921875,0.4267578125,-0.0625
1264,-0.568359375,0.45703125,0.078125
1265,-0.5029296875,0.4814453125,0.2353515625
1266,-0.4794921875,0.451171875,0.37109375
1267,-0.330078125,0.4873046875,0.3017578125
1268,-0.2861328125,0.4921875,0.296875
1269,-0.2119140625,0.404296875,0.2998046875
1270,-0.0634765625,0.4658203125,0.1748046875
1271,0.00390625,0.3994140625,0.234375
1272,0.1259765625,0.39453125,0.125
1273,0.1494140625,0.3740234375,0.0400390625
1274,0.1015625,0.369140625,-0.0361328125
1275,-0.03125,0.32421875,-0.05078125
1276,-0.1103515625,0.3154296875,-0.1220703125
1277,-0.2822265625,0.37109375,-0.0615234375
1278,-0.41015625,0.4306640625,-0.0419921875
1279,-0.5751953125,0.544921875,0.0107421875
1280,-0.71484375,0.6318359375,0.015625
1281,-0.83203125,0.6865234375,0.076171875
1282,-0.9482421875,0.7080078125,0.146484375
1283,-1.0205078125,0.71875,0.19140625
1284,-1.03515625,0.7177734375,0.177734375
1285,-1.0576171875,0.7109375,0.21875
1286,-1.0419921875,0.7314453125,0.2421875
1287,-1.08984375,0.6982421875,0.2734375
1288,-1.072265625,0.66796875,0.3115234375
1289,-1.10546875,0.6396484375,0.349609375
1290,-1.0869140625,0.6015625,0.3427734375
1291,-1.0625,0.56640625,0.3232421875
1292,-1.0859375,0.52734375,0.3330078125
1293,-1.0927734375,0.5380859375,0.361328125
1294,-1.146484375,0.53125,0.4365234375
1295,-1.1474609375,0.5263671875,0.4287109375
1296,-1.1455078125,0.4677734375,0.400390625
1297,-1.109375,0.4052734375,0.392578125
1298,-1.12109375,0.4052734375,0.416015625
1299,-1.103515625,0.4033203125,0.4638671875
1300,-1.099609375,0.388671875,0.5009765625
1301,-1.0859375,0.33984375,0.5185546875
1302,-1.0537109375,0.2890625,0.5283203125
1303,-1.029296875,0.2451171875,0.529296875
1304,-1.0146484375,0.208984375,0.525390625
1305,-1.005859375,0.1787109375,0.521484375
1306,-0.9921875,0.169921875,0.501953125
1307,-0.9755859375,0.15625,0.49609375
1308,-0.9541015625,0.14453125,0.4833984375
1309,-0.9345703125,0.115234375,0.4697265625
1310,-0.9150390625,0.1015625,0.44921875
1311,-0.8828125,0.09375,0.4375
1312,-0.85546875,0.091796875,0.41015625
1313,-0.8291015625,0.09375,0.38671875
1314,-0.81640625,0.1005859375,0.36328125
1315,-0.8095703125,0.09375,0.353515625
1316,-0.81640625,0.1015625,0.3359375
1317,-0.830078125,0.1103515625,0.3173828125
1318,-0.8271484375,0.12109375,0.3046875
1319,-0.8720703125,0.146484375,0.2587890625
1320,-0.8603515625,0.162109375,0.27734375
1321,-0.8486328125,0.1279296875,0.3583984375
1322,-0.8583984375,0.115234375,0.3779296875
1323,-0.8623046875,0.12109375,0.3603515625
1324,-0.8720703125,0.125,0.353515625
1325,-0.88671875,0.1552734375,0.298828125
1326,-0.87109375,0.078125,0.388671875
1327,-0.8525390625,0.0546875,0.4013671875
1328,-0.8603515625,0.0283203125,0.4091796875
1329,-0.859375,0.0185546875,0.41015625
1330,-0.8564453125,0.0234375,0.384765625
1331,-0.87890625,0.0302734375,0.3564453125
1332,-0.8818359375,0.0234375,0.337890625
1333,-0.92578125,-0.0029296875,0.38671875
1334,-0.9130859375,-0.0400390625,0.3935546875
1335,-0.91015625,-0.046875,0.4072265625
1336,-0.9208984375,-0.0400390625,0.3916015625
1337,-0.9404296875,-0.0263671875,0.3857421875
1338,-0.9619140625,-0.01953125,0.37109375
1339,-0.982421875,-0.0244140625,0.373046875
1340,-0.9873046875,-0.0234375,0.353515625
1341,-1.0078125,-0.0087890625,0.318359375
1342,-1.0478515625,-0.046875,0.3525390625
1343,-1.0341796875,-0.048828125,0.3447265625
1344,-1.0341796875,-0.0517578125,0.3447265625
1345,-1.013671875,-0.0439453125,0.3359375
1346,-1.0205078125,-0.0302734375,0.3203125
1347,-1.025390625,-0.0322265625,0.3154296875
1348,-1.0283203125,-0.0439453125,0.3134765625
1349,-1.048828125,-0.052734375,0.306640625
1350,-1.052734375,-0.064453125,0.302734375
1351,-1.056640625,-0.048828125,0.31640625
1352,-1.060546875,-0.0478515625,0.3125
1353,-1.048828125,-0.0439453125,0.33203125
1354,-1.03125,-0.0537109375,0.3388671875
1355,-0.9921875,-0.068359375,0.3359375
1356,-0.974609375,-0.068359375,0.3349609375
1357,-0.95703125,-0.060546875,0.3251953125
1358,-0.9541015625,-0.0439453125,0.296875
1359,-0.9716796875,-0.0361328125,0.2939453125
1360,-0.9501953125,-0.0517578125,0.310546875
1361,-0.9384765625,-0.04296875,0.3271484375
1362,-0.9375,-0.03125,0.318359375
1363,-0.9306640625,-0.0126953125,0.302734375
1364,-0.943359375,0.009765625,0.30859375
1365,-0.9453125,0.021484375,0.2998046875
1366,-0.9560546875,0.03125,0.2841796875
1367,-0.970703125,0.0283203125,0.2890625
1368,-0.97265625,0.037109375,0.298828125
1369,-0.982421875,0.0498046875,0.2900390625
1370,-0.9970703125,0.0537109375,0.2919921875
1371,-0.9951171875,0.056640625,0.29296875
1372,-0.998046875,0.0615234375,0.2939453125
1373,-0.99609375,0.0693359375,0.2900390625
1374,-0.994140625,0.0751953125,0.279296875
1375,-0.9873046875,0.083984375,0.275390625
1376,-0.986328125,0.0859375,0.2607421875
1377,-0.9892578125,0.083984375,0.2578125
1378,-0.98046875,0.0654296875,0.2919921875
1379,-0.9794921875,0.052734375,0.2958984375
1380,-0.9736328125,0.0322265625,0.3125
1381,-0.9765625,0.029296875,0.3017578125
1382,-0.95703125,0.0263671875,0.2822265625
1383,-0.9609375,0.0380859375,0.2783203125
1384,-0.9716796875,0.0380859375,0.271484375
1385,-0.9697265625,0.0400390625,0.2568359375
1386,-0.9736328125,0.0458984375,0.2509765625
1387,-0.9775390625,0.0517578125,0.244140625
1388,-0.986328125,0.04296875,0.255859375
1389,-0.984375,0.0439453125,0.259765625
1390,-0.9873046875,0.0400390625,0.2763671875
1391,-0.986328125,0.0498046875,0.28125
1392,-0.9892578125,0.0537109375,0.2900390625
1393,-0.9873046875,0.0537109375,0.30078125
1394,-0.986328125,0.05078125,0.3193359375
1395,-0.978515625,0.0576171875,0.3212890625
1396,-0.9765625,0.0537109375,0.3291015625
1397,-0.970703125,0.05078125,0.3271484375
1398,-0.96875,0.041015625,0.33203125
1399,-0.9736328125,0.0439453125,0.3203125
1400,-0.97265625,0.0400390625,0.3232421875
1401,-0.978515625,0.041015625,0.3212890625
1402,-0.9853515625,0.0361328125,0.3251953125
1403,-0.9853515625,0.0322265625,0.3193359375
1404,-0.9765625,0.0341796875,0.3154296875
1405,-0.9765625,0.0322265625,0.322265625
1406,-0.9599609375,0.029296875,0.3173828125
1407,-0.95703125,0.029296875,0.314453125
1408,-0.94921875,0.0302734375,0.31640625
1409,-0.9462890625,0.033203125,0.3173828125
1410,-0.94921875,0.037109375,0.3173828125
1411,-0.947265625,0.0380859375,0.3203125
1412,-0.9462890625,0.0390625,0.328125
1413,-0.94921875,0.0390625,0.3271484375
1414,-0.955078125,0.0419921875,0.3310546875
1415,-0.9560546875,0.0498046875,0.330078125
1416,-0.955078125,0.0546875,0.3369140625
1417,-0.955078125,0.0458984375,0.3408203125
1418,-0.95703125,0.0439453125,0.3359375
1419,-0.9638671875,0.0458984375,0.330078125
1420,-0.9619140625,0.0400390625,0.3291015625
1421,-0.9658203125,0.0361328125,0.328125
1422,-0.9697265625,0.0400390625,0.3134765625
1423,-0.966796875,0.044921875,0.3203125
1424,-0.970703125,0.0390625,0.328125
1425,-0.9794921875,0.0478515625,0.3212890625
1426,-0.9814453125,0.052734375,0.3193359375
1427,-0.986328125,0.052734375,0.3095703125
1428,-0.994140625,0.056640625,0.318359375
1429,-0.9912109375,0.05078125,0.31640625
1430,-1.0009765625,0.0546875,0.3125
1431,-0.9921875,0.052734375,0.310546875
1432,-0.982421875,0.0517578125,0.3125
1433,-0.9814453125,0.0478515625,0.3173828125
1434,-0.96875,0.046875,0.3154296875
1435,-0.9658203125,0.044921875,0.3212890625
1436,-0.96484375,0.0400390625,0.32421875
1437,-0.958984375,0.0439453125,0.322265625
1438,-0.953125,0.0439453125,0.322265625
1439,-0.9560546875,0.0498046875,0.326171875
1440,-0.9541015625,0.0478515625,0.3251953125
1441,-0.9560546875,0.0498046875,0.3310546875
1442,-0.953125,0.048828125,0.3271484375
1443,-0.9541015625,0.05078125,0.330078125
1444,-0.951171875,0.052734375,0.318359375
1445,-0.953125,0.0537109375,0.3232421875
1446,-0.9501953125,0.0537109375,0.328125
1447,-0.953125,0.05078125,0.3173828125
1448,-0.9580078125,0.048828125,0.326171875
1449,-0.962890625,0.0478515625,0.3251953125
1450,-0.955078125,0.0419921875,0.3173828125
1451,-0.9560546875,0.0419921875,0.326171875
1452,-0.9560546875,0.0390625,0.330078125
1453,-0.9462890625,0.04296875,0.322265625
1454,-0.9521484375,0.0390625,0.330078125
1455,-0.95703125,0.0419921875,0.3427734375
1456,-0.9267578125,0.03125,0.361328125
1457,-0.93359375,0.025390625,0.3759765625
1458,-0.935546875,0.0263671875,0.373046875
1459,-0.93359375,0.029296875,0.3623046875
1460,-0.9384765625,0.0361328125,0.3515625
1461,-0.9443359375,0.0439453125,0.3505859375
1462,-0.9453125,0.0390625,0.34765625
1463,-0.94921875,0.0517578125,0.33984375
1464,-0.9541015625,0.0478515625,0.3408203125
1465,-0.9541015625,0.0458984375,0.3427734375
1466,-0.9609375,0.0537109375,0.3486328125
1467,-0.95703125,0.0517578125,0.349609375
1468,-0.9560546875,0.0517578125,0.349609375
1469,-0.9541015625,0.0517578125,0.3447265625
1470,-0.9638671875,0.0517578125,0.349609375
1471,-0.9609375,0.0478515625,0.345703125
1472,-0.9609375,0.04296875,0.3447265625
1473,-0.958984375,0.048828125,0.337890625
1474,-0.9609375,0.05078125,0.33984375
1475,-0.9599609375,0.05078125,0.337890625
1476,-0.966796875,0.0517578125,0.337890625
1477,-0.978515625,0.064453125,0.3232421875
1478,-0.97265625,0.0693359375,0.3251953125
1479,-0.95703125,0.0634765625,0.3388671875
1480,-0.9521484375,0.056640625,0.345703125
1481,-0.9482421875,0.0390625,0.3505859375
1482,-0.951171875,0.041015625,0.353515625
1483,-0.9453125,0.04296875,0.3408203125
1484,-0.94921875,0.046875,0.3359375
1485,-0.9521484375,0.0478515625,0.33203125
1486,-0.95703125,0.0517578125,0.3330078125
1487,-0.9599609375,0.0458984375,0.3330078125
1488,-0.96484375,0.044921875,0.333984375
1489,-0.9677734375,0.0498046875,0.3330078125
1490,-0.970703125,0.044921875,0.3310546875
1491,-0.970703125,0.0478515625,0.3291015625
1492,-0.96875,0.0478515625,0.31640625
1493,-0.974609375,0.05078125,0.306640625
1494,-0.9716796875,0.0458984375,0.3154296875
1495,-0.951171875,0.0478515625,0.326171875
1496,-0.953125,0.03515625,0.3427734375
1497,-0.9541015625,0.033203125,0.3486328125
1498,-0.9609375,0.0322265625,0.3427734375
1499,-0.9599609375,0.0361328125,0.3427734375
1500,-0.966796875,0.0380859375,0.3408203125
1501,-0.9638671875,0.0419921875,0.333984375
1502,-0.96875,0.0400390625,0.333984375
1503,-0.9580078125,0.03125,0.32421875
1504,-0.966796875,0.0390625,0.3203125
1505,-0.9638671875,0.037109375,0.3271484375
1506,-0.95703125,0.037109375,0.3173828125
1507,-0.9580078125,0.03515625,0.3212890625
1508,-0.9609375,0.0400390625,0.3046875
1509,-0.9677734375,0.0361328125,0.3095703125
1510,-0.96875,0.0439453125,0.2978515625
1511,-0.98046875,0.048828125,0.2978515625
1512,-0.9521484375,0.0390625,0.3193359375
1513,-0.9384765625,0.0302734375,0.3408203125
1514,-0.9443359375,0.0263671875,0.34765625
1515,-0.9423828125,0.0234375,0.3505859375
1516,-0.9462890625,0.0263671875,0.3486328125
1517,-0.951171875,0.029296875,0.33984375
1518,-0.9560546875,0.03125,0.3359375
1519,-0.9482421875,0.0341796875,0.337890625
1520,-0.9501953125,0.0341796875,0.330078125
1521,-0.94921875,0.0341796875,0.3310546875
1522,-0.9658203125,0.046875,0.3154296875
1523,-0.958984375,0.0390625,0.3154296875
1524,-0.9345703125,0.0283203125,0.3369140625
1525,-0.9365234375,0.0205078125,0.357421875
1526,-0.9365234375,0.01953125,0.349609375
1527,-0.9453125,0.015625,0.3564453125
1528,-0.947265625,0.0234375,0.33984375
1529,-0.951171875,0.0244140625,0.3388671875
1530,-0.9580078125,0.0263671875,0.3408203125
1531,-0.95703125,0.0283203125,0.3369140625
1532,-0.9677734375,0.03515625,0.326171875
1533,-0.9619140625,0.0302734375,0.3427734375
1534,-0.9599609375,0.0302734375,0.3544921875
1535,-0.9462890625,0.0302734375,0.369140625
1536,-0.9462890625,0.021484375,0.3701171875
1537,-0.9453125,0.0234375,0.3740234375
1538,-0.943359375,0.03515625,0.365234375
1539,-0.9453125,0.0380859375,0.359375
1540,-0.9482421875,0.033203125,0.3623046875
1541,-0.94921875,0.0341796875,0.3525390625
1542,-0.958984375,0.0478515625,0.3525390625
1543,-0.9462890625,0.044921875,0.3583984375
1544,-0.943359375,0.0458984375,0.369140625
1545,-0.9375,0.0361328125,0.3837890625
1546,-0.9453125,0.0380859375,0.396484375
1547,-0.9482421875,0.0458984375,0.396484375
1548,-0.951171875,0.0439453125,0.3935546875
1549,-0.953125,0.044921875,0.3935546875
1550,-0.94921875,0.05078125,0.3779296875
1551,-0.94921875,0.0517578125,0.3798828125
1552,-0.947265625,0.0537109375,0.3828125
1553,-0.9443359375,0.0498046875,0.3759765625
1554,-0.9462890625,0.056640625,0.3662109375
1555,-0.947265625,0.0576171875,0.3759765625
1556,-0.9541015625,0.0576171875,0.3740234375
1557,-0.9404296875,0.05859375,0.37109375
1558,-0.94921875,0.060546875,0.369140625
1559,-0.947265625,0.0595703125,0.359375
1560,-0.943359375,0.0625,0.357421875
1561,-0.9453125,0.060546875,0.3564453125
1562,-0.94921875,0.064453125,0.3564453125
1563,-0.9482421875,0.0654296875,0.3525390625
1564,-0.947265625,0.0634765625,0.357421875
1565,-0.953125,0.064453125,0.3583984375
1566,-0.955078125,0.068359375,0.3603515625
1567,-0.9482421875,0.0703125,0.3603515625
1568,-0.9482421875,0.0673828125,0.3642578125
1569,-0.9453125,0.0615234375,0.3623046875
1570,-0.9462890625,0.0654296875,0.3623046875
1571,-0.93359375,0.0615234375,0.3583984375
1572,-0.9326171875,0.064453125,0.3603515625
1573,-0.9326171875,0.0576171875,0.369140625
1574,-0.9345703125,0.0478515625,0.3740234375
1575,-0.9375,0.048828125,0.376953125
1576,-0.9384765625,0.044921875,0.3759765625
1577,-0.9404296875,0.04296875,0.37109375
1578,-0.9404296875,0.044921875,0.3603515625
1579,-0.94921875,0.044921875,0.3544921875
1580,-0.9482421875,0.0439453125,0.3544921875
1581,-0.9462890625,0.052734375,0.35546875
1582,-0.94921875,0.052734375,0.353515625
1583,-0.953125,0.0517578125,0.34765625
1584,-0.955078125,0.052734375,0.357421875
1585,-0.95703125,0.0537109375,0.3544921875
1586,-0.9462890625,0.0556640625,0.3505859375
1587,-0.947265625,0.0517578125,0.3564453125
1588,-0.9462890625,0.05078125,0.3544921875
1589,-0.947265625,0.0498046875,0.3603515625
1590,-0.9501953125,0.052734375,0.3583984375
1591,-0.9453125,0.0400390625,0.3603515625
1592,-0.9462890625,0.041015625,0.3603515625
1593,-0.94921875,0.041015625,0.3583984375
1594,-0.9482421875,0.0361328125,0.36328125
1595,-0.9453125,0.0419921875,0.361328125
1596,-0.953125,0.0400390625,0.3623046875
1597,-0.947265625,0.0439453125,0.3662109375
1598,-0.9521484375,0.0439453125,0.369140625
1599,-0.951171875,0.0478515625,0.375
1600,-0.9501953125,0.0380859375,0.369140625
1601,-0.953125,0.041015625,0.361328125
1602,-0.9521484375,0.0419921875,0.3662109375
1603,-0.9501953125,0.046875,0.3623046875
1604,-0.94921875,0.0458984375,0.3623046875
1605,-0.9501953125,0.044921875,0.3662109375
1606,-0.9453125,0.046875,0.36328125
1607,-0.9326171875,0.052734375,0.3583984375
1608,-0.9384765625,0.05078125,0.3623046875
1609,-0.939453125,0.046875,0.36328125
1610,-0.9423828125,0.048828125,0.361328125
1611,-0.9375,0.046875,0.3583984375
1612,-0.94140625,0.04296875,0.3515625
1613,-0.9482421875,0.04296875,0.3544921875
1614,-0.943359375,0.044921875,0.36328125
1615,-0.943359375,0.0400390625,0.361328125
1616,-0.9384765625,0.046875,0.3671875
1617,-0.9365234375,0.0458984375,0.361328125
1618,-0.9345703125,0.0458984375,0.3681640625
1619,-0.9375,0.0458984375,0.3662109375
1620,-0.9404296875,0.046875,0.3662109375
1621,-0.9375,0.0390625,0.375
1622,-0.935546875,0.04296875,0.373046875
1623,-0.939453125,0.0458984375,0.3701171875
1624,-0.9404296875,0.044921875,0.3701171875
1625,-0.9384765625,0.041015625,0.3740234375
1626,-0.94921875,0.0439453125,0.369140625
1627,-0.947265625,0.0390625,0.3857421875
1628,-0.9521484375,0.044921875,0.3798828125
1629,-0.9482421875,0.0439453125,0.3779296875
1630,-0.947265625,0.041015625,0.3740234375
1631,-0.9482421875,0.0478515625,0.37109375
1632,-0.943359375,0.0478515625,0.3701171875
1633,-0.9423828125,0.041015625,0.3720703125
1634,-0.94140625,0.0517578125,0.37109375
1635,-0.9404296875,0.048828125,0.375
1636,-0.9375,0.044921875,0.369140625
1637,-0.9345703125,0.044921875,0.3671875
1638,-0.9375,0.048828125,0.3671875
1639,-0.943359375,0.0458984375,0.3681640625
1640,-0.939453125,0.0458984375,0.36328125
1641,-0.9384765625,0.04296875,0.3671875
1642,-0.94140625,0.0419921875,0.3642578125
1643,-0.9375,0.0400390625,0.3681640625
1644,-0.9443359375,0.0400390625,0.369140625
1645,-0.943359375,0.044921875,0.376953125
1646,-0.9453125,0.041015625,0.373046875
1647,-0.939453125,0.041015625,0.375
1648,-0.9365234375,0.0478515625,0.3798828125
1649,-0.9384765625,0.046875,0.3837890625
1650,-0.9453125,0.0458984375,0.380859375
1651,-0.943359375,0.0419921875,0.3876953125
1652,-0.9462890625,0.0400390625,0.38671875
1653,-0.9453125,0.041015625,0.3779296875
1654,-0.9453125,0.0400390625,0.3779296875
1655,-0.947265625,0.0361328125,0.3759765625
1656,-0.94921875,0.0419921875,0.3701171875
1657,-0.9453125,0.04296875,0.3681640625
1658,-0.9501953125,0.044921875,0.3671875
1659,-0.9482421875,0.0400390625,0.36328125
1660,-0.951171875,0.0439453125,0.3662109375
1661,-0.9453125,0.041015625,0.36328125
1662,-0.9462890625,0.044921875,0.3681640625
1663,-0.9453125,0.04296875,0.3740234375
1664,-0.9443359375,0.0380859375,0.369140625
1665,-0.9453125,0.044921875,0.3759765625
1666,-0.943359375,0.0400390625,0.384765625
1667,-0.94140625,0.0400390625,0.3896484375
1668,-0.939453125,0.0380859375,0.392578125
1669,-0.9384765625,0.0419921875,0.3916015625
1670,-0.9404296875,0.044921875,0.3837890625
1671,-0.9365234375,0.041015625,0.388671875
1672,-0.9326171875,0.041015625,0.3896484375
1673,-0.935546875,0.041015625,0.388671875
1674,-0.931640625,0.0400390625,0.37890625
1675,-0.9306640625,0.041015625,0.380859375
1676,-0.931640625,0.0380859375,0.3818359375
1677,-0.9306640625,0.041015625,0.3759765625
1678,-0.9345703125,0.041015625,0.376953125
1679,-0.9384765625,0.0458984375,0.37109375
1680,-0.931640625,0.0478515625,0.375
1681,-0.935546875,0.0478515625,0.37890625
1682,-0.93359375,0.0478515625,0.373046875
1683,-0.939453125,0.046875,0.37890625
1684,-0.9375,0.0458984375,0.37890625
1685,-0.94140625,0.037109375,0.3818359375
1686,-0.94140625,0.0498046875,0.38671875
1687,-0.9384765625,0.0458984375,0.380859375
1688,-0.9453125,0.0380859375,0.3779296875
1689,-0.9404296875,0.04296875,0.380859375
1690,-0.943359375,0.04296875,0.3876953125
1691,-0.943359375,0.0400390625,0.3857421875
1692,-0.943359375,0.0439453125,0.3828125
1693,-0.9423828125,0.0419921875,0.3916015625
1694,-0.94140625,0.0400390625,0.388671875
1695,-0.9384765625,0.03515625,0.388671875
1696,-0.9404296875,0.0390625,0.38671875
1697,-0.9384765625,0.0380859375,0.3837890625
1698,-0.93359375,0.0380859375,0.37890625
1699,-0.9423828125,0.0380859375,0.3828125
1700,-0.939453125,0.0390625,0.3759765625
1701,-0.93359375,0.0390625,0.380859375
1702,-0.939453125,0.037109375,0.376953125
1703,-0.9365234375,0.03515625,0.37890625
1704,-0.93359375,0.0390625,0.373046875
1705,-0.939453125,0.0390625,0.3759765625
1706,-0.9365234375,0.0400390625,0.376953125
1707,-0.9384765625,0.041015625,0.376953125
1708,-0.935546875,0.0380859375,0.373046875
1709,-0.9375,0.041015625,0.376953125
1710,-0.9404296875,0.0400390625,0.37109375
1711,-0.9365234375,0.04296875,0.3798828125
1712,-0.9345703125,0.04296875,0.37109375
1713,-0.935546875,0.03515625,0.373046875
1714,-0.939453125,0.0341796875,0.3818359375
1715,-0.9365234375,0.0390625,0.3759765625
1716,-0.9365234375,0.0380859375,0.3759765625
1717,-0.939453125,0.0361328125,0.3759765625
1718,-0.943359375,0.03125,0.3759765625
1719,-0.94140625,0.03515625,0.375
1720,-0.947265625,0.033203125,0.384765625
1721,-0.943359375,0.0361328125,0.3798828125
1722,-0.9423828125,0.03515625,0.3818359375
1723,-0.9443359375,0.0361328125,0.384765625
1724,-0.94140625,0.0361328125,0.3779296875
1725,-0.9453125,0.037109375,0.376953125
1726,-0.9443359375,0.03515625,0.375
1727,-0.9462890625,0.0361328125,0.3681640625
1728,-0.9462890625,0.0400390625,0.369140625
1729,-0.9482421875,0.0361328125,0.3662109375
1730,-0.9482421875,0.0390625,0.3720703125
1731,-0.951171875,0.0419921875,0.369140625
1732,-0.9482421875,0.0400390625,0.3701171875
1733,-0.9501953125,0.0390625,0.369140625
1734,-0.94140625,0.037109375,0.3876953125
1735,-0.9404296875,0.037109375,0.375
1736,-0.94140625,0.0419921875,0.3798828125
1737,-0.9404296875,0.0361328125,0.376953125
1738,-0.9365234375,0.0302734375,0.3837890625
1739,-0.9345703125,0.0302734375,0.3955078125
1740,-0.9375,0.029296875,0.384765625
1741,-0.9326171875,0.03515625,0.3896484375
1742,-0.9296875,0.0341796875,0.39453125
1743,-0.9345703125,0.0380859375,0.3798828125
1744,-0.93359375,0.0322265625,0.388671875
1745,-0.94140625,0.0341796875,0.3876953125
1746,-0.9423828125,0.0361328125,0.38671875
1747,-0.9423828125,0.0341796875,0.384765625
1748,-0.94140625,0.033203125,0.376953125
1749,-0.9443359375,0.033203125,0.37890625
1750,-0.943359375,0.03515625,0.376953125
1751,-0.9443359375,0.0341796875,0.376953125
1752,-0.939453125,0.0390625,0.37109375
1753,-0.9404296875,0.0390625,0.3671875
1754,-0.9404296875,0.037109375,0.3671875
1755,-0.943359375,0.0390625,0.376953125
1756,-0.9375,0.033203125,0.3681640625
1757,-0.943359375,0.03515625,0.3642578125
1758,-0.939453125,0.0400390625,0.37109375
1759,-0.9384765625,0.044921875,0.380859375
1760,-0.943359375,0.041015625,0.375
1761,-0.94140625,0.0380859375,0.37890625
1762,-0.9462890625,0.0439453125,0.3759765625
1763,-0.94140625,0.0400390625,0.373046875
1764,-0.9404296875,0.041015625,0.380859375
1765,-0.9423828125,0.0419921875,0.3857421875
1766,-0.9462890625,0.0390625,0.3720703125
1767,-0.9404296875,0.0419921875,0.3818359375
1768,-0.9443359375,0.0390625,0.373046875
1769,-0.9462890625,0.0380859375,0.37109375
1770,-0.9404296875,0.0400390625,0.3740234375
1771,-0.9384765625,0.0400390625,0.369140625
1772,-0.9404296875,0.0390625,0.373046875
1773,-0.9404296875,0.0419921875,0.3681640625
1774,-0.9375,0.0361328125,0.3662109375
1775,-0.9423828125,0.0380859375,0.365234375
1776,-0.9365234375,0.041015625,0.3642578125
1777,-0.9404296875,0.0390625,0.365234375
1778,-0.943359375,0.04296875,0.3720703125
1779,-0.9384765625,0.041015625,0.3740234375
1780,-0.939453125,0.0419921875,0.375
1781,-0.9365234375,0.04296875,0.3779296875
1782,-0.9384765625,0.04296875,0.388671875
1783,-0.94140625,0.0390625,0.3759765625
1784,-0.9375,0.04296875,0.3837890625
1785,-0.9375,0.0380859375,0.3837890625
1786,-0.94140625,0.037109375,0.3837890625
1787,-0.9443359375,0.037109375,0.3837890625
1788,-0.939453125,0.0380859375,0.373046875
1789,-0.9375,0.0380859375,0.380859375
1790,-0.9404296875,0.0341796875,0.376953125
1791,-0.9384765625,0.0361328125,0.3759765625
1792,-0.94140625,0.0361328125,0.3720703125
1793,-0.9404296875,0.03125,0.3681640625
1794,-0.94140625,0.033203125,0.37109375
1795,-0.94140625,0.0302734375,0.37109375
1796,-0.9404296875,0.0263671875,0.3701171875
1797,-0.9482421875,0.0302734375,0.36328125
1798,-0.9404296875,0.0380859375,0.3720703125
1799,-0.943359375,0.033203125,0.3759765625
1800,-0.939453125,0.03515625,0.37109375
1801,-0.939453125,0.0380859375,0.3701171875
1802,-0.9384765625,0.0439453125,0.375
1803,-0.9423828125,0.0400390625,0.373046875
1804,-0.9365234375,0.0341796875,0.373046875
1805,-0.9404296875,0.0390625,0.376953125
1806,-0.939453125,0.0322265625,0.369140625
1807,-0.9375,0.03515625,0.376953125
1808,-0.9404296875,0.03515625,0.3837890625
1809,-0.94140625,0.0390625,0.376953125
1810,-0.9365234375,0.03515625,0.3837890625
1811,-0.9404296875,0.037109375,0.3798828125
1812,-0.9423828125,0.0341796875,0.38671875
1813,-0.9384765625,0.0341796875,0.3828125
1814,-0.9404296875,0.0361328125,0.3798828125
1815,-0.9453125,0.02734375,0.3759765625
1816,-0.9404296875,0.033203125,0.375
1817,-0.9404296875,0.033203125,0.3779296875
1818,-0.94140625,0.033203125,0.3681640625
1819,-0.943359375,0.033203125,0.3671875
1820,-0.939453125,0.033203125,0.3671875
1821,-0.9404296875,0.033203125,0.369140625
1822,-0.9423828125,0.0361328125,0.3701171875
1823,-0.935546875,0.037109375,0.373046875
1824,-0.9453125,0.0341796875,0.3740234375
1825,-0.94140625,0.0322265625,0.37109375
1826,-0.9443359375,0.037109375,0.3681640625
1827,-0.9375,0.0380859375,0.3798828125
1828,-0.9443359375,0.0380859375,0.3779296875
1829,-0.939453125,0.0390625,0.37890625
1830,-0.939453125,0.0419921875,0.3779296875
1831,-0.943359375,0.0361328125,0.3798828125
1832,-0.9375,0.0341796875,0.3779296875
1833,-0.9443359375,0.033203125,0.3720703125
1834,-0.9443359375,0.033203125,0.380859375
1835,-0.9453125,0.037109375,0.3857421875
1836,-0.94140625,0.041015625,0.37890625
1837,-0.947265625,0.037109375,0.3798828125
1838,-0.9384765625,0.0341796875,0.373046875
1839,-0.94140625,0.03515625,0.3779296875
1840,-0.9443359375,0.0322265625,0.3701171875
1841,-0.9423828125,0.03125,0.3701171875
1842,-0.94140625,0.033203125,0.3759765625
1843,-0.9423828125,0.0390625,0.375
1844,-0.9384765625,0.0380859375,0.3779296875
1845,-0.9404296875,0.0380859375,0.3779296875
1846,-0.9404296875,0.0380859375,0.3798828125
1847,-0.94140625,0.037109375,0.3779296875
1848,-0.943359375,0.03515625,0.3837890625
1849,-0.939453125,0.03125,0.3828125
1850,-0.939453125,0.033203125,0.3837890625
1851,-0.94140625,0.0361328125,0.380859375
1852,-0.9365234375,0.033203125,0.375
1853,-0.939453125,0.0380859375,0.3818359375
1854,-0.93359375,0.0380859375,0.37890625
1855,-0.935546875,0.0380859375,0.369140625
1856,-0.939453125,0.03515625,0.3740234375
1857,-0.9384765625,0.0380859375,0.3779296875
1858,-0.9365234375,0.0390625,0.384765625
1859,-0.93359375,0.033203125,0.388671875
1860,-0.931640625,0.029296875,0.3798828125
1861,-0.9384765625,0.0322265625,0.388671875
1862,-0.9375,0.0341796875,0.3818359375
1863,-0.9375,0.029296875,0.380859375
1864,-0.9375,0.0263671875,0.380859375
1865,-0.94140625,0.0302734375,0.380859375
1866,-0.9453125,0.0263671875,0.384765625
1867,-0.9443359375,0.029296875,0.3701171875
1868,-0.9482421875,0.0283203125,0.375
1869,-0.943359375,0.03125,0.384765625
1870,-0.9482421875,0.029296875,0.3759765625
1871,-0.9482421875,0.0390625,0.369140625
1872,-0.9501953125,0.0322265625,0.3701171875
1873,-0.9541015625,0.0322265625,0.3759765625
1874,-0.951171875,0.037109375,0.3671875
1875,-0.9453125,0.03515625,0.3720703125
1876,-0.9462890625,0.0341796875,0.3720703125
1877,-0.9443359375,0.0380859375,0.375
1878,-0.94140625,0.0322265625,0.37890625
1879,-0.939453125,0.0341796875,0.38671875
1880,-0.9365234375,0.0341796875,0.3935546875
1881,-0.9365234375,0.0322265625,0.384765625
1882,-0.9326171875,0.033203125,0.3837890625
1883,-0.9345703125,0.0322265625,0.390625
1884,-0.9375,0.03515625,0.376953125
1885,-0.9365234375,0.03515625,0.390625
1886,-0.9365234375,0.0322265625,0.380859375
1887,-0.94140625,0.0341796875,0.380859375
1888,-0.94140625,0.033203125,0.3759765625
1889,-0.9453125,0.03125,0.375
1890,-0.9384765625,0.03515625,0.3779296875
1891,-0.9375,0.0361328125,0.373046875
1892,-0.9453125,0.0341796875,0.375
1893,-0.939453125,0.033203125,0.380859375
1894,-0.9384765625,0.03515625,0.3779296875
1895,-0.9326171875,0.0361328125,0.3720703125
1896,-0.9404296875,0.0390625,0.3798828125
1897,-0.9365234375,0.0390625,0.375
1898,-0.9326171875,0.0380859375,0.380859375
1899,-0.9345703125,0.03515625,0.3828125
1900,-0.93359375,0.0380859375,0.380859375
1901,-0.9345703125,0.033203125,0.380859375
1902,-0.935546875,0.0361328125,0.3876953125
1903,-0.935546875,0.0390625,0.3779296875
1904,-0.9365234375,0.03515625,0.3779296875
1905,-0.9384765625,0.041015625,0.37109375
1906,-0.9384765625,0.0400390625,0.373046875
1907,-0.939453125,0.0380859375,0.376953125
1908,-0.94140625,0.0390625,0.3798828125
1909,-0.9404296875,0.03515625,0.37109375
1910,-0.9375,0.0380859375,0.3828125
1911,-0.94140625,0.041015625,0.3828125
1912,-0.9375,0.0380859375,0.3818359375
1913,-0.943359375,0.0390625,0.3857421875
1914,-0.9404296875,0.0380859375,0.376953125
1915,-0.9384765625,0.0390625,0.3759765625
1916,-0.935546875,0.0380859375,0.380859375
1917,-0.9345703125,0.02734375,0.3828125
1918,-0.935546875,0.0322265625,0.384765625
1919,-0.93359375,0.0302734375,0.392578125
1920,-0.9404296875,0.03515625,0.3759765625
1921,-0.9365234375,0.0302734375,0.388671875
1922,-0.9404296875,0.03515625,0.3916015625
1923,-0.943359375,0.0361328125,0.390625
1924,-0.9375,0.0361328125,0.3984375
1925,-0.94140625,0.0322265625,0.39453125
1926,-0.9423828125,0.0341796875,0.392578125
1927,-0.94140625,0.037109375,0.392578125
1928,-0.935546875,0.0302734375,0.39453125
1929,-0.943359375,0.0361328125,0.3935546875
1930,-0.935546875,0.0302734375,0.3935546875
1931,-0.9453125,0.029296875,0.3857421875
1932,-0.9462890625,0.04296875,0.361328125
1933,-0.9453125,0.03515625,0.365234375
1934,-0.9482421875,0.0419921875,0.380859375
1935,-0.9375,0.0322265625,0.396484375
1936,-0.931640625,0.0224609375,0.41015625
1937,-0.927734375,0.0185546875,0.4091796875
1938,-0.9345703125,0.0205078125,0.396484375
1939,-0.9306640625,0.0283203125,0.3994140625
1940,-0.9375,0.0302734375,0.3828125
1941,-0.93359375,0.03125,0.384765625
1942,-0.931640625,0.0341796875,0.3896484375
1943,-0.9296875,0.033203125,0.376953125
1944,-0.9345703125,0.033203125,0.38671875
1945,-0.931640625,0.03515625,0.384765625
1946,-0.93359375,0.0361328125,0.3896484375
1947,-0.9375,0.0361328125,0.3935546875
1948,-0.9365234375,0.037109375,0.39453125
1949,-0.935546875,0.0380859375,0.39453125
1950,-0.9345703125,0.0390625,0.3916015625
1951,-0.9326171875,0.03515625,0.396484375
1952,-0.935546875,0.03125,0.39453125
1953,-0.9365234375,0.0341796875,0.400390625
1954,-0.9384765625,0.037109375,0.3916015625
1955,-0.9345703125,0.037109375,0.3935546875
1956,-0.935546875,0.03125,0.39453125
1957,-0.9365234375,0.0380859375,0.3935546875
1958,-0.9345703125,0.0380859375,0.3916015625
1959,-0.9423828125,0.0419921875,0.3916015625
1960,-0.939453125,0.0390625,0.3779296875
1961,-0.9404296875,0.0400390625,0.392578125
1962,-0.9384765625,0.033203125,0.3955078125
1963,-0.9365234375,0.0361328125,0.3974609375
1964,-0.9404296875,0.0322265625,0.392578125
1965,-0.9345703125,0.0341796875,0.40234375
1966,-0.9306640625,0.0302734375,0.4150390625
1967,-0.9248046875,0.0302734375,0.408203125
1968,-0.92578125,0.0244140625,0.4091796875
1969,-0.93359375,0.0302734375,0.400390625
1970,-0.923828125,0.029296875,0.3935546875
1971,-0.9287109375,0.0302734375,0.3935546875
1972,-0.927734375,0.0380859375,0.388671875
1973,-0.9326171875,0.0322265625,0.392578125
1974,-0.931640625,0.03515625,0.390625
1975,-0.9326171875,0.03515625,0.3974609375
1976,-0.939453125,0.0380859375,0.3974609375
1977,-0.93359375,0.0390625,0.400390625
1978,-0.9345703125,0.0390625,0.3974609375
1979,-0.931640625,0.0361328125,0.3955078125
1980,-0.93359375,0.037109375,0.3955078125
1981,-0.9326171875,0.03125,0.39453125
1982,-0.9306640625,0.0361328125,0.3974609375
1983,-0.931640625,0.03515625,0.39453125
1984,-0.939453125,0.03125,0.3994140625
1985,-0.9287109375,0.029296875,0.3984375
1986,-0.9365234375,0.0302734375,0.4013671875
1987,-0.9345703125,0.029296875,0.3974609375
1988,-0.9365234375,0.029296875,0.3896484375
1989,-0.9365234375,0.037109375,0.3955078125
1990,-0.9443359375,0.0400390625,0.392578125
1991,-0.943359375,0.03515625,0.3916015625
1992,-0.9375,0.0380859375,0.3857421875
1993,-0.9404296875,0.0400390625,0.3935546875
1994,-0.9306640625,0.0361328125,0.4072265625
1995,-0.9296875,0.029296875,0.4189453125
1996,-0.9306640625,0.025390625,0.4208984375
1997,-0.9267578125,0.03125,0.41796875
1998,-0.9267578125,0.0263671875,0.416015625
1999,-0.927734375,0.0263671875,0.4033203125
2000,-0.9228515625,0.0283203125,0.3984375
2001,-0.9248046875,0.03125,0.3974609375
2002,-0.9287109375,0.033203125,0.392578125
2003,-0.927734375,0.0263671875,0.3876953125
2004,-0.9287109375,0.029296875,0.3916015625
2005,-0.927734375,0.03515625,0.3955078125
2006,-0.927734375,0.033203125,0.396484375
2007,-0.9306640625,0.033203125,0.3896484375
2008,-0.9306640625,0.03515625,0.3984375
2009,-0.9375,0.0361328125,0.3955078125
2010,-0.9326171875,0.0361328125,0.3876953125
2011,-0.9306640625,0.0361328125,0.3955078125
2012,-0.93359375,0.03515625,0.3916015625
2013,-0.9306640625,0.03515625,0.396484375
2014,-0.935546875,0.033203125,0.396484375
2015,-0.93359375,0.0341796875,0.3974609375
2016,-0.9345703125,0.0361328125,0.3974609375
2017,-0.93359375,0.0341796875,0.3935546875
2018,-0.9375,0.037109375,0.3935546875
2019,-0.93359375,0.033203125,0.3984375
2020,-0.9296875,0.029296875,0.4013671875
2021,-0.9326171875,0.033203125,0.3994140625
2022,-0.9365234375,0.0322265625,0.4033203125
2023,-0.931640625,0.03125,0.4013671875
2024,-0.9345703125,0.03515625,0.396484375
2025,-0.931640625,0.0322265625,0.396484375
2026,-0.9296875,0.03125,0.3955078125
2027,-0.9345703125,0.0302734375,0.39453125
2028,-0.9365234375,0.029296875,0.3984375
2029,-0.935546875,0.033203125,0.3974609375
2030,-0.935546875,0.0322265625,0.396484375
2031,-0.9423828125,0.03515625,0.400390625
2032,-0.9423828125,0.029296875,0.396484375
2033,-0.9326171875,0.0302734375,0.3896484375
2034,-0.9375,0.0322265625,0.400390625
2035,-0.9404296875,0.03515625,0.3984375
2036,-0.9384765625,0.0361328125,0.392578125
2037,-0.939453125,0.0341796875,0.3837890625
2038,-0.939453125,0.0419921875,0.39453125
2039,-0.931640625,0.03515625,0.396484375
2040,-0.9326171875,0.0302734375,0.3984375
2041,-0.9306640625,0.0302734375,0.40234375
2042,-0.931640625,0.0361328125,0.4033203125
2043,-0.93359375,0.029296875,0.4033203125
2044,-0.9267578125,0.03125,0.400390625
2045,-0.9248046875,0.0283203125,0.4013671875
2046,-0.931640625,0.033203125,0.400390625
2047,-0.9296875,0.0361328125,0.3994140625
2048,-0.9345703125,0.0322265625,0.40234375
2049,-0.9296875,0.03515625,0.3994140625
2050,-0.9345703125,0.037109375,0.400390625
2051,-0.9375,0.0400390625,0.4033203125
2052,-0.9375,0.0390625,0.3974609375
2053,-0.931640625,0.033203125,0.3994140625
2054,-0.93359375,0.0322265625,0.40234375
2055,-0.935546875,0.033203125,0.4033203125
2056,-0.93359375,0.0361328125,0.4052734375
2057,-0.931640625,0.03515625,0.400390625
2058,-0.9326171875,0.029296875,0.3994140625
2059,-0.931640625,0.03125,0.3994140625
2060,-0.9296875,0.02734375,0.39453125
2061,-0.935546875,0.0302734375,0.392578125
2062,-0.9287109375,0.029296875,0.392578125
2063,-0.9306640625,0.0341796875,0.3935546875
2064,-0.9296875,0.0380859375,0.3955078125
2065,-0.9306640625,0.0361328125,0.3955078125
2066,-0.9326171875,0.0380859375,0.3896484375
2067,-0.93359375,0.03515625,0.40234375
2068,-0.9306640625,0.0419921875,0.3974609375
2069,-0.93359375,0.044921875,0.392578125
2070,-0.9287109375,0.0361328125,0.3984375
2071,-0.9326171875,0.0341796875,0.3994140625
2072,-0.9326171875,0.0390625,0.3974609375
2073,-0.9296875,0.03515625,0.400390625
2074,-0.9287109375,0.0380859375,0.3935546875
2075,-0.9287109375,0.037109375,0.3935546875
2076,-0.9306640625,0.037109375,0.3955078125
2077,-0.931640625,0.03515625,0.3955078125
2078,-0.9296875,0.0361328125,0.396484375
2079,-0.93359375,0.03515625,0.396484375
2080,-0.9287109375,0.0380859375,0.3896484375
2081,-0.931640625,0.0390625,0.3984375
2082,-0.935546875,0.0400390625,0.396484375
2083,-0.9365234375,0.0380859375,0.39453125
2084,-0.935546875,0.0361328125,0.4013671875
2085,-0.931640625,0.0419921875,0.40234375
2086,-0.9326171875,0.0400390625,0.3994140625
2087,-0.9345703125,0.0380859375,0.4013671875
2088,-0.935546875,0.041015625,0.40625
2089,-0.931640625,0.0380859375,0.404296875
2090,-0.927734375,0.04296875,0.40234375
2091,-0.9287109375,0.03515625,0.4052734375
2092,-0.9287109375,0.0361328125,0.4033203125
2093,-0.927734375,0.03515625,0.40234375
2094,-0.931640625,0.03515625,0.400390625
2095,-0.9306640625,0.0361328125,0.3994140625
2096,-0.9345703125,0.0390625,0.4033203125
2097,-0.931640625,0.0380859375,0.3994140625
2098,-0.9345703125,0.0390625,0.3955078125
2099,-0.931640625,0.0390625,0.396484375
2100,-0.9365234375,0.0361328125,0.3974609375
2101,-0.9375,0.0361328125,0.40234375
2102,-0.9345703125,0.037109375,0.3994140625
2103,-0.93359375,0.0419921875,0.404296875
2104,-0.9287109375,0.03515625,0.3984375
2105,-0.9287109375,0.0439453125,0.3994140625
2106,-0.9306640625,0.0341796875,0.4033203125
2107,-0.9287109375,0.0322265625,0.404296875
2108,-0.9287109375,0.037109375,0.400390625
2109,-0.9228515625,0.0322265625,0.404296875
2110,-0.9326171875,0.03515625,0.3994140625
2111,-0.9306640625,0.037109375,0.396484375
2112,-0.9345703125,0.0302734375,0.3955078125
2113,-0.9345703125,0.0380859375,0.390625
2114,-0.9306640625,0.0361328125,0.39453125
2115,-0.9296875,0.0341796875,0.392578125
2116,-0.93359375,0.0390625,0.3984375
2117,-0.927734375,0.03515625,0.39453125
2118,-0.9287109375,0.0380859375,0.3935546875
2119,-0.927734375,0.037109375,0.3955078125
2120,-0.9326171875,0.0341796875,0.3935546875
2121,-0.927734375,0.037109375,0.392578125
2122,-0.92578125,0.0361328125,0.396484375
2123,-0.92578125,0.03515625,0.3955078125
2124,-0.9296875,0.029296875,0.396484375
2125,-0.9287109375,0.033203125,0.39453125
2126,-0.9267578125,0.0302734375,0.3984375
2127,-0.9365234375,0.0283203125,0.3974609375
2128,-0.9306640625,0.0322265625,0.4033203125
2129,-0.93359375,0.033203125,0.400390625
2130,-0.935546875,0.037109375,0.4033203125
2131,-0.9365234375,0.0302734375,0.40234375
2132,-0.935546875,0.029296875,0.40234375
2133,-0.9423828125,0.02734375,0.3984375
2134,-0.93359375,0.0322265625,0.4052734375
2135,-0.9365234375,0.0302734375,0.4072265625
2136,-0.9375,0.03125,0.4052734375
2137,-0.9345703125,0.0302734375,0.3994140625
2138,-0.94140625,0.03125,0.3984375
2139,-0.93359375,0.029296875,0.400390625
2140,-0.9345703125,0.0341796875,0.392578125
2141,-0.9384765625,0.0390625,0.39453125
2142,-0.93359375,0.0380859375,0.3935546875
2143,-0.935546875,0.0400390625,0.396484375
2144,-0.931640625,0.0478515625,0.39453125
2145,-0.9326171875,0.044921875,0.3955078125
2146,-0.9375,0.048828125,0.400390625
2147,-0.9296875,0.0390625,0.3994140625
2148,-0.9306640625,0.0380859375,0.3935546875
2149,-0.9296875,0.0458984375,0.39453125
2150,-0.9287109375,0.0478515625,0.400390625
2151,-0.927734375,0.0400390625,0.3994140625
2152,-0.9306640625,0.0341796875,0.3984375
2153,-0.923828125,0.0361328125,0.4033203125
2154,-0.921875,0.0322265625,0.4033203125
2155,-0.9248046875,0.03515625,0.40625
2156,-0.9267578125,0.04296875,0.4033203125
2157,-0.9296875,0.0361328125,0.40625
2158,-0.9287109375,0.0390625,0.4013671875
2159,-0.9326171875,0.0390625,0.40234375
2160,-0.9365234375,0.0361328125,0.3955078125
2161,-0.9384765625,0.0380859375,0.3994140625
2162,-0.939453125,0.0361328125,0.392578125
2163,-0.94140625,0.0390625,0.39453125
2164,-0.9365234375,0.0380859375,0.3955078125
2165,-0.9365234375,0.0390625,0.3935546875
2166,-0.9404296875,0.0380859375,0.3935546875
2167,-0.9375,0.0390625,0.392578125
2168,-0.9345703125,0.037109375,0.3935546875
2169,-0.9326171875,0.0361328125,0.396484375
2170,-0.931640625,0.037109375,0.396484375
2171,-0.9365234375,0.03125,0.404296875
2172,-0.9306640625,0.0380859375,0.4052734375
2173,-0.9287109375,0.033203125,0.4033203125
2174,-0.9287109375,0.025390625,0.4072265625
2175,-0.9326171875,0.0302734375,0.412109375
2176,-0.9287109375,0.0322265625,0.4052734375
2177,-0.92578125,0.0302734375,0.4052734375
2178,-0.9345703125,0.02734375,0.404296875
2179,-0.931640625,0.029296875,0.400390625
2180,-0.935546875,0.0263671875,0.40625
2181,-0.93359375,0.025390625,0.3994140625
2182,-0.927734375,0.0322265625,0.3974609375
2183,-0.9365234375,0.02734375,0.396484375
2184,-0.9375,0.0283203125,0.392578125
2185,-0.935546875,0.02734375,0.3935546875
2186,-0.93359375,0.0322265625,0.388671875
2187,-0.9365234375,0.0361328125,0.390625
2188,-0.9345703125,0.0361328125,0.3984375
2189,-0.931640625,0.0361328125,0.396484375
2190,-0.931640625,0.0390625,0.3984375
2191,-0.9296875,0.0341796875,0.3955078125
2192,-0.927734375,0.033203125,0.3974609375
2193,-0.9287109375,0.0361328125,0.3984375
2194,-0.9306640625,0.0361328125,0.400390625
2195,-0.9326171875,0.0322265625,0.4013671875
2196,-0.9296875,0.03125,0.40234375
2197,-0.9267578125,0.0341796875,0.400390625
2198,-0.9287109375,0.0283203125,0.3984375
2199,-0.935546875,0.0322265625,0.404296875
2200,-0.9287109375,0.03125,0.408203125
2201,-0.93359375,0.0302734375,0.4013671875
2202,-0.9326171875,0.0283203125,0.4091796875
2203,-0.931640625,0.033203125,0.3974609375
2204,-0.9345703125,0.0322265625,0.4013671875
2205,-0.9345703125,0.03125,0.3984375
2206,-0.9365234375,0.0322265625,0.3984375
2207,-0.93359375,0.033203125,0.3974609375
2208,-0.9345703125,0.0302734375,0.396484375
2209,-0.9306640625,0.0341796875,0.396484375
2210,-0.9345703125,0.03125,0.3974609375
2211,-0.9296875,0.029296875,0.396484375
2212,-0.93359375,0.0283203125,0.3896484375
2213,-0.9384765625,0.02734375,0.3955078125
2214,-0.9365234375,0.037109375,0.396484375
2215,-0.9384765625,0.0361328125,0.388671875
2216,-0.943359375,0.0341796875,0.3955078125
2217,-0.9375,0.0302734375,0.3974609375
2218,-0.935546875,0.0400390625,0.392578125
2219,-0.93359375,0.041015625,0.39453125
2220,-0.9296875,0.033203125,0.3935546875
2221,-0.9296875,0.037109375,0.3955078125
2222,-0.9296875,0.037109375,0.392578125
2223,-0.9267578125,0.0390625,0.3955078125
2224,-0.927734375,0.037109375,0.3857421875
2225,-0.9296875,0.0361328125,0.3916015625
2226,-0.9326171875,0.0341796875,0.392578125
2227,-0.93359375,0.0341796875,0.390625
2228,-0.94140625,0.0322265625,0.38671875
2229,-0.9365234375,0.0322265625,0.396484375
2230,-0.9404296875,0.03515625,0.39453125
2231,-0.9404296875,0.033203125,0.3955078125
2232,-0.939453125,0.0302734375,0.392578125
2233,-0.94140625,0.0322265625,0.400390625
2234,-0.9375,0.03125,0.3984375
2235,-0.9375,0.03515625,0.400390625
2236,-0.943359375,0.0322265625,0.3974609375
2237,-0.9375,0.02734375,0.404296875
2238,-0.9384765625,0.0224609375,0.39453125
2239,-0.9375,0.0263671875,0.3984375
2240,-0.9375,0.0244140625,0.396484375
2241,-0.9306640625,0.02734375,0.3974609375
2242,-0.9326171875,0.03125,0.39453125
2243,-0.9365234375,0.0283203125,0.400390625
2244,-0.9345703125,0.02734375,0.3974609375
2245,-0.9384765625,0.02734375,0.400390625
2246,-0.935546875,0.029296875,0.3994140625
2247,-0.939453125,0.0283203125,0.396484375
2248,-0.9375,0.0263671875,0.396484375
2249,-0.9296875,0.02734375,0.40234375
2250,-0.9296875,0.02734375,0.3984375
2251,-0.9345703125,0.02734375,0.4052734375
2252,-0.92578125,0.0302734375,0.4033203125
2253,-0.9296875,0.0341796875,0.3984375
2254,-0.935546875,0.02734375,0.4013671875
2255,-0.931640625,0.029296875,0.3984375
2256,-0.927734375,0.0263671875,0.3984375
2257,-0.93359375,0.0283203125,0.3994140625
2258,-0.9375,0.0234375,0.3984375
2259,-0.9306640625,0.025390625,0.3994140625
2260,-0.93359375,0.03125,0.3955078125
2261,-0.9345703125,0.0244140625,0.3994140625
2262,-0.9384765625,0.0302734375,0.3935546875
2263,-0.9287109375,0.0302734375,0.396484375
2264,-0.93359375,0.0283203125,0.39453125
2265,-0.93359375,0.0283203125,0.3916015625
2266,-0.9306640625,0.02734375,0.3974609375
2267,-0.9345703125,0.0283203125,0.3955078125
2268,-0.9306640625,0.0322265625,0.3916015625
2269,-0.931640625,0.0341796875,0.3828125
2270,-0.935546875,0.0341796875,0.392578125
2271,-0.9326171875,0.0322265625,0.396484375
2272,-0.9296875,0.03515625,0.3974609375
2273,-0.9306640625,0.033203125,0.3984375
2274,-0.9287109375,0.037109375,0.4013671875
2275,-0.935546875,0.0361328125,0.4013671875
2276,-0.9306640625,0.0302734375,0.4013671875
2277,-0.9306640625,0.0341796875,0.3984375
2278,-0.9326171875,0.0390625,0.4033203125
2279,-0.9296875,0.03515625,0.4091796875
2280,-0.9365234375,0.0341796875,0.40625
2281,-0.9306640625,0.0302734375,0.3984375
2282,-0.939453125,0.0322265625,0.396484375
2283,-0.931640625,0.033203125,0.3916015625
2284,-0.935546875,0.0341796875,0.3935546875
2285,-0.931640625,0.0341796875,0.3974609375
2286,-0.9267578125,0.03515625,0.3974609375
2287,-0.93359375,0.03125,0.3974609375
2288,-0.9296875,0.037109375,0.396484375
2289,-0.9296875,0.033203125,0.3974609375
2290,-0.931640625,0.033203125,0.3974609375
2291,-0.9248046875,0.0283203125,0.3994140625
2292,-0.927734375,0.025390625,0.396484375
2293,-0.9296875,0.0322265625,0.400390625
2294,-0.931640625,0.02734375,0.3955078125
2295,-0.9306640625,0.0244140625,0.3955078125
2296,-0.9296875,0.0234375,0.3974609375
2297,-0.9306640625,0.0302734375,0.3916015625
2298,-0.9326171875,0.0244140625,0.3935546875
2299,-0.93359375,0.025390625,0.396484375
2300,-0.93359375,0.02734375,0.392578125
2301,-0.935546875,0.0224609375,0.3935546875
2302,-0.9365234375,0.0244140625,0.3857421875
2303,-0.9365234375,0.025390625,0.390625
2304,-0.935546875,0.025390625,0.375
2305,-0.9443359375,0.0234375,0.37890625
2306,-0.9384765625,0.0205078125,0.3740234375
2307,-0.9404296875,0.02734375,0.388671875
2308,-0.939453125,0.02734375,0.38671875
2309,-0.9423828125,0.0244140625,0.3876953125
2310,-0.9404296875,0.0224609375,0.390625
2311,-0.9384765625,0.0234375,0.3935546875
2312,-0.9384765625,0.0244140625,0.3935546875
2313,-0.9404296875,0.021484375,0.39453125
2314,-0.9345703125,0.0244140625,0.3984375
2315,-0.931640625,0.0283203125,0.396484375
2316,-0.927734375,0.0234375,0.400390625
2317,-0.931640625,0.017578125,0.4013671875
2318,-0.9306640625,0.021484375,0.39453125
2319,-0.923828125,0.021484375,0.400390625
2320,-0.9267578125,0.0185546875,0.400390625
2321,-0.9296875,0.015625,0.3955078125
2322,-0.9296875,0.0146484375,0.3916015625
2323,-0.9345703125,0.0185546875,0.3994140625
2324,-0.9404296875,0.0146484375,0.396484375
2325,-0.9375,0.0205078125,0.392578125
2326,-0.9345703125,0.01953125,0.3916015625
2327,-0.9423828125,0.0224609375,0.39453125
2328,-0.9443359375,0.0224609375,0.3837890625
2329,-0.94140625,0.0185546875,0.388671875
2330,-0.94140625,0.0234375,0.3857421875
2331,-0.94140625,0.0283203125,0.3857421875
2332,-0.9443359375,0.01953125,0.388671875
2333,-0.9384765625,0.03125,0.3935546875
2334,-0.9384765625,0.0283203125,0.3857421875
2335,-0.939453125,0.029296875,0.388671875
2336,-0.9384765625,0.02734375,0.390625
2337,-0.9375,0.02734375,0.396484375
2338,-0.9345703125,0.0263671875,0.3916015625
2339,-0.931640625,0.033203125,0.3974609375
2340,-0.9375,0.0361328125,0.39453125
2341,-0.935546875,0.033203125,0.3984375
2342,-0.93359375,0.0361328125,0.3984375
2343,-0.931640625,0.0341796875,0.396484375
2344,-0.9296875,0.0380859375,0.3974609375
2345,-0.9326171875,0.0400390625,0.3974609375
2346,-0.9287109375,0.0341796875,0.3955078125
2347,-0.9306640625,0.033203125,0.3955078125
2348,-0.9326171875,0.0380859375,0.3994140625
2349,-0.9345703125,0.0341796875,0.39453125
2350,-0.9326171875,0.0341796875,0.3994140625
2351,-0.931640625,0.033203125,0.3994140625
2352,-0.9345703125,0.0341796875,0.400390625
2353,-0.9267578125,0.0341796875,0.39453125
2354,-0.9345703125,0.0302734375,0.3916015625
2355,-0.931640625,0.0302734375,0.396484375
2356,-0.931640625,0.03515625,0.396484375
2357,-0.935546875,0.0341796875,0.3955078125
2358,-0.9296875,0.0322265625,0.3974609375
2359,-0.931640625,0.033203125,0.400390625
2360,-0.9384765625,0.0341796875,0.3994140625
2361,-0.9365234375,0.0302734375,0.4013671875
2362,-0.9326171875,0.033203125,0.404296875
2363,-0.9345703125,0.0322265625,0.40234375
2364,-0.93359375,0.03125,0.400390625
2365,-0.9287109375,0.029296875,0.3955078125
2366,-0.931640625,0.029296875,0.404296875
2367,-0.9248046875,0.03125,0.400390625
2368,-0.9306640625,0.0302734375,0.40234375
2369,-0.927734375,0.0283203125,0.4013671875
2370,-0.9287109375,0.0302734375,0.3984375
2371,-0.927734375,0.0341796875,0.3974609375
2372,-0.9287109375,0.033203125,0.40234375
2373,-0.9267578125,0.0283203125,0.4013671875
2374,-0.931640625,0.0283203125,0.3994140625
2375,-0.935546875,0.0302734375,0.3994140625
2376,-0.93359375,0.037109375,0.3994140625
2377,-0.935546875,0.0322265625,0.404296875
2378,-0.9287109375,0.0380859375,0.4033203125
2379,-0.931640625,0.0302734375,0.4013671875
2380,-0.931640625,0.0361328125,0.4052734375
2381,-0.931640625,0.02734375,0.4052734375
2382,-0.9306640625,0.033203125,0.404296875
2383,-0.9208984375,0.03515625,0.4052734375
2384,-0.923828125,0.0302734375,0.4169921875
2385,-0.9296875,0.03125,0.4052734375
2386,-0.919921875,0.0263671875,0.41015625
2387,-0.9189453125,0.03125,0.412109375
2388,-0.919921875,0.0263671875,0.4150390625
2389,-0.9228515625,0.0263671875,0.416015625
2390,-0.919921875,0.0244140625,0.4111328125
2391,-0.9228515625,0.0244140625,0.4140625
2392,-0.921875,0.0283203125,0.4169921875
2393,-0.923828125,0.0244140625,0.4140625
2394,-0.927734375,0.0283203125,0.4091796875
2395,-0.9296875,0.0244140625,0.4140625
2396,-0.9287109375,0.0283203125,0.41015625
2397,-0.9248046875,0.025390625,0.4072265625
2398,-0.9296875,0.02734375,0.4072265625
2399,-0.9296875,0.0302734375,0.4072265625
2400,-0.9296875,0.025390625,0.4033203125
2401,-0.9326171875,0.0244140625,0.4052734375
2402,-0.9296875,0.03125,0.412109375
2403,-0.9267578125,0.03125,0.408203125
2404,-0.9287109375,0.029296875,0.41015625
2405,-0.931640625,0.03125,0.4072265625
2406,-0.9306640625,0.0283203125,0.40625
2407,-0.9267578125,0.0283203125,0.4072265625
2408,-0.927734375,0.0322265625,0.4111328125
2409,-0.927734375,0.02734375,0.408203125
2410,-0.9287109375,0.02734375,0.408203125
2411,-0.927734375,0.029296875,0.4072265625
2412,-0.9296875,0.03515625,0.40234375
2413,-0.9287109375,0.0283203125,0.41015625
2414,-0.931640625,0.0302734375,0.408203125
2415,-0.9296875,0.029296875,0.4091796875
2416,-0.9306640625,0.0302734375,0.4033203125
2417,-0.9326171875,0.029296875,0.4033203125
2418,-0.931640625,0.0322265625,0.4111328125
2419,-0.9326171875,0.03125,0.40625
2420,-0.9306640625,0.02734375,0.404296875
2421,-0.9306640625,0.029296875,0.4111328125
2422,-0.9248046875,0.02734375,0.4150390625
2423,-0.9296875,0.02734375,0.4150390625
2424,-0.9267578125,0.025390625,0.4140625
2425,-0.9326171875,0.0283203125,0.4091796875
2426,-0.9267578125,0.0302734375,0.4169921875
2427,-0.927734375,0.02734375,0.41796875
2428,-0.9296875,0.0244140625,0.4169921875
2429,-0.927734375,0.0263671875,0.4150390625
2430,-0.92578125,0.029296875,0.41796875
2431,-0.9248046875,0.0263671875,0.4208984375
2432,-0.923828125,0.02734375,0.4150390625
2433,-0.921875,0.0263671875,0.4130859375
2434,-0.9169921875,0.0322265625,0.416015625
2435,-0.921875,0.0302734375,0.4072265625
2436,-0.919921875,0.0283203125,0.40625
2437,-0.9228515625,0.02734375,0.412109375
2438,-0.923828125,0.025390625,0.4130859375
2439,-0.9228515625,0.0244140625,0.4033203125
2440,-0.9228515625,0.0302734375,0.4091796875
2441,-0.9267578125,0.0283203125,0.3974609375
2442,-0.9296875,0.029296875,0.41015625
2443,-0.9287109375,0.0263671875,0.3994140625
2444,-0.9306640625,0.0302734375,0.3994140625
2445,-0.9248046875,0.03125,0.40234375
2446,-0.93359375,0.037109375,0.4033203125
2447,-0.9306640625,0.0322265625,0.3994140625
2448,-0.9345703125,0.0322265625,0.4072265625
2449,-0.9287109375,0.0302734375,0.4052734375
2450,-0.9296875,0.0341796875,0.408203125
2451,-0.9296875,0.03515625,0.4140625
2452,-0.927734375,0.0341796875,0.412109375
2453,-0.93359375,0.033203125,0.41796875
2454,-0.931640625,0.0322265625,0.421875
2455,-0.9248046875,0.025390625,0.41015625
2456,-0.927734375,0.029296875,0.4189453125
2457,-0.919921875,0.0302734375,0.4208984375
2458,-0.92578125,0.0224609375,0.4150390625
2459,-0.9228515625,0.0263671875,0.4189453125
2460,-0.9228515625,0.0283203125,0.4208984375
2461,-0.923828125,0.0283203125,0.423828125
2462,-0.9208984375,0.02734375,0.41796875
2463,-0.923828125,0.029296875,0.4130859375
2464,-0.927734375,0.03125,0.4140625
2465,-0.9228515625,0.029296875,0.4140625
2466,-0.9267578125,0.0322265625,0.4150390625
2467,-0.9267578125,0.0263671875,0.4140625
2468,-0.923828125,0.03125,0.4140625
2469,-0.9287109375,0.0341796875,0.4150390625
2470,-0.9267578125,0.0263671875,0.4169921875
2471,-0.927734375,0.03125,0.4189453125
2472,-0.927734375,0.02734375,0.41796875
2473,-0.927734375,0.037109375,0.421875
2474,-0.9248046875,0.02734375,0.4169921875
2475,-0.9287109375,0.0302734375,0.4169921875
2476,-0.92578125,0.029296875,0.412109375
2477,-0.927734375,0.033203125,0.41796875
2478,-0.9228515625,0.033203125,0.4169921875
2479,-0.9228515625,0.0302734375,0.4169921875
2480,-0.9228515625,0.02734375,0.412109375
2481,-0.9208984375,0.0341796875,0.41796875
2482,-0.919921875,0.0322265625,0.4150390625
2483,-0.923828125,0.029296875,0.4189453125
2484,-0.923828125,0.0302734375,0.4169921875
2485,-0.9248046875,0.0341796875,0.4140625
2486,-0.92578125,0.025390625,0.4208984375
2487,-0.923828125,0.0322265625,0.416015625
2488,-0.9189453125,0.0283203125,0.4169921875
2489,-0.921875,0.0322265625,0.4228515625
2490,-0.916015625,0.0322265625,0.4208984375
2491,-0.921875,0.033203125,0.4140625
2492,-0.9228515625,0.033203125,0.4228515625
2493,-0.9267578125,0.0283203125,0.416015625
2494,-0.919921875,0.0361328125,0.4130859375
2495,-0.92578125,0.033203125,0.416015625
2496,-0.9248046875,0.025390625,0.416015625
2497,-0.927734375,0.0263671875,0.4169921875
2498,-0.9189453125,0.0341796875,0.4208984375
2499,-0.9228515625,0.03515625,0.4189453125
2500,-0.92578125,0.0322265625,0.4208984375
2501,-0.931640625,0.0341796875,0.4228515625
2502,-0.9228515625,0.033203125,0.4228515625
2503,-0.921875,0.033203125,0.4208984375
2504,-0.927734375,0.03515625,0.4228515625
2505,-0.923828125,0.0341796875,0.4248046875
2506,-0.9267578125,0.0283203125,0.4228515625
2507,-0.9228515625,0.03125,0.4150390625
2508,-0.923828125,0.0283203125,0.4189453125
2509,-0.919921875,0.0302734375,0.4228515625
2510,-0.921875,0.0244140625,0.42578125
2511,-0.9169921875,0.0244140625,0.41796875
2512,-0.9189453125,0.0224609375,0.419921875
2513,-0.9208984375,0.0263671875,0.4208984375
2514,-0.9189453125,0.0263671875,0.40625
2515,-0.9189453125,0.03125,0.4140625
2516,-0.921875,0.0263671875,0.4140625
2517,-0.919921875,0.03125,0.4150390625
2518,-0.923828125,0.03125,0.412109375
2519,-0.923828125,0.033203125,0.4150390625
2520,-0.9248046875,0.03515625,0.41796875
2521,-0.927734375,0.0302734375,0.4208984375
2522,-0.9228515625,0.0283203125,0.4189453125
2523,-0.927734375,0.0302734375,0.419921875
2524,-0.923828125,0.0322265625,0.4150390625
2525,-0.9208984375,0.033203125,0.4228515625
2526,-0.9228515625,0.029296875,0.423828125
2527,-0.921875,0.029296875,0.421875
2528,-0.919921875,0.0302734375,0.423828125
2529,-0.9228515625,0.029296875,0.42578125
2530,-0.927734375,0.033203125,0.4306640625
2531,-0.9228515625,0.03125,0.4189453125
2532,-0.9208984375,0.03125,0.4228515625
2533,-0.919921875,0.03125,0.4130859375
2534,-0.9248046875,0.02734375,0.4130859375
2535,-0.9208984375,0.029296875,0.4208984375
2536,-0.9248046875,0.033203125,0.4189453125
2537,-0.92578125,0.0322265625,0.4169921875
2538,-0.919921875,0.03125,0.4208984375
2539,-0.9208984375,0.0322265625,0.412109375
2540,-0.9208984375,0.0283203125,0.4208984375
2541,-0.923828125,0.0263671875,0.419921875
2542,-0.9248046875,0.02734375,0.4248046875
2543,-0.919921875,0.03125,0.4228515625
2544,-0.9248046875,0.03125,0.4169921875
2545,-0.9228515625,0.029296875,0.419921875
2546,-0.921875,0.0283203125,0.4091796875
2547,-0.9228515625,0.029296875,0.41796875
2548,-0.9248046875,0.03125,0.4169921875
2549,-0.9189453125,0.029296875,0.4189453125
2550,-0.9248046875,0.0322265625,0.421875
2551,-0.921875,0.03515625,0.41796875
2552,-0.9228515625,0.025390625,0.421875
2553,-0.9208984375,0.033203125,0.4150390625
2554,-0.9248046875,0.03125,0.4189453125
2555,-0.927734375,0.02734375,0.419921875
2556,-0.9228515625,0.029296875,0.4208984375
2557,-0.9228515625,0.029296875,0.419921875
2558,-0.9267578125,0.0302734375,0.4228515625
2559,-0.921875,0.0302734375,0.4189453125
2560,-0.9267578125,0.03125,0.41796875
2561,-0.923828125,0.0263671875,0.416015625
2562,-0.9267578125,0.0283203125,0.41796875
2563,-0.9248046875,0.0302734375,0.4150390625
2564,-0.9208984375,0.0302734375,0.423828125
2565,-0.9228515625,0.033203125,0.419921875
2566,-0.9287109375,0.0361328125,0.4189453125
2567,-0.9267578125,0.033203125,0.4208984375
2568,-0.9248046875,0.0341796875,0.42578125
2569,-0.927734375,0.0283203125,0.4208984375
2570,-0.9228515625,0.0283203125,0.4248046875
2571,-0.92578125,0.0302734375,0.4189453125
2572,-0.9248046875,0.03515625,0.4169921875
2573,-0.927734375,0.0361328125,0.4287109375
2574,-0.9306640625,0.0341796875,0.421875
2575,-0.9296875,0.03125,0.4208984375
2576,-0.9248046875,0.0322265625,0.423828125
2577,-0.92578125,0.0302734375,0.4189453125
2578,-0.927734375,0.0322265625,0.419921875
2579,-0.9267578125,0.029296875,0.4189453125
2580,-0.916015625,0.0263671875,0.419921875
2581,-0.916015625,0.0302734375,0.423828125
2582,-0.916015625,0.0302734375,0.4130859375
2583,-0.9189453125,0.0244140625,0.4169921875
2584,-0.916015625,0.025390625,0.4189453125
2585,-0.9140625,0.0283203125,0.419921875
2586,-0.91796875,0.029296875,0.4111328125
2587,-0.9140625,0.03125,0.4150390625
2588,-0.921875,0.0283203125,0.41015625
2589,-0.91796875,0.0234375,0.41796875
2590,-0.9228515625,0.029296875,0.4189453125
2591,-0.916015625,0.0283203125,0.419921875
2592,-0.9208984375,0.0263671875,0.419921875
2593,-0.9228515625,0.0283203125,0.41796875
2594,-0.9267578125,0.0322265625,0.4189453125
2595,-0.9267578125,0.0283203125,0.419921875
2596,-0.9228515625,0.0322265625,0.4140625
2597,-0.92578125,0.0322265625,0.41796875
2598,-0.9306640625,0.0302734375,0.41796875
2599,-0.9326171875,0.03125,0.4140625
2600,-0.9326171875,0.0283203125,0.4208984375
2601,-0.92578125,0.02734375,0.4140625
2602,-0.9287109375,0.0322265625,0.4208984375
2603,-0.931640625,0.037109375,0.4189453125
2604,-0.92578125,0.0390625,0.41015625
2605,-0.927734375,0.03515625,0.4111328125
2606,-0.9296875,0.0341796875,0.4111328125
2607,-0.9228515625,0.0341796875,0.4140625
2608,-0.9228515625,0.0341796875,0.41796875
2609,-0.9189453125,0.0302734375,0.4189453125
2610,-0.921875,0.033203125,0.4150390625
2611,-0.927734375,0.0302734375,0.419921875
2612,-0.9208984375,0.0322265625,0.4169921875
2613,-0.9189453125,0.0283203125,0.416015625
2614,-0.9228515625,0.0302734375,0.4189453125
2615,-0.9248046875,0.0283203125,0.4189453125
2616,-0.9248046875,0.03125,0.4111328125
2617,-0.9326171875,0.03125,0.416015625
2618,-0.92578125,0.0341796875,0.4130859375
2619,-0.9296875,0.0341796875,0.4169921875
2620,-0.92578125,0.0302734375,0.4130859375
2621,-0.927734375,0.029296875,0.4189453125
2622,-0.9267578125,0.0322265625,0.408203125
2623,-0.9267578125,0.0283203125,0.4140625
2624,-0.9326171875,0.0322265625,0.4150390625
2625,-0.9267578125,0.033203125,0.416015625
2626,-0.923828125,0.0361328125,0.41015625
2627,-0.923828125,0.0283203125,0.4130859375
2628,-0.9228515625,0.03515625,0.4150390625
2629,-0.927734375,0.033203125,0.4169921875
2630,-0.92578125,0.03515625,0.4140625
2631,-0.923828125,0.037109375,0.4140625
2632,-0.923828125,0.037109375,0.4169921875
2633,-0.92578125,0.0380859375,0.41796875
2634,-0.9208984375,0.03515625,0.412109375
2635,-0.9228515625,0.037109375,0.41796875
2636,-0.9228515625,0.03515625,0.416015625
2637,-0.923828125,0.0322265625,0.41796875
2638,-0.923828125,0.033203125,0.41796875
2639,-0.91796875,0.0361328125,0.4140625
2640,-0.9150390625,0.033203125,0.4130859375
2641,-0.921875,0.037109375,0.421875
2642,-0.921875,0.0341796875,0.4111328125
2643,-0.92578125,0.033203125,0.4169921875
2644,-0.9228515625,0.0322265625,0.4169921875
2645,-0.927734375,0.02734375,0.4228515625
2646,-0.923828125,0.029296875,0.4150390625
2647,-0.9228515625,0.0302734375,0.4169921875
2648,-0.9287109375,0.02734375,0.4248046875
2649,-0.9228515625,0.03125,0.4208984375
2650,-0.9296875,0.0341796875,0.41796875
2651,-0.9267578125,0.03515625,0.421875
2652,-0.9296875,0.033203125,0.4169921875
2653,-0.9267578125,0.033203125,0.419921875
2654,-0.9287109375,0.0322265625,0.41796875
2655,-0.92578125,0.03125,0.4169921875
2656,-0.9248046875,0.0302734375,0.4169921875
2657,-0.923828125,0.03125,0.4169921875
2658,-0.9208984375,0.0302734375,0.4140625
2659,-0.9248046875,0.025390625,0.4130859375
2660,-0.9248046875,0.033203125,0.419921875
2661,-0.919921875,0.03515625,0.4228515625
2662,-0.923828125,0.029296875,0.4130859375
2663,-0.9267578125,0.029296875,0.416015625
2664,-0.9267578125,0.029296875,0.4140625
2665,-0.923828125,0.03125,0.41015625
2666,-0.9267578125,0.0263671875,0.4140625
2667,-0.9208984375,0.0283203125,0.41796875
2668,-0.9267578125,0.03125,0.4189453125
2669,-0.923828125,0.0302734375,0.423828125
2670,-0.9267578125,0.0302734375,0.419921875
2671,-0.923828125,0.0322265625,0.421875
2672,-0.9248046875,0.03125,0.4248046875
2673,-0.927734375,0.0302734375,0.4208984375
2674,-0.927734375,0.0263671875,0.4130859375
2675,-0.9248046875,0.033203125,0.412109375
2676,-0.92578125,0.029296875,0.4150390625
2677,-0.921875,0.0302734375,0.4130859375
2678,-0.92578125,0.0302734375,0.41796875
2679,-0.9228515625,0.0283203125,0.4150390625
2680,-0.92578125,0.0380859375,0.4140625
2681,-0.921875,0.0283203125,0.4208984375
2682,-0.9208984375,0.0361328125,0.4150390625
2683,-0.921875,0.0361328125,0.419921875
2684,-0.923828125,0.03125,0.4150390625
2685,-0.92578125,0.0361328125,0.4189453125
2686,-0.9248046875,0.0341796875,0.4208984375
2687,-0.9208984375,0.03515625,0.416015625
2688,-0.9267578125,0.0361328125,0.4189453125
2689,-0.9208984375,0.03125,0.421875
2690,-0.921875,0.02734375,0.4169921875
2691,-0.9189453125,0.0322265625,0.423828125
2692,-0.9208984375,0.02734375,0.4208984375
2693,-0.9228515625,0.03125,0.4208984375
2694,-0.9189453125,0.0322265625,0.4189453125
2695,-0.9228515625,0.029296875,0.4208984375
2696,-0.9228515625,0.03125,0.421875
2697,-0.9208984375,0.0302734375,0.419921875
2698,-0.9248046875,0.03125,0.419921875
2699,-0.9208984375,0.0283203125,0.4228515625
2700,-0.923828125,0.029296875,0.421875
2701,-0.921875,0.029296875,0.4228515625
2702,-0.921875,0.025390625,0.42578125
2703,-0.9248046875,0.02734375,0.4248046875
2704,-0.9208984375,0.0224609375,0.4248046875
2705,-0.9228515625,0.0224609375,0.42578125
2706,-0.9208984375,0.0244140625,0.416015625
2707,-0.9208984375,0.0263671875,0.423828125
2708,-0.919921875,0.0244140625,0.41796875
2709,-0.9228515625,0.0224609375,0.4111328125
2710,-0.9228515625,0.0283203125,0.421875
2711,-0.9228515625,0.025390625,0.416015625
2712,-0.9248046875,0.02734375,0.41796875
2713,-0.92578125,0.0283203125,0.419921875
2714,-0.9248046875,0.029296875,0.4189453125
2715,-0.9267578125,0.029296875,0.4130859375
2716,-0.923828125,0.03125,0.4189453125
2717,-0.92578125,0.0263671875,0.4189453125
2718,-0.9326171875,0.03125,0.4208984375
2719,-0.927734375,0.0263671875,0.4169921875
2720,-0.9267578125,0.025390625,0.419921875
2721,-0.9287109375,0.02734375,0.4091796875
2722,-0.9296875,0.029296875,0.416015625
2723,-0.927734375,0.0234375,0.4130859375
2724,-0.927734375,0.03125,0.4208984375
2725,-0.927734375,0.03125,0.419921875
2726,-0.9306640625,0.03125,0.4189453125
2727,-0.927734375,0.0244140625,0.4140625
2728,-0.92578125,0.0263671875,0.41015625
2729,-0.9267578125,0.025390625,0.419921875
2730,-0.9267578125,0.0322265625,0.421875
2731,-0.921875,0.033203125,0.423828125
2732,-0.919921875,0.0322265625,0.4111328125
2733,-0.923828125,0.03125,0.4072265625
2734,-0.9169921875,0.0244140625,0.41796875
2735,-0.927734375,0.0302734375,0.41015625
2736,-0.9189453125,0.025390625,0.4189453125
2737,-0.921875,0.0263671875,0.4130859375
2738,-0.92578125,0.0234375,0.412109375
2739,-0.9267578125,0.025390625,0.4111328125
2740,-0.9267578125,0.025390625,0.416015625
2741,-0.92578125,0.03125,0.4140625
2742,-0.9228515625,0.0302734375,0.4228515625
2743,-0.927734375,0.0224609375,0.4169921875
2744,-0.923828125,0.0244140625,0.41796875
2745,-0.927734375,0.0205078125,0.41796875
2746,-0.9228515625,0.0224609375,0.4189453125
2747,-0.92578125,0.0322265625,0.416015625
2748,-0.921875,0.0244140625,0.4208984375
2749,-0.9248046875,0.02734375,0.4130859375
2750,-0.923828125,0.03125,0.4072265625
2751,-0.9326171875,0.0302734375,0.4052734375
2752,-0.935546875,0.0283203125,0.40234375
2753,-0.935546875,0.0322265625,0.3994140625
2754,-0.9384765625,0.025390625,0.3984375
2755,-0.9326171875,0.029296875,0.408203125
2756,-0.9306640625,0.0263671875,0.4033203125
2757,-0.935546875,0.0283203125,0.40234375
2758,-0.9287109375,0.025390625,0.4111328125
2759,-0.9296875,0.0283203125,0.4072265625
2760,-0.9228515625,0.0322265625,0.4189453125
2761,-0.9248046875,0.029296875,0.416015625
2762,-0.919921875,0.0263671875,0.419921875
2763,-0.9228515625,0.0244140625,0.419921875
2764,-0.91796875,0.01953125,0.4208984375
2765,-0.9208984375,0.013671875,0.4267578125
2766,-0.9169921875,0.017578125,0.4208984375
2767,-0.919921875,0.0166015625,0.4140625
2768,-0.923828125,0.01953125,0.4208984375
2769,-0.927734375,0.0185546875,0.4150390625
2770,-0.921875,0.017578125,0.40625
2771,-0.9287109375,0.0224609375,0.4169921875
2772,-0.927734375,0.025390625,0.41015625
2773,-0.927734375,0.021484375,0.4091796875
2774,-0.9267578125,0.0263671875,0.4052734375
2775,-0.9326171875,0.025390625,0.4111328125
2776,-0.92578125,0.029296875,0.40625
2777,-0.931640625,0.03125,0.404296875
2778,-0.9345703125,0.029296875,0.40625
2779,-0.9287109375,0.0283203125,0.4130859375
2780,-0.9296875,0.029296875,0.4033203125
2781,-0.9248046875,0.029296875,0.40625
2782,-0.9267578125,0.029296875,0.41015625
2783,-0.923828125,0.0283203125,0.4150390625
2784,-0.927734375,0.0322265625,0.4091796875
2785,-0.9296875,0.029296875,0.416015625
2786,-0.927734375,0.0263671875,0.41015625
2787,-0.9296875,0.02734375,0.416015625
2788,-0.9267578125,0.0263671875,0.4091796875
2789,-0.9267578125,0.0263671875,0.412109375
2790,-0.92578125,0.0302734375,0.4072265625
2791,-0.9287109375,0.025390625,0.4150390625
2792,-0.927734375,0.0283203125,0.404296875
2793,-0.9296875,0.0263671875,0.40234375
2794,-0.9228515625,0.0302734375,0.4111328125
2795,-0.9267578125,0.03125,0.412109375
2796,-0.92578125,0.033203125,0.412109375
2797,-0.931640625,0.02734375,0.4150390625
2798,-0.927734375,0.0283203125,0.4052734375
2799,-0.9287109375,0.0283203125,0.416015625
2800,-0.92578125,0.025390625,0.4150390625
2801,-0.9296875,0.0283203125,0.4130859375
2802,-0.9228515625,0.0302734375,0.4052734375
2803,-0.9267578125,0.0263671875,0.4091796875
2804,-0.92578125,0.0302734375,0.404296875
2805,-0.931640625,0.02734375,0.40234375
2806,-0.9326171875,0.029296875,0.396484375
2807,-0.9306640625,0.02734375,0.3984375
2808,-0.9345703125,0.0302734375,0.404296875
2809,-0.9267578125,0.0341796875,0.4052734375
2810,-0.927734375,0.029296875,0.4130859375
2811,-0.9287109375,0.029296875,0.408203125
2812,-0.923828125,0.029296875,0.4033203125
2813,-0.9296875,0.0244140625,0.3974609375
2814,-0.9228515625,0.0244140625,0.408203125
2815,-0.92578125,0.0234375,0.404296875
2816,-0.92578125,0.021484375,0.4052734375
2817,-0.927734375,0.0205078125,0.400390625
2818,-0.9248046875,0.0185546875,0.400390625
2819,-0.9267578125,0.0205078125,0.4072265625
2820,-0.9287109375,0.021484375,0.40625
2821,-0.9287109375,0.0234375,0.408203125
2822,-0.9296875,0.0234375,0.41015625
2823,-0.9296875,0.0224609375,0.4111328125
2824,-0.9306640625,0.0244140625,0.4052734375
2825,-0.9306640625,0.0234375,0.4111328125
2826,-0.9287109375,0.0234375,0.4111328125
2827,-0.927734375,0.02734375,0.4091796875
2828,-0.9287109375,0.0244140625,0.4091796875
2829,-0.927734375,0.021484375,0.4033203125
2830,-0.931640625,0.0244140625,0.4052734375
2831,-0.9306640625,0.0224609375,0.4033203125
2832,-0.9306640625,0.0263671875,0.4072265625
2833,-0.92578125,0.0234375,0.40234375
2834,-0.9345703125,0.021484375,0.4013671875
2835,-0.9267578125,0.025390625,0.404296875
2836,-0.92578125,0.0244140625,0.4091796875
2837,-0.9306640625,0.021484375,0.4111328125
2838,-0.927734375,0.0263671875,0.404296875
2839,-0.9306640625,0.0283203125,0.4169921875
2840,-0.9267578125,0.0263671875,0.40625
2841,-0.9326171875,0.0234375,0.408203125
2842,-0.927734375,0.02734375,0.40625
2843,-0.931640625,0.0283203125,0.408203125
2844,-0.9287109375,0.02734375,0.41015625
2845,-0.9267578125,0.0234375,0.4033203125
2846,-0.9296875,0.025390625,0.4111328125
2847,-0.927734375,0.02734375,0.404296875
2848,-0.9306640625,0.025390625,0.400390625
2849,-0.9287109375,0.025390625,0.4052734375
2850,-0.9345703125,0.0244140625,0.4052734375
2851,-0.92578125,0.0244140625,0.41015625
2852,-0.927734375,0.0224609375,0.4091796875
2853,-0.9306640625,0.029296875,0.4072265625
2854,-0.9306640625,0.0234375,0.412109375
2855,-0.927734375,0.021484375,0.4072265625
2856,-0.927734375,0.0244140625,0.4111328125
2857,-0.931640625,0.02734375,0.4052734375
2858,-0.927734375,0.0322265625,0.412109375
2859,-0.9287109375,0.029296875,0.404296875
2860,-0.9296875,0.0283203125,0.4052734375
2861,-0.9296875,0.0302734375,0.4091796875
2862,-0.927734375,0.029296875,0.4111328125
2863,-0.9287109375,0.0283203125,0.4052734375
2864,-0.9296875,0.029296875,0.4052734375
2865,-0.9345703125,0.0244140625,0.4072265625
2866,-0.9248046875,0.025390625,0.4052734375
2867,-0.9287109375,0.0283203125,0.40234375
2868,-0.9287109375,0.025390625,0.404296875
2869,-0.927734375,0.0263671875,0.408203125
2870,-0.9306640625,0.0244140625,0.4111328125
2871,-0.9287109375,0.029296875,0.4052734375
2872,-0.92578125,0.02734375,0.4033203125
2873,-0.927734375,0.029296875,0.4130859375
2874,-0.9267578125,0.029296875,0.4072265625
2875,-0.92578125,0.025390625,0.4052734375
2876,-0.9267578125,0.0283203125,0.4130859375
2877,-0.9267578125,0.02734375,0.4072265625
2878,-0.9248046875,0.0302734375,0.4150390625
2879,-0.923828125,0.0263671875,0.4052734375
2880,-0.923828125,0.0263671875,0.412109375
2881,-0.921875,0.0302734375,0.4033203125
2882,-0.919921875,0.0234375,0.4111328125
2883,-0.923828125,0.0341796875,0.4140625
2884,-0.9228515625,0.02734375,0.4130859375
2885,-0.9267578125,0.029296875,0.4072265625
2886,-0.9228515625,0.02734375,0.4111328125
2887,-0.9248046875,0.02734375,0.40234375
2888,-0.9248046875,0.0234375,0.4091796875
2889,-0.919921875,0.02734375,0.4150390625
2890,-0.923828125,0.025390625,0.408203125
2891,-0.9287109375,0.0224609375,0.4072265625
2892,-0.9267578125,0.025390625,0.4072265625
2893,-0.927734375,0.0234375,0.41015625
2894,-0.9345703125,0.0263671875,0.412109375
2895,-0.9296875,0.02734375,0.408203125
2896,-0.9345703125,0.03125,0.40625
2897,-0.927734375,0.03125,0.408203125
2898,-0.9306640625,0.0283203125,0.4033203125
2899,-0.9296875,0.029296875,0.412109375
2900,-0.927734375,0.03125,0.40625
2901,-0.9267578125,0.033203125,0.412109375
2902,-0.9287109375,0.0322265625,0.421875
2903,-0.9267578125,0.03125,0.41796875
2904,-0.9287109375,0.03125,0.419921875
2905,-0.92578125,0.0263671875,0.4169921875
2906,-0.923828125,0.02734375,0.4130859375
2907,-0.921875,0.0234375,0.41796875
2908,-0.919921875,0.0224609375,0.4169921875
2909,-0.921875,0.0244140625,0.41796875
2910,-0.923828125,0.0205078125,0.4169921875
2911,-0.9189453125,0.017578125,0.4208984375
2912,-0.923828125,0.0224609375,0.41796875
2913,-0.92578125,0.021484375,0.41796875
2914,-0.9287109375,0.0234375,0.412109375
2915,-0.9296875,0.021484375,0.4091796875
2916,-0.9296875,0.01953125,0.4140625
2917,-0.927734375,0.0234375,0.412109375
2918,-0.9287109375,0.025390625,0.4111328125
2919,-0.931640625,0.021484375,0.4033203125
2920,-0.931640625,0.0302734375,0.408203125
2921,-0.9296875,0.0244140625,0.41015625
2922,-0.931640625,0.02734375,0.4052734375
2923,-0.9326171875,0.025390625,0.4150390625
2924,-0.927734375,0.0302734375,0.408203125
2925,-0.927734375,0.0302734375,0.4091796875
2926,-0.93359375,0.025390625,0.4130859375
2927,-0.9306640625,0.029296875,0.4072265625
2928,-0.9296875,0.0234375,0.404296875
2929,-0.9267578125,0.0302734375,0.4150390625
2930,-0.9287109375,0.03125,0.4111328125
2931,-0.927734375,0.0341796875,0.4140625
2932,-0.92578125,0.0302734375,0.4130859375
2933,-0.9248046875,0.03125,0.412109375
2934,-0.9228515625,0.0302734375,0.4130859375
2935,-0.9267578125,0.0302734375,0.4140625
2936,-0.9248046875,0.0302734375,0.4091796875
2937,-0.9228515625,0.0302734375,0.4091796875
2938,-0.9267578125,0.02734375,0.4111328125
2939,-0.92578125,0.029296875,0.4150390625
2940,-0.92578125,0.02734375,0.4111328125
2941,-0.921875,0.0263671875,0.4140625
2942,-0.9228515625,0.0283203125,0.4140625
2943,-0.92578125,0.0224609375,0.4189453125
2944,-0.92578125,0.025390625,0.4140625
2945,-0.927734375,0.0234375,0.4150390625
2946,-0.927734375,0.0224609375,0.416015625
2947,-0.9287109375,0.02734375,0.4140625
2948,-0.9296875,0.029296875,0.4208984375
2949,-0.9287109375,0.0361328125,0.4189453125
2950,-0.9296875,0.0322265625,0.421875
2951,-0.9267578125,0.029296875,0.4208984375
2952,-0.9287109375,0.0341796875,0.419921875
2953,-0.9267578125,0.033203125,0.4208984375
2954,-0.9267578125,0.03125,0.421875
2955,-0.9228515625,0.029296875,0.4150390625
2956,-0.9228515625,0.025390625,0.4111328125
2957,-0.923828125,0.0234375,0.4169921875
2958,-0.9228515625,0.0244140625,0.4130859375
2959,-0.9228515625,0.029296875,0.416015625
2960,-0.9169921875,0.0263671875,0.412109375
2961,-0.91796875,0.0234375,0.404296875
2962,-0.9169921875,0.0283203125,0.404296875
2963,-0.9248046875,0.0302734375,0.4111328125
2964,-0.9248046875,0.021484375,0.40625
2965,-0.9267578125,0.02734375,0.40234375
2966,-0.92578125,0.025390625,0.4091796875
2967,-0.92578125,0.029296875,0.4033203125
2968,-0.9248046875,0.0341796875,0.40625
2969,-0.927734375,0.0302734375,0.4150390625
2970,-0.9248046875,0.0322265625,0.4189453125
2971,-0.923828125,0.0322265625,0.4169921875
2972,-0.9248046875,0.037109375,0.416015625
2973,-0.927734375,0.0263671875,0.41796875
2974,-0.927734375,0.03125,0.416015625
2975,-0.92578125,0.0341796875,0.416015625
2976,-0.923828125,0.03125,0.4248046875
2977,-0.9267578125,0.0322265625,0.427734375
2978,-0.9228515625,0.0234375,0.4306640625
2979,-0.9228515625,0.029296875,0.4248046875
2980,-0.9267578125,0.0302734375,0.421875
2981,-0.9208984375,0.02734375,0.427734375
2982,-0.9287109375,0.03125,0.42578125
2983,-0.92578125,0.03125,0.4150390625
2984,-0.92578125,0.029296875,0.4287109375
2985,-0.9267578125,0.0302734375,0.4208984375
2986,-0.9248046875,0.0341796875,0.4150390625
2987,-0.9228515625,0.037109375,0.4228515625
2988,-0.9267578125,0.0361328125,0.41796875
2989,-0.9267578125,0.03125,0.4150390625
2990,-0.92578125,0.02734375,0.4150390625
2991,-0.923828125,0.0322265625,0.4208984375
2992,-0.9208984375,0.033203125,0.4208984375
2993,-0.919921875,0.0263671875,0.4130859375
2994,-0.923828125,0.0283203125,0.4169921875
2995,-0.9208984375,0.029296875,0.416015625
2996,-0.921875,0.029296875,0.4228515625
2997,-0.9228515625,0.02734375,0.4189453125
2998,-0.9248046875,0.025390625,0.416015625
2999,-0.9248046875,0.0263671875,0.412109375
