,accelerometerAccelerationX(G),accelerometerAccelerationY(G),accelerometerAccelerationZ(G)
0,-0.07421875,-1.046875,0.03125
1,-0.07421875,-1.05859375,0.03515625
2,-0.07421875,-1.04296875,0.0390625
3,-0.0703125,-1.04296875,0.03125
4,-0.0703125,-1.046875,0.0234375
5,-0.0703125,-1.03125,0.03125
6,-0.05859375,-1.05078125,0.046875
7,-0.0703125,-1.05078125,0.04296875
8,-0.078125,-1.046875,0.02734375
9,-0.06640625,-1.04296875,0.03515625
10,-0.0703125,-1.0625,0.0390625
11,-0.08203125,-1.03515625,0.0390625
12,-0.0625,-1.046875,0.03515625
13,-0.06640625,-1.046875,0.0390625
14,-0.0703125,-1.05859375,0.04296875
15,-0.06640625,-1.046875,0.02734375
16,-0.078125,-1.05078125,0.046875
17,-0.0703125,-1.04296875,0.0390625
18,-0.05859375,-1.046875,0.04296875
19,-0.0703125,-1.05078125,0.0546875
20,-0.0703125,-1.046875,0.03515625
21,-0.0703125,-1.0546875,0.0390625
22,-0.06640625,-1.0390625,0.03515625
23,-0.078125,-1.05859375,0.03515625
24,-0.08203125,-1.0625,0.0625
25,-0.0859375,-1.0625,0.05859375
26,-0.1015625,-1.06640625,0.046875
27,-0.0546875,-1.0234375,0.04296875
28,-0.09375,-1.02734375,0.06640625
29,-0.06640625,-0.99609375,0.0234375
30,-0.10546875,-1.0625,0.0234375
31,-0.0703125,-1.02734375,0.03515625
32,-0.06640625,-1.04296875,0.0234375
33,-0.078125,-1.03515625,0.03125
34,-0.09765625,-1.0546875,0.0234375
35,-0.07421875,-1.05859375,0.10546875
36,-0.078125,-1.07421875,0.02734375
37,-0.0703125,-1.0625,0.04296875
38,-0.07421875,-1.05859375,0.0078125
39,-0.078125,-1.07421875,0.046875
40,-0.06640625,-1.046875,0.03125
41,-0.0859375,-1.03515625,0.03125
42,-0.07421875,-1.0546875,0.03515625
43,-0.0703125,-1.04296875,0.0234375
44,-0.08203125,-1.05078125,0.0390625
45,-0.0625,-1.046875,0.02734375
46,-0.0703125,-1.046875,0.03125
47,-0.0703125,-1.0546875,0.046875
48,-0.07421875,-1.046875,0.0390625
49,-0.0703125,-1.04296875,0.04296875
50,-0.078125,-1.04296875,0.03515625
51,-0.078125,-1.0546875,0.0390625
52,-0.07421875,-1.046875,0.04296875
53,-0.08203125,-1.05859375,0.03515625
54,-0.0703125,-1.046875,0.03515625
55,-0.0859375,-1.0546875,0.04296875
56,-0.0703125,-1.0703125,0.04296875
57,-0.0703125,-1.04296875,0.04296875
58,-0.078125,-1.05078125,0.05078125
59,-0.07421875,-1.046875,0.046875
60,-0.0703125,-1.05078125,0.02734375
61,-0.0703125,-1.05078125,0.046875
62,-0.078125,-1.05078125,0.03515625
63,-0.06640625,-1.05078125,0.02734375
64,-0.06640625,-1.0546875,0.03515625
65,-0.07421875,-1.046875,0.02734375
66,-0.078125,-1.046875,0.0390625
67,-0.078125,-1.04296875,0.0234375
68,-0.078125,-1.04296875,0.0390625
69,-0.06640625,-1.05078125,0.0390625
70,-0.06640625,-1.0546875,0.03125
71,-0.05859375,-1.046875,0.03125
72,-0.0546875,-1.0546875,0.02734375
73,-0.05859375,-1.05078125,0.03515625
74,-0.0625,-1.0546875,0.03515625
75,-0.0703125,-1.0390625,0.04296875
76,-0.0703125,-1.05078125,0.03125
77,-0.06640625,-1.05078125,0.01171875
78,-0.05859375,-1.04296875,0.05078125
79,-0.0546875,-1.05078125,0.046875
80,-0.0625,-1.05078125,0.04296875
81,-0.0625,-1.0625,0.02734375
82,-0.0703125,-1.0390625,0.02734375
83,-0.0703125,-1.04296875,0.04296875
84,-0.06640625,-1.046875,0.04296875
85,-0.078125,-1.0390625,0.0546875
86,-0.07421875,-1.04296875,0.03125
87,-0.06640625,-1.046875,0.05859375
88,-0.07421875,-1.04296875,0.03515625
89,-0.078125,-1.05078125,0.03125
90,-0.0859375,-1.0546875,0.0390625
91,-0.0703125,-1.0546875,0.046875
92,-0.07421875,-1.046875,0.05078125
93,-0.08984375,-1.05078125,0.046875
94,-0.08203125,-1.0546875,0.03125
95,-0.0859375,-1.0546875,0.0390625
96,-0.07421875,-1.05859375,0.05078125
97,-0.08984375,-1.0390625,0.046875
98,-0.078125,-1.046875,0.05078125
99,-0.07421875,-1.046875,0.02734375
100,-0.0703125,-1.0546875,0.03125
101,-0.078125,-1.046875,0.046875
102,-0.05859375,-1.05859375,0.04296875
103,-0.0625,-1.0546875,0.03515625
104,-0.0703125,-1.0625,0.0390625
105,-0.05859375,-1.0625,0.03515625
106,-0.08203125,-1.046875,0.02734375
107,-0.08203125,-1.0546875,0.04296875
108,-0.0703125,-1.05078125,0.0390625
109,-0.07421875,-1.0546875,0.03515625
110,-0.07421875,-1.0625,0.0390625
111,-0.0625,-1.0625,0.03125
112,-0.07421875,-1.0546875,0.015625
113,-0.07421875,-1.0546875,0.03515625
114,-0.07421875,-1.05859375,0.03515625
115,-0.078125,-1.04296875,0.04296875
116,-0.06640625,-1.0546875,0.0390625
117,-0.0859375,-1.04296875,0.0390625
118,-0.0703125,-1.0390625,0.0390625
119,-0.0703125,-1.04296875,0.05859375
120,-0.07421875,-1.0546875,0.0390625
121,-0.078125,-1.046875,0.0390625
122,-0.078125,-1.04296875,0.0390625
123,-0.0546875,-1.05078125,0.0390625
124,-0.06640625,-1.04296875,0.0390625
125,-0.07421875,-1.0546875,0.046875
126,-0.05859375,-1.05859375,0.04296875
127,-0.05078125,-1.05078125,0.05078125
128,-0.0625,-1.046875,0.0390625
129,-0.07421875,-1.03515625,0.0546875
130,-0.06640625,-1.046875,0.05078125
131,-0.0703125,-1.0546875,0.03125
132,-0.06640625,-1.03125,0.0390625
133,-0.07421875,-1.04296875,0.0390625
134,-0.08203125,-1.05078125,0.03515625
135,-0.078125,-1.04296875,0.02734375
136,-0.08203125,-1.046875,0.04296875
137,-0.0625,-1.0546875,0.01953125
138,-0.078125,-1.04296875,0.02734375
139,-0.07421875,-1.05859375,0.03125
140,-0.08203125,-1.05859375,0.01953125
141,-0.06640625,-1.046875,0.0390625
142,-0.0625,-1.05078125,0.03125
143,-0.07421875,-1.04296875,0.04296875
144,-0.07421875,-1.05078125,0.02734375
145,-0.078125,-1.0390625,0.02734375
146,-0.078125,-1.0546875,0.046875
147,-0.0703125,-1.046875,0.03515625
148,-0.07421875,-1.0546875,0.04296875
149,-0.06640625,-1.046875,0.03515625
150,-0.07421875,-1.0390625,0.03125
151,-0.078125,-1.05078125,0.0234375
152,-0.0703125,-1.0546875,0.04296875
153,-0.08203125,-1.04296875,0.0625
154,-0.0625,-1.05078125,0.046875
155,-0.06640625,-1.04296875,0.0546875
156,-0.07421875,-1.03515625,0.05859375
157,-0.07421875,-1.0546875,0.06640625
158,-0.06640625,-1.0546875,0.04296875
159,-0.07421875,-1.04296875,0.05078125
160,-0.07421875,-1.05859375,0.046875
161,-0.0859375,-1.04296875,0.046875
162,-0.08203125,-1.05078125,0.046875
163,-0.078125,-1.046875,0.05859375
164,-0.08203125,-1.04296875,0.0546875
165,-0.078125,-1.0390625,0.04296875
166,-0.0859375,-1.04296875,0.05078125
167,-0.0859375,-1.046875,0.046875
168,-0.07421875,-1.0546875,0.05078125
169,-0.08203125,-1.04296875,0.03515625
170,-0.07421875,-1.046875,0.05078125
171,-0.08984375,-1.05078125,0.0546875
172,-0.078125,-1.0546875,0.0390625
173,-0.0859375,-1.04296875,0.046875
174,-0.0703125,-1.046875,0.0390625
175,-0.0703125,-1.046875,0.04296875
176,-0.07421875,-1.046875,0.04296875
177,-0.07421875,-1.04296875,0.04296875
178,-0.06640625,-1.05078125,0.04296875
179,-0.06640625,-1.046875,0.03515625
180,-0.0703125,-1.04296875,0.04296875
181,-0.078125,-1.04296875,0.05078125
182,-0.07421875,-1.04296875,0.0390625
183,-0.0703125,-1.04296875,0.04296875
184,-0.0703125,-1.05078125,0.046875
185,-0.08203125,-1.04296875,0.04296875
186,-0.07421875,-1.05078125,0.0390625
187,-0.0703125,-1.04296875,0.04296875
188,-0.07421875,-1.05078125,0.046875
189,-0.07421875,-1.05078125,0.0390625
190,-0.08203125,-1.05078125,0.05859375
191,-0.0625,-1.046875,0.04296875
192,-0.078125,-1.05078125,0.0390625
193,-0.078125,-1.05078125,0.0390625
194,-0.0859375,-1.0390625,0.0390625
195,-0.08203125,-1.0390625,0.02734375
196,-0.08984375,-1.05078125,0.046875
197,-0.0859375,-1.046875,0.03515625
198,-0.078125,-1.05078125,0.03125
199,-0.078125,-1.0546875,0.03125
200,-0.08203125,-1.046875,0.0234375
201,-0.06640625,-1.0390625,0.0390625
202,-0.06640625,-1.04296875,0.0390625
203,-0.078125,-1.046875,0.02734375
204,-0.0625,-1.05859375,0.04296875
205,-0.0625,-1.0546875,0.04296875
206,-0.078125,-1.0390625,0.03125
207,-0.05859375,-1.05078125,0.0390625
208,-0.05859375,-1.0546875,0.03515625
209,-0.0703125,-1.046875,0.0390625
210,-0.0625,-1.05078125,0.0625
211,-0.06640625,-1.0546875,0.03515625
212,-0.0625,-1.046875,0.0390625
213,-0.07421875,-1.0546875,0.0390625
214,-0.07421875,-1.046875,0.04296875
215,-0.07421875,-1.05078125,0.04296875
216,-0.07421875,-1.046875,0.04296875
217,-0.078125,-1.05078125,0.04296875
218,-0.08203125,-1.0390625,0.0546875
219,-0.0703125,-1.0546875,0.05859375
220,-0.078125,-1.0546875,0.03515625
221,-0.078125,-1.05078125,0.05078125
222,-0.078125,-1.0546875,0.05078125
223,-0.06640625,-1.0546875,0.046875
224,-0.05859375,-1.04296875,0.04296875
225,-0.07421875,-1.0546875,0.04296875
226,-0.078125,-1.04296875,0.0546875
227,-0.07421875,-1.046875,0.0390625
228,-0.08203125,-1.046875,0.05078125
229,-0.0703125,-1.046875,0.05078125
230,-0.078125,-1.05078125,0.04296875
231,-0.0859375,-1.03125,0.05859375
232,-0.07421875,-1.0390625,0.0546875
233,-0.078125,-1.0390625,0.04296875
234,-0.07421875,-1.04296875,0.0546875
235,-0.0703125,-1.05078125,0.046875
236,-0.0859375,-1.0546875,0.0390625
237,-0.078125,-1.04296875,0.03125
238,-0.078125,-1.0625,0.04296875
239,-0.0703125,-1.05078125,0.04296875
240,-0.078125,-1.04296875,0.03125
241,-0.0859375,-1.05078125,0.03125
242,-0.07421875,-1.0546875,0.04296875
243,-0.0703125,-1.05078125,0.03125
244,-0.08203125,-1.05078125,0.03515625
245,-0.07421875,-1.05078125,0.05078125
246,-0.08203125,-1.0546875,0.04296875
247,-0.08984375,-1.04296875,0.05078125
248,-0.08984375,-1.0390625,0.04296875
249,-0.0859375,-1.05078125,0.02734375
250,-0.0859375,-1.046875,0.0390625
251,-0.0859375,-1.05078125,0.0390625
252,-0.0859375,-1.046875,0.0390625
253,-0.08203125,-1.0625,0.03515625
254,-0.08203125,-1.0546875,0.0546875
255,-0.08984375,-1.0390625,0.03125
256,-0.09375,-1.03515625,0.0390625
257,-0.08984375,-1.0390625,0.04296875
258,-0.0859375,-1.03515625,0.03515625
259,-0.078125,-1.03515625,0.0390625
260,-0.078125,-1.03515625,0.03125
261,-0.08984375,-1.03515625,0.05078125
262,-0.08203125,-1.046875,0.0390625
263,-0.078125,-1.04296875,0.05078125
264,-0.07421875,-1.04296875,0.0390625
265,-0.07421875,-1.05078125,0.05078125
266,-0.08203125,-1.05078125,0.04296875
267,-0.06640625,-1.046875,0.03515625
268,-0.06640625,-1.05859375,0.0546875
269,-0.078125,-1.046875,0.0390625
270,-0.06640625,-1.046875,0.05078125
271,-0.07421875,-1.04296875,0.0546875
272,-0.0859375,-1.04296875,0.05859375
273,-0.08203125,-1.05078125,0.0625
274,-0.08203125,-1.0390625,0.05859375
275,-0.0859375,-1.03515625,0.0625
276,-0.07421875,-1.04296875,0.05859375
277,-0.08203125,-1.0390625,0.06640625
278,-0.06640625,-1.046875,0.06640625
279,-0.078125,-1.0546875,0.06640625
280,-0.0703125,-1.0546875,0.0703125
281,-0.0859375,-1.046875,0.0625
282,-0.07421875,-1.03125,0.0546875
283,-0.08203125,-1.046875,0.0625
284,-0.07421875,-1.0390625,0.07421875
285,-0.0625,-1.05078125,0.0703125
286,-0.0859375,-1.05078125,0.0703125
287,-0.078125,-1.046875,0.0625
288,-0.078125,-1.046875,0.05078125
289,-0.06640625,-1.05078125,0.0546875
290,-0.08203125,-1.046875,0.06640625
291,-0.08984375,-1.046875,0.07421875
292,-0.0859375,-1.0546875,0.06640625
293,-0.08203125,-1.0625,0.06640625
294,-0.0859375,-1.0546875,0.0703125
295,-0.09765625,-1.03515625,0.0703125
296,-0.0859375,-1.046875,0.0703125
297,-0.08984375,-1.046875,0.0703125
298,-0.078125,-1.0546875,0.0625
299,-0.08203125,-1.05078125,0.08203125
300,-0.078125,-1.05859375,0.06640625
301,-0.09375,-1.046875,0.0546875
302,-0.08984375,-1.04296875,0.06640625
303,-0.08984375,-1.03515625,0.078125
304,-0.0859375,-1.04296875,0.0625
305,-0.0859375,-1.0390625,0.05078125
306,-0.08984375,-1.0546875,0.0703125
307,-0.0859375,-1.046875,0.05859375
308,-0.0859375,-1.03125,0.07421875
309,-0.09375,-1.05078125,0.05859375
310,-0.0859375,-1.04296875,0.07421875
311,-0.08203125,-1.03515625,0.06640625
312,-0.078125,-1.03125,0.05859375
313,-0.078125,-1.0390625,0.0703125
314,-0.0859375,-1.046875,0.0703125
315,-0.08203125,-1.046875,0.06640625
316,-0.09375,-1.04296875,0.07421875
317,-0.08203125,-1.03515625,0.0625
318,-0.078125,-1.0390625,0.0546875
319,-0.08984375,-1.03515625,0.046875
320,-0.0859375,-1.046875,0.078125
321,-0.09375,-1.04296875,0.06640625
322,-0.0859375,-1.03515625,0.0625
323,-0.0859375,-1.03125,0.06640625
324,-0.08203125,-1.0390625,0.078125
325,-0.0703125,-1.0390625,0.06640625
326,-0.078125,-1.0390625,0.05859375
327,-0.07421875,-1.04296875,0.05859375
328,-0.06640625,-1.03515625,0.06640625
329,-0.05859375,-1.04296875,0.08203125
330,-0.07421875,-1.03125,0.07421875
331,-0.06640625,-1.046875,0.07421875
332,-0.0703125,-1.0390625,0.078125
333,-0.08203125,-1.0390625,0.08984375
334,-0.078125,-1.046875,0.07421875
335,-0.0625,-1.05078125,0.0703125
336,-0.0703125,-1.03125,0.06640625
337,-0.07421875,-1.03125,0.078125
338,-0.0859375,-1.0390625,0.06640625
339,-0.0859375,-1.02734375,0.078125
340,-0.0859375,-1.05078125,0.0859375
341,-0.078125,-1.0390625,0.0703125
342,-0.07421875,-1.03515625,0.0703125
343,-0.0859375,-1.03125,0.0625
344,-0.08203125,-1.0390625,0.0703125
345,-0.08203125,-1.0390625,0.0625
346,-0.0859375,-1.04296875,0.0703125
347,-0.08984375,-1.0390625,0.08203125
348,-0.0703125,-1.046875,0.078125
349,-0.0859375,-1.046875,0.06640625
350,-0.09765625,-1.0390625,0.078125
351,-0.08984375,-1.046875,0.0859375
352,-0.08203125,-1.0546875,0.07421875
353,-0.0859375,-1.0546875,0.08203125
354,-0.0859375,-1.05078125,0.078125
355,-0.08203125,-1.046875,0.0859375
356,-0.08984375,-1.046875,0.08203125
357,-0.09375,-1.04296875,0.07421875
358,-0.08984375,-1.046875,0.08203125
359,-0.078125,-1.05078125,0.09765625
360,-0.08203125,-1.04296875,0.08984375
361,-0.0859375,-1.0390625,0.0859375
362,-0.0859375,-1.05078125,0.0859375
363,-0.08984375,-1.04296875,0.10546875
364,-0.0859375,-1.03515625,0.0859375
365,-0.08984375,-1.03515625,0.0859375
366,-0.09375,-1.0390625,0.0859375
367,-0.0859375,-1.03515625,0.08203125
368,-0.08203125,-1.03515625,0.078125
369,-0.0859375,-1.04296875,0.078125
370,-0.09375,-1.0390625,0.07421875
371,-0.08203125,-1.02734375,0.09375
372,-0.08203125,-1.04296875,0.06640625
373,-0.0859375,-1.046875,0.0859375
374,-0.11328125,-1.06640625,0.0625
375,-0.08203125,-1.046875,0.0859375
376,-0.06640625,-1.05859375,0.09765625
377,-0.08984375,-1.04296875,0.1015625
378,-0.0859375,-1.05078125,0.0859375
379,-0.08984375,-1.046875,0.0859375
380,-0.09375,-1.04296875,0.0859375
381,-0.08203125,-1.046875,0.08984375
382,-0.08984375,-1.03125,0.09765625
383,-0.0859375,-1.046875,0.09765625
384,-0.08984375,-1.05078125,0.0859375
385,-0.08203125,-1.0390625,0.09375
386,-0.078125,-1.04296875,0.0859375
387,-0.08203125,-1.04296875,0.0859375
388,-0.08984375,-1.03125,0.10546875
389,-0.06640625,-1.046875,0.10546875
390,-0.0859375,-1.04296875,0.09765625
391,-0.08203125,-1.04296875,0.1015625
392,-0.08984375,-1.0390625,0.0859375
393,-0.08203125,-1.03515625,0.09375
394,-0.09375,-1.0390625,0.09375
395,-0.09375,-1.03515625,0.1015625
396,-0.08984375,-1.046875,0.09765625
397,-0.0859375,-1.05078125,0.10546875
398,-0.09375,-1.0390625,0.07421875
399,-0.0859375,-1.05078125,0.10546875
400,-0.08203125,-1.04296875,0.08984375
401,-0.09375,-1.046875,0.1015625
402,-0.09765625,-1.03125,0.0859375
403,-0.1015625,-1.03125,0.11328125
404,-0.09375,-1.03125,0.10546875
405,-0.09375,-1.046875,0.1015625
406,-0.09375,-1.05078125,0.109375
407,-0.09375,-1.05859375,0.10546875
408,-0.08984375,-1.05859375,0.09765625
409,-0.09375,-1.05078125,0.109375
410,-0.08203125,-1.046875,0.11328125
411,-0.1015625,-1.046875,0.1171875
412,-0.09765625,-1.0390625,0.109375
413,-0.09375,-1.05078125,0.11328125
414,-0.09765625,-1.0390625,0.12109375
415,-0.08984375,-1.04296875,0.12109375
416,-0.09375,-1.0234375,0.109375
417,-0.09765625,-1.02734375,0.1171875
418,-0.10546875,-1.01953125,0.1171875
419,-0.09765625,-1.0390625,0.10546875
420,-0.109375,-1.015625,0.125
421,-0.10546875,-1.0390625,0.125
422,-0.09375,-1.03125,0.11328125
423,-0.1015625,-1.03125,0.109375
424,-0.09765625,-1.0390625,0.12109375
425,-0.09765625,-1.03515625,0.12109375
426,-0.1015625,-1.04296875,0.13671875
427,-0.09375,-1.04296875,0.12109375
428,-0.09375,-1.04296875,0.12109375
429,-0.08984375,-1.046875,0.140625
430,-0.09375,-1.0390625,0.125
431,-0.09765625,-1.03515625,0.1328125
432,-0.10546875,-1.0390625,0.1328125
433,-0.1015625,-1.04296875,0.1328125
434,-0.109375,-1.04296875,0.12890625
435,-0.109375,-1.03125,0.12890625
436,-0.1015625,-1.0390625,0.15625
437,-0.10546875,-1.0390625,0.15234375
438,-0.11328125,-1.0390625,0.14453125
439,-0.10546875,-1.03515625,0.140625
440,-0.1015625,-1.0390625,0.15234375
441,-0.11328125,-1.03125,0.15625
442,-0.11328125,-1.0390625,0.1640625
443,-0.1015625,-1.02734375,0.1640625
444,-0.10546875,-1.02734375,0.1640625
445,-0.1015625,-1.03515625,0.1640625
446,-0.1015625,-1.02734375,0.16796875
447,-0.11328125,-1.0234375,0.16015625
448,-0.109375,-1.0234375,0.16796875
449,-0.11328125,-1.01171875,0.17578125
450,-0.10546875,-1.02734375,0.1796875
451,-0.109375,-1.015625,0.1796875
452,-0.09765625,-1.015625,0.171875
453,-0.1171875,-1.01953125,0.1796875
454,-0.109375,-1.0078125,0.1796875
455,-0.1171875,-1.0234375,0.17578125
456,-0.10546875,-1.01953125,0.17578125
457,-0.1171875,-1.00390625,0.18359375
458,-0.109375,-1.0234375,0.1796875
459,-0.109375,-1.02734375,0.1875
460,-0.10546875,-1.01953125,0.203125
461,-0.10546875,-1.02734375,0.19921875
462,-0.1015625,-1.02734375,0.1953125
463,-0.1171875,-1.02734375,0.203125
464,-0.1171875,-1.0234375,0.203125
465,-0.11328125,-1.0234375,0.21484375
466,-0.1328125,-1.01171875,0.2109375
467,-0.1328125,-1.00390625,0.19921875
468,-0.125,-0.984375,0.21875
469,-0.12890625,-1.00390625,0.2265625
470,-0.12890625,-1.0078125,0.21484375
471,-0.125,-0.99609375,0.234375
472,-0.125,-1.01171875,0.21484375
473,-0.12109375,-1.01171875,0.2265625
474,-0.1328125,-1.01171875,0.24609375
475,-0.12109375,-0.99609375,0.2265625
476,-0.12890625,-1.00390625,0.234375
477,-0.1328125,-0.99609375,0.2578125
478,-0.12890625,-0.9921875,0.234375
479,-0.140625,-0.9921875,0.2421875
480,-0.13671875,-0.98828125,0.25
481,-0.12890625,-0.9921875,0.26171875
482,-0.140625,-0.9921875,0.25
483,-0.1484375,-0.98046875,0.2578125
484,-0.1328125,-0.9921875,0.24609375
485,-0.13671875,-0.984375,0.265625
486,-0.12890625,-0.98046875,0.26171875
487,-0.125,-0.984375,0.26953125
488,-0.125,-0.98046875,0.27734375
489,-0.125,-0.9765625,0.28125
490,-0.1484375,-0.9453125,0.29296875
491,-0.125,-0.98828125,0.2734375
492,-0.125,-0.984375,0.27734375
493,-0.12890625,-0.97265625,0.29296875
494,-0.140625,-0.97265625,0.296875
495,-0.12890625,-0.9609375,0.3046875
496,-0.125,-0.9609375,0.296875
497,-0.125,-0.953125,0.29296875
498,-0.12890625,-0.96484375,0.2734375
499,-0.15234375,-0.94921875,0.31640625
500,-0.15234375,-0.93359375,0.33203125
501,-0.1484375,-0.921875,0.34765625
502,-0.15234375,-0.91015625,0.34375
503,-0.16015625,-0.90625,0.34375
504,-0.1640625,-0.8984375,0.33984375
505,-0.17578125,-0.90234375,0.36328125
506,-0.1796875,-0.87890625,0.37109375
507,-0.1640625,-0.8671875,0.359375
508,-0.171875,-0.859375,0.37890625
509,-0.16796875,-0.8515625,0.375
510,-0.1640625,-0.84765625,0.39453125
511,-0.15625,-0.83984375,0.3828125
512,-0.15625,-0.8359375,0.37109375
513,-0.1484375,-0.81640625,0.390625
514,-0.140625,-0.828125,0.37109375
515,-0.13671875,-0.8359375,0.38671875
516,-0.14453125,-0.8359375,0.375
517,-0.125,-0.87109375,0.40234375
518,-0.1171875,-0.8671875,0.38671875
519,-0.140625,-0.8671875,0.39453125
520,-0.13671875,-0.859375,0.40234375
521,-0.1484375,-0.84375,0.3828125
522,-0.15234375,-0.8359375,0.38671875
523,-0.125,-0.83203125,0.33984375
524,-0.1328125,-0.83203125,0.37890625
525,-0.1015625,-0.83203125,0.3515625
526,0.0,-1.015625,0.296875
527,-0.09765625,-0.8984375,0.2421875
528,-0.09765625,-0.9140625,0.25
529,-0.08984375,-0.96875,0.21875
530,-0.0859375,-1.01953125,0.24609375
531,-0.09765625,-1.08203125,0.2578125
532,-0.09765625,-1.12109375,0.29296875
533,-0.10546875,-1.140625,0.29296875
534,-0.1171875,-1.12109375,0.296875
535,-0.1171875,-1.08203125,0.2890625
536,-0.12890625,-1.03515625,0.265625
537,-0.12109375,-0.97265625,0.26171875
538,-0.12890625,-0.94921875,0.2734375
539,-0.12890625,-0.90234375,0.28515625
540,-0.1328125,-0.859375,0.2734375
541,-0.1484375,-0.8515625,0.30078125
542,-0.1328125,-0.8359375,0.3359375
543,-0.15625,-0.83203125,0.359375
544,-0.15625,-0.8359375,0.36328125
545,-0.16015625,-0.84375,0.3671875
546,-0.16796875,-0.8515625,0.38671875
547,-0.1875,-0.8515625,0.37890625
548,-0.17578125,-0.85546875,0.3828125
549,-0.16015625,-0.88671875,0.3984375
550,-0.171875,-0.875,0.43359375
551,-0.1171875,-0.96875,0.32421875
552,0.09375,-1.0390625,0.39453125
553,-0.1640625,-0.890625,0.49609375
554,-0.17578125,-0.86328125,0.4296875
555,-0.171875,-0.859375,0.44140625
556,-0.18359375,-0.82421875,0.46484375
557,-0.18359375,-0.8125,0.4609375
558,-0.1875,-0.796875,0.4609375
559,-0.2109375,-0.796875,0.45703125
560,-0.21484375,-0.78125,0.46875
561,-0.2109375,-0.80078125,0.45703125
562,-0.21484375,-0.80078125,0.5
563,-0.203125,-0.82421875,0.5
564,-0.20703125,-0.8359375,0.5078125
565,-0.21484375,-0.84765625,0.5
566,-0.20703125,-0.83984375,0.4921875
567,-0.21484375,-0.83203125,0.4921875
568,-0.21875,-0.8125,0.5
569,-0.1953125,-0.78125,0.49609375
570,-0.20703125,-0.76953125,0.4921875
571,-0.17578125,-0.74609375,0.484375
572,-0.14453125,-0.71484375,0.5078125
573,-0.12109375,-0.6875,0.5234375
574,-0.0859375,-0.6640625,0.515625
575,-0.0859375,-0.65625,0.48828125
576,-0.09765625,-0.62890625,0.46875
577,-0.140625,-0.63671875,0.44921875
578,-0.1875,-0.65234375,0.4375
579,-0.2265625,-0.6796875,0.4609375
580,-0.26953125,-0.68359375,0.4921875
581,-0.29296875,-0.71484375,0.4765625
582,-0.30078125,-0.72265625,0.5
583,-0.328125,-0.765625,0.51171875
584,-0.33984375,-0.76953125,0.53515625
585,-0.3125,-0.7734375,0.52734375
586,-0.3203125,-0.71484375,0.53515625
587,-0.29296875,-0.66015625,0.53515625
588,-0.2890625,-0.6171875,0.5234375
589,-0.2734375,-0.58203125,0.5234375
590,-0.2578125,-0.57421875,0.5078125
591,-0.24609375,-0.5859375,0.51171875
592,-0.2421875,-0.6171875,0.50390625
593,-0.25,-0.640625,0.5
594,-0.25390625,-0.6796875,0.50390625
595,-0.2890625,-0.671875,0.5234375
596,-0.29296875,-0.671875,0.52734375
597,-0.30859375,-0.640625,0.53515625
598,-0.3125,-0.59765625,0.54296875
599,-0.3359375,-0.54296875,0.5234375
600,-0.3203125,-0.49609375,0.5390625
601,-0.34375,-0.484375,0.55078125
602,-0.34765625,-0.453125,0.5703125
603,-0.359375,-0.4765625,0.5859375
604,-0.33984375,-0.48046875,0.58203125
605,-0.34375,-0.45703125,0.58984375
606,-0.34375,-0.48046875,0.5625
607,-0.359375,-0.4921875,0.58984375
608,-0.3359375,-0.46484375,0.61328125
609,-0.33984375,-0.4765625,0.6015625
610,-0.34375,-0.39453125,0.6015625
611,-0.3671875,-0.36328125,0.57421875
612,-0.375,-0.32421875,0.58203125
613,-0.3984375,-0.30078125,0.5859375
614,-0.37890625,-0.2890625,0.55859375
615,-0.38671875,-0.31640625,0.59765625
616,-0.359375,-0.28515625,0.609375
617,-0.34375,-0.2890625,0.609375
618,-0.3359375,-0.3125,0.59375
619,-0.24609375,-0.21484375,0.60546875
620,-0.30078125,-0.2265625,0.54296875
621,-0.30859375,-0.30078125,0.54296875
622,-0.28515625,-0.32421875,0.61328125
623,-0.29296875,-0.3515625,0.6015625
624,-0.28515625,-0.33203125,0.61328125
625,-0.26953125,-0.35546875,0.625
626,-0.23046875,-0.26953125,0.6640625
627,-0.20703125,-0.26953125,0.69140625
628,-0.2265625,-0.21875,0.6875
629,-0.19921875,-0.1953125,0.70703125
630,-0.12890625,-0.1796875,0.62109375
631,-0.09375,-0.15234375,0.66796875
632,-0.140625,-0.140625,0.7109375
633,-0.12890625,-0.1015625,0.76171875
634,-0.09375,-0.08203125,0.74609375
635,-0.046875,-0.05078125,0.7734375
636,-0.06640625,-0.05078125,0.703125
637,-0.08203125,-0.0703125,0.71875
638,-0.07421875,-0.078125,0.75390625
639,-0.0625,-0.078125,0.75
640,-0.07421875,-0.06640625,0.74609375
641,-0.05078125,-0.05078125,0.7265625
642,-0.05078125,-0.03125,0.72265625
643,-0.05859375,-0.03515625,0.6953125
644,-0.04296875,-0.06640625,0.69921875
645,-0.03125,-0.0390625,0.61328125
646,0.0078125,-0.01171875,0.5703125
647,0.03125,-0.00390625,0.578125
648,-0.3828125,0.203125,0.66796875
649,-0.2578125,-0.12109375,0.6796875
650,0.19921875,-0.26171875,0.2578125
651,0.26953125,0.140625,-0.0078125
652,-0.03125,0.1875,0.19921875
653,0.03515625,0.0625,0.3828125
654,0.02734375,0.1171875,0.2890625
655,0.21484375,0.08984375,0.14453125
656,0.10546875,0.16796875,0.01953125
657,0.08203125,0.17578125,0.09765625
658,0.11328125,0.16796875,0.21484375
659,-0.0625,0.20703125,0.375
660,-0.34375,0.296875,0.484375
661,-0.55078125,0.42578125,0.54296875
662,-0.70703125,0.4375,0.61328125
663,-0.44140625,0.3359375,0.859375
664,-0.1953125,0.2109375,0.97265625
665,-0.14453125,0.171875,1.10546875
666,-0.171875,0.23046875,1.25390625
667,-0.22265625,0.36328125,1.30078125
668,-0.1328125,0.5234375,1.3515625
669,0.00390625,0.71484375,1.42578125
670,0.05859375,0.96875,1.6015625
671,0.03125,1.30078125,1.8359375
672,0.05859375,1.640625,2.16015625
673,-0.17578125,2.03515625,2.4609375
674,-0.2421875,2.66015625,3.15625
675,-0.4140625,2.546875,3.5
676,-0.34765625,2.5546875,3.5390625
677,-0.39453125,2.37890625,3.1875
678,-0.4453125,1.8515625,2.59765625
679,-0.38671875,1.125,2.125
680,-0.484375,0.2578125,1.61328125
681,-0.47265625,-0.54296875,1.47265625
682,-0.8125,-1.09765625,0.99609375
683,-0.34375,-1.56640625,1.203125
684,-0.3515625,-1.58203125,0.9140625
685,-0.4375,-1.5078125,0.75390625
686,-0.3984375,-1.15234375,0.76953125
687,-0.43359375,-0.703125,0.88671875
688,-0.33203125,-0.19140625,0.98046875
689,-0.4140625,0.31640625,1.0625
690,-0.40234375,0.63671875,1.1171875
691,-0.35546875,0.84765625,1.13671875
692,-0.265625,0.921875,1.06640625
693,-0.21875,0.83984375,0.9375
694,-0.10546875,0.71484375,0.84375
695,-0.046875,0.5234375,0.7265625
696,-0.04296875,0.41015625,0.6171875
697,0.046875,0.30078125,0.5546875
698,0.05859375,0.24609375,0.55078125
699,0.01953125,0.1875,0.58203125
700,0.09765625,0.203125,0.71875
701,0.0546875,0.2421875,0.8046875
702,0.08203125,0.28125,0.76953125
703,0.04296875,0.31640625,0.70703125
704,0.03515625,0.375,0.6875
705,0.0234375,0.39453125,0.68359375
706,-0.00390625,0.4140625,0.66796875
707,-0.0546875,0.4140625,0.65625
708,-0.11328125,0.41015625,0.625
709,-0.140625,0.40625,0.58203125
710,-0.171875,0.40234375,0.57421875
711,-0.1796875,0.39453125,0.578125
712,-0.16015625,0.40234375,0.58203125
713,-0.21484375,0.41015625,0.578125
714,-0.26171875,0.421875,0.58984375
715,-0.26953125,0.4140625,0.625
716,-0.28125,0.38671875,0.63671875
717,-0.2890625,0.38671875,0.66796875
718,-0.30859375,0.35546875,0.72265625
719,-0.296875,0.31640625,0.7109375
720,-0.29296875,0.29296875,0.71875
721,-0.30078125,0.30859375,0.76171875
722,-0.2890625,0.28515625,0.8359375
723,-0.23046875,0.2734375,0.9140625
724,-0.26171875,0.2421875,0.9296875
725,-0.26953125,0.20703125,0.94140625
726,-0.28125,0.16796875,0.9609375
727,-0.3203125,0.16015625,0.9375
728,-0.30078125,0.1484375,0.9453125
729,-0.2890625,0.1171875,0.98828125
730,-0.2734375,0.10546875,1.0234375
731,-0.23828125,0.1328125,1.04296875
732,-0.234375,0.14453125,1.02734375
733,-0.2421875,0.15625,0.99609375
734,-0.22265625,0.14453125,0.98046875
735,-0.203125,0.09765625,0.9765625
736,-0.203125,0.04296875,0.94921875
737,-0.17578125,0.0234375,0.96484375
738,-0.171875,-0.04296875,0.953125
739,-0.1953125,-0.03125,0.890625
740,-0.1796875,-0.05859375,0.94140625
741,-0.20703125,-0.09375,1.0
742,-0.22265625,-0.078125,0.98828125
743,-0.203125,-0.078125,1.0078125
744,-0.2734375,-0.05859375,1.0234375
745,-0.265625,-0.05078125,1.0625
746,-0.2109375,-0.0546875,1.00390625
747,-0.234375,-0.0234375,0.98046875
748,-0.24609375,-0.00390625,0.9609375
749,-0.2109375,-0.0390625,0.984375
750,-0.1953125,-0.03125,0.96875
751,-0.22265625,-0.0234375,0.96484375
752,-0.20703125,0.00390625,0.98828125
753,-0.25,0.02734375,0.98046875
754,-0.203125,0.02734375,0.96484375
755,-0.26171875,0.07421875,0.94921875
756,-0.26171875,0.0546875,0.9609375
757,-0.27734375,0.0625,0.953125
758,-0.25,0.07421875,0.96875
759,-0.2421875,0.08203125,0.98046875
760,-0.28515625,0.08984375,0.94140625
761,-0.29296875,0.08984375,0.953125
762,-0.29296875,0.10546875,0.953125
763,-0.2421875,0.11328125,0.84765625
764,-0.234375,0.140625,0.8515625
765,-0.30078125,0.16796875,0.8515625
766,-0.29296875,0.0859375,0.9296875
767,-0.234375,0.0546875,0.86328125
768,-0.1953125,-0.05859375,0.8203125
769,-0.23046875,-0.109375,0.828125
770,-0.28515625,-0.16015625,0.90625
771,-0.2421875,-0.18359375,0.81640625
772,-0.27734375,-0.1953125,0.88671875
773,-0.2578125,-0.234375,0.88671875
774,-0.265625,-0.22265625,0.8828125
775,-0.24609375,-0.19921875,0.8828125
776,-0.26171875,-0.23828125,0.8671875
777,-0.2578125,-0.28125,0.91015625
778,-0.2578125,-0.26171875,0.90625
779,-0.3203125,-0.2578125,0.94140625
780,-0.36328125,-0.28515625,0.9453125
781,-0.33984375,-0.359375,0.96484375
782,-0.31640625,-0.37109375,0.921875
783,-0.3046875,-0.35546875,0.9140625
784,-0.296875,-0.390625,0.91015625
785,-0.24609375,-0.37109375,0.890625
786,-0.22265625,-0.4375,0.890625
787,-0.1796875,-0.42578125,0.88671875
788,-0.15625,-0.421875,0.82421875
789,-0.15234375,-0.3828125,0.81640625
790,-0.140625,-0.3515625,0.828125
791,-0.04296875,-0.328125,0.8203125
792,-0.0390625,-0.25,0.80859375
793,-0.12890625,-0.19140625,0.75
794,-0.109375,-0.203125,0.7890625
795,-0.0703125,-0.25,0.8125
796,-0.12109375,-0.2578125,0.84375
797,-0.16015625,-0.265625,0.921875
798,-0.171875,-0.26171875,0.85546875
799,-0.16015625,-0.23046875,0.765625
800,-0.19140625,-0.171875,0.65234375
801,-0.1875,-0.08203125,0.625
802,-0.1171875,-0.07421875,0.65234375
803,-0.0859375,-0.05078125,0.71484375
804,-0.08203125,-0.03515625,0.77734375
805,-0.046875,-0.03515625,0.80859375
806,-0.05859375,-0.02734375,0.80078125
807,-0.046875,-0.06640625,0.78125
808,-0.06640625,-0.1171875,0.8515625
809,-0.0546875,-0.19140625,0.859375
810,-0.046875,-0.2109375,0.85546875
811,-0.12890625,-0.21484375,0.890625
812,-0.19140625,-0.1875,0.92578125
813,-0.1875,-0.140625,0.94140625
814,-0.19921875,-0.078125,0.9609375
815,-0.17578125,-0.04296875,0.97265625
816,-0.18359375,0.0234375,0.953125
817,-0.16796875,0.06640625,0.9453125
818,-0.171875,0.0859375,0.921875
819,-0.18359375,0.1171875,0.921875
820,-0.16796875,0.12890625,0.91796875
821,-0.17578125,0.1328125,0.90625
822,-0.1875,0.140625,0.88671875
823,-0.16015625,0.140625,0.91015625
824,-0.171875,0.15234375,0.9140625
825,-0.1875,0.16015625,0.9375
826,-0.18359375,0.171875,0.9296875
827,-0.1796875,0.17578125,0.92578125
828,-0.18359375,0.1875,0.9296875
829,-0.171875,0.18359375,0.91796875
830,-0.18359375,0.16796875,0.8984375
831,-0.15234375,0.12109375,0.89453125
832,-0.1796875,0.109375,0.90234375
833,-0.171875,0.0625,0.88671875
834,-0.1796875,0.046875,0.89453125
835,-0.19140625,0.03515625,0.890625
836,-0.1875,0.0234375,0.90234375
837,-0.1875,0.01171875,0.89453125
838,-0.19921875,0.00390625,0.89453125
839,-0.20703125,-0.00390625,0.89453125
840,-0.2109375,-0.015625,0.9140625
841,-0.2109375,-0.01953125,0.9375
842,-0.21484375,-0.02734375,0.9140625
843,-0.2109375,-0.05859375,0.92578125
844,-0.21875,-0.05078125,0.93359375
845,-0.21484375,-0.0546875,0.9140625
846,-0.23046875,-0.0703125,0.91015625
847,-0.22265625,-0.078125,0.9296875
848,-0.23046875,-0.078125,0.9140625
849,-0.23046875,-0.08203125,0.89453125
850,-0.23046875,-0.078125,0.89453125
851,-0.20703125,-0.08984375,0.89453125
852,-0.21875,-0.0859375,0.875
853,-0.21875,-0.109375,0.89453125
854,-0.234375,-0.078125,0.8828125
855,-0.23046875,-0.09765625,0.87109375
856,-0.23046875,-0.09765625,0.88671875
857,-0.22265625,-0.1015625,0.88671875
858,-0.234375,-0.078125,0.875
859,-0.234375,-0.07421875,0.87109375
860,-0.2421875,-0.08203125,0.87109375
861,-0.234375,-0.078125,0.8828125
862,-0.23828125,-0.078125,0.87890625
863,-0.2109375,-0.07421875,0.8671875
864,-0.21875,-0.07421875,0.88671875
865,-0.22265625,-0.0703125,0.8828125
866,-0.1953125,-0.06640625,0.875
867,-0.203125,-0.05859375,0.87109375
868,-0.19921875,-0.03515625,0.87109375
869,-0.19140625,-0.0390625,0.86328125
870,-0.171875,-0.03515625,0.87109375
871,-0.18359375,-0.02734375,0.859375
872,-0.171875,-0.03515625,0.87109375
873,-0.17578125,-0.03125,0.85546875
874,-0.1640625,-0.03125,0.84375
875,-0.171875,-0.02734375,0.85546875
876,-0.16015625,-0.0234375,0.85546875
877,-0.15234375,-0.0234375,0.84375
878,-0.16015625,-0.01953125,0.84765625
879,-0.1640625,-0.0234375,0.85546875
880,-0.16015625,0.00390625,0.84765625
881,-0.16015625,-0.01171875,0.87109375
882,-0.16015625,-0.00390625,0.8671875
883,-0.1484375,0.01171875,0.88671875
884,-0.1796875,0.03125,0.8828125
885,-0.16796875,0.0078125,0.8984375
886,-0.15234375,0.015625,0.88671875
887,-0.15234375,0.03125,0.8984375
888,-0.14453125,0.0390625,0.890625
889,-0.171875,0.03125,0.90625
890,-0.1875,0.02734375,0.8984375
891,-0.1484375,0.01953125,0.90625
892,-0.1875,0.02734375,0.8984375
893,-0.1640625,0.0234375,0.89453125
894,-0.18359375,0.02734375,0.8984375
895,-0.1875,0.00390625,0.9140625
896,-0.18359375,0.02734375,0.9296875
897,-0.17578125,0.0,0.91015625
898,-0.19140625,0.015625,0.91015625
899,-0.20703125,-0.0078125,0.90625
900,-0.22265625,-0.0078125,0.91015625
901,-0.19140625,-0.0078125,0.921875
902,-0.19921875,-0.015625,0.91796875
903,-0.19921875,-0.0078125,0.89453125
904,-0.19921875,-0.0234375,0.90625
905,-0.1953125,-0.015625,0.90625
906,-0.1875,-0.0234375,0.90234375
907,-0.1875,-0.02734375,0.90234375
908,-0.19921875,-0.01953125,0.921875
909,-0.19140625,-0.01953125,0.9140625
910,-0.18359375,-0.0234375,0.8984375
911,-0.20703125,-0.0234375,0.90234375
912,-0.19140625,-0.02734375,0.90234375
913,-0.1953125,-0.02734375,0.88671875
914,-0.1875,-0.0234375,0.87109375
915,-0.1875,-0.01953125,0.890625
916,-0.19921875,-0.015625,0.90234375
917,-0.18359375,-0.01171875,0.890625
918,-0.17578125,-0.015625,0.89453125
919,-0.18359375,-0.01953125,0.89453125
920,-0.16796875,-0.015625,0.87109375
921,-0.1796875,-0.0234375,0.86328125
922,-0.1875,-0.02734375,0.8515625
923,-0.171875,-0.015625,0.87890625
924,-0.17578125,-0.01953125,0.86328125
925,-0.1796875,-0.0234375,0.859375
926,-0.171875,-0.01171875,0.859375
927,-0.16796875,-0.0078125,0.8671875
928,-0.1640625,0.0,0.875
929,-0.1640625,-0.00390625,0.859375
930,-0.171875,0.0,0.86328125
931,-0.17578125,-0.00390625,0.8671875
932,-0.1015625,0.02734375,0.86328125
933,-0.19140625,-0.046875,0.85546875
934,-0.21875,0.0,0.90625
935,-0.203125,-0.00390625,0.89453125
936,-0.1796875,0.01171875,0.890625
937,-0.16796875,0.0,0.90234375
938,-0.21484375,0.015625,0.890625
939,-0.20703125,0.0390625,0.92578125
940,-0.1796875,0.03515625,0.9375
941,-0.15625,0.0390625,0.91796875
942,-0.1953125,0.02734375,0.8984375
943,-0.19921875,0.03515625,0.890625
944,-0.203125,0.01171875,0.88671875
945,-0.19140625,0.00390625,0.88671875
946,-0.17578125,-0.00390625,0.90625
947,-0.1875,0.01171875,0.90234375
948,-0.171875,0.03125,0.9140625
949,-0.18359375,0.03125,0.8984375
950,-0.1796875,0.0234375,0.8984375
951,-0.19140625,0.015625,0.890625
952,-0.1875,0.015625,0.8828125
953,-0.19140625,0.0234375,0.8984375
954,-0.19140625,0.01953125,0.87890625
955,-0.17578125,0.0078125,0.8984375
956,-0.18359375,0.015625,0.90234375
957,-0.203125,0.03125,0.91796875
958,-0.15625,0.0234375,0.8984375
959,-0.15234375,0.015625,0.90625
960,-0.18359375,0.0234375,0.88671875
961,-0.203125,0.03125,0.88671875
962,-0.203125,0.01953125,0.89453125
963,-0.19921875,0.01171875,0.89453125
964,-0.18359375,0.015625,0.89453125
965,-0.171875,0.01953125,0.8671875
966,-0.1953125,0.02734375,0.89453125
967,-0.17578125,0.015625,0.90234375
968,-0.171875,0.0234375,0.90234375
969,-0.1796875,0.0234375,0.88671875
970,-0.1796875,0.02734375,0.89453125
971,-0.171875,0.03125,0.8828125
972,-0.19140625,0.0234375,0.8828125
973,-0.17578125,0.015625,0.8984375
974,-0.19140625,0.0234375,0.8984375
975,-0.1953125,0.0234375,0.89453125
976,-0.17578125,0.015625,0.88671875
977,-0.18359375,0.02734375,0.875
978,-0.17578125,0.01953125,0.88671875
979,-0.16796875,0.0234375,0.89453125
980,-0.16796875,0.01953125,0.8515625
981,-0.19140625,0.02734375,0.8828125
982,-0.17578125,0.03515625,0.8828125
983,-0.17578125,0.03515625,0.91015625
984,-0.1796875,0.02734375,0.87890625
985,-0.1875,0.02734375,0.88671875
986,-0.18359375,0.0234375,0.8828125
987,-0.17578125,0.03125,0.8984375
988,-0.17578125,0.0390625,0.90625
989,-0.171875,0.0390625,0.8984375
990,-0.1875,0.03125,0.87890625
991,-0.18359375,0.04296875,0.875
992,-0.18359375,0.02734375,0.890625
993,-0.18359375,0.04296875,0.90234375
994,-0.18359375,0.03515625,0.89453125
995,-0.1875,0.0390625,0.8828125
996,-0.1875,0.03515625,0.8828125
997,-0.1875,0.0546875,0.8984375
998,-0.18359375,0.046875,0.890625
999,-0.19921875,0.03515625,0.890625
1000,-0.171875,0.046875,0.890625
1001,-0.15234375,0.03515625,0.8984375
1002,-0.15234375,0.0234375,0.890625
1003,-0.16015625,0.05078125,0.87890625
1004,-0.17578125,0.0390625,0.87890625
1005,-0.14453125,0.015625,0.8515625
1006,-0.15625,0.02734375,0.87890625
1007,-0.171875,0.03515625,0.87109375
1008,-0.18359375,0.03515625,0.91015625
1009,-0.1953125,0.0546875,0.91015625
1010,-0.171875,0.046875,0.90625
1011,-0.16015625,0.02734375,0.890625
1012,-0.14453125,0.04296875,0.90234375
1013,-0.171875,0.05078125,0.89453125
1014,-0.18359375,0.03125,0.88671875
1015,-0.1953125,0.03515625,0.87890625
1016,-0.18359375,0.04296875,0.875
1017,-0.1875,0.03515625,0.890625
1018,-0.16796875,0.03515625,0.8984375
1019,-0.1796875,0.046875,0.890625
1020,-0.171875,0.04296875,0.890625
1021,-0.1796875,0.0390625,0.87109375
1022,-0.1875,0.046875,0.875
1023,-0.19140625,0.046875,0.89453125
1024,-0.19140625,0.04296875,0.8828125
1025,-0.17578125,0.046875,0.89453125
1026,-0.1796875,0.046875,0.87890625
1027,-0.17578125,0.03515625,0.8515625
1028,-0.16015625,0.04296875,0.8828125
1029,-0.1875,0.04296875,0.8984375
1030,-0.17578125,0.05859375,0.90625
1031,-0.1796875,0.06640625,0.8984375
1032,-0.171875,0.05859375,0.88671875
1033,-0.1953125,0.0703125,0.88671875
1034,-0.1796875,0.046875,0.890625
1035,-0.1953125,0.05859375,0.90234375
1036,-0.171875,0.05078125,0.89453125
1037,-0.171875,0.046875,0.9140625
1038,-0.17578125,0.0546875,0.890625
1039,-0.16796875,0.0390625,0.88671875
1040,-0.19140625,0.04296875,0.88671875
1041,-0.17578125,0.0546875,0.875
1042,-0.18359375,0.0625,0.890625
1043,-0.125,0.0390625,0.875
1044,-0.16796875,0.0625,0.890625
1045,-0.171875,0.0546875,0.89453125
1046,-0.17578125,0.0625,0.8984375
1047,-0.171875,0.0625,0.875
1048,-0.171875,0.046875,0.86328125
1049,-0.1796875,0.0625,0.90234375
1050,-0.1796875,0.0625,0.8984375
1051,-0.171875,0.06640625,0.87890625
1052,-0.1640625,0.05859375,0.90234375
1053,-0.1796875,0.0625,0.88671875
1054,-0.1796875,0.05859375,0.90234375
1055,-0.16796875,0.046875,0.90234375
1056,-0.16796875,0.05078125,0.890625
1057,-0.17578125,0.0625,0.88671875
1058,-0.16796875,0.0625,0.8984375
1059,-0.17578125,0.0546875,0.89453125
1060,-0.171875,0.05078125,0.890625
1061,-0.1875,0.05859375,0.8984375
1062,-0.18359375,0.05859375,0.88671875
1063,-0.1875,0.0703125,0.91015625
1064,-0.17578125,0.046875,0.89453125
1065,-0.16796875,0.046875,0.90625
1066,-0.1796875,0.0546875,0.875
1067,-0.16796875,0.0390625,0.8828125
1068,-0.16015625,0.046875,0.87890625
1069,-0.17578125,0.05078125,0.87890625
1070,-0.1640625,0.0546875,0.875
1071,-0.171875,0.04296875,0.87890625
1072,-0.16796875,0.0625,0.89453125
1073,-0.171875,0.046875,0.875
1074,-0.171875,0.05859375,0.88671875
1075,-0.1640625,0.0625,0.87109375
1076,-0.171875,0.0546875,0.8984375
1077,-0.1640625,0.05859375,0.87890625
1078,-0.15625,0.0625,0.86328125
1079,-0.17578125,0.046875,0.8671875
1080,-0.17578125,0.0625,0.91796875
1081,-0.16796875,0.046875,0.8828125
1082,-0.16796875,0.0625,0.88671875
1083,-0.15625,0.0859375,0.91796875
1084,-0.1640625,0.078125,0.90234375
1085,-0.171875,0.05859375,0.890625
1086,-0.1796875,0.05859375,0.87890625
1087,-0.18359375,0.06640625,0.8984375
1088,-0.18359375,0.05859375,0.88671875
1089,-0.17578125,0.0546875,0.89453125
1090,-0.15234375,0.05859375,0.890625
1091,-0.11328125,0.07421875,0.9140625
1092,-0.1640625,0.0625,0.89453125
1093,-0.1640625,0.0625,0.8984375
1094,-0.16796875,0.0625,0.89453125
1095,-0.16796875,0.0546875,0.87890625
1096,-0.16796875,0.05859375,0.875
1097,-0.140625,0.03515625,0.84375
1098,-0.1953125,0.06640625,0.91015625
1099,-0.1953125,0.0859375,0.93359375
1100,-0.16015625,0.0703125,0.8984375
1101,-0.1640625,0.06640625,0.875
1102,-0.15625,0.06640625,0.90625
1103,-0.15625,0.0703125,0.87890625
1104,-0.16015625,0.0703125,0.89453125
1105,-0.16796875,0.06640625,0.87890625
1106,-0.171875,0.0625,0.8828125
1107,-0.1640625,0.0703125,0.89453125
1108,-0.1796875,0.0703125,0.8984375
1109,-0.17578125,0.0703125,0.89453125
1110,-0.171875,0.0625,0.8828125
1111,-0.1640625,0.0703125,0.8984375
1112,-0.1640625,0.07421875,0.88671875
1113,-0.1640625,0.0546875,0.89453125
1114,-0.1640625,0.078125,0.88671875
1115,-0.1640625,0.0703125,0.890625
1116,-0.1640625,0.06640625,0.890625
1117,-0.1640625,0.0703125,0.8984375
1118,-0.17578125,0.0703125,0.88671875
1119,-0.16796875,0.07421875,0.890625
1120,-0.16796875,0.0703125,0.90625
1121,-0.171875,0.07421875,0.8828125
1122,-0.16796875,0.06640625,0.88671875
1123,-0.16015625,0.0703125,0.90625
1124,-0.16796875,0.0625,0.890625
1125,-0.16796875,0.078125,0.890625
1126,-0.171875,0.078125,0.89453125
1127,-0.1640625,0.0703125,0.875
1128,-0.15625,0.06640625,0.90234375
1129,-0.15625,0.08203125,0.89453125
1130,-0.16015625,0.07421875,0.8984375
1131,-0.16015625,0.06640625,0.890625
1132,-0.1640625,0.07421875,0.87890625
1133,-0.16796875,0.07421875,0.90625
1134,-0.15234375,0.05859375,0.875
1135,-0.15234375,0.06640625,0.8828125
1136,-0.15234375,0.06640625,0.8828125
1137,-0.16796875,0.078125,0.89453125
1138,-0.16015625,0.0625,0.87890625
1139,-0.16796875,0.06640625,0.8828125
1140,-0.16796875,0.0703125,0.87109375
1141,-0.1640625,0.078125,0.87890625
1142,-0.16796875,0.0703125,0.90234375
1143,-0.16015625,0.078125,0.90234375
1144,-0.1640625,0.0703125,0.8828125
1145,-0.1640625,0.07421875,0.8828125
1146,-0.16015625,0.06640625,0.87890625
1147,-0.16796875,0.07421875,0.88671875
1148,-0.15625,0.0703125,0.8984375
1149,-0.1640625,0.07421875,0.8828125
1150,-0.16015625,0.07421875,0.8984375
1151,-0.15234375,0.06640625,0.89453125
1152,-0.16796875,0.078125,0.88671875
1153,-0.16796875,0.08203125,0.88671875
1154,-0.1640625,0.078125,0.89453125
1155,-0.16015625,0.07421875,0.8828125
1156,-0.171875,0.06640625,0.88671875
1157,-0.15625,0.06640625,0.8984375
1158,-0.16015625,0.0703125,0.89453125
1159,-0.16796875,0.0703125,0.890625
1160,-0.1640625,0.06640625,0.88671875
1161,-0.1640625,0.07421875,0.875
1162,-0.1640625,0.0625,0.89453125
1163,-0.15625,0.0703125,0.875
1164,-0.15625,0.0703125,0.88671875
1165,-0.16015625,0.07421875,0.8828125
1166,-0.171875,0.078125,0.89453125
1167,-0.16015625,0.08984375,0.88671875
1168,-0.14453125,0.07421875,0.90234375
1169,-0.1484375,0.0625,0.88671875
1170,-0.1484375,0.05859375,0.90625
1171,-0.16015625,0.06640625,0.890625
1172,-0.16015625,0.08203125,0.89453125
1173,-0.1484375,0.0625,0.90234375
1174,-0.15234375,0.06640625,0.89453125
1175,-0.15625,0.07421875,0.88671875
1176,-0.15234375,0.07421875,0.88671875
1177,-0.15625,0.06640625,0.88671875
1178,-0.15625,0.05859375,0.89453125
1179,-0.16015625,0.06640625,0.87890625
1180,-0.16015625,0.078125,0.8984375
1181,-0.15234375,0.06640625,0.875
1182,-0.15234375,0.07421875,0.859375
1183,-0.16015625,0.07421875,0.8984375
1184,-0.1640625,0.0859375,0.87109375
1185,-0.16015625,0.078125,0.89453125
1186,-0.16015625,0.0859375,0.8984375
1187,-0.1640625,0.0859375,0.890625
1188,-0.1640625,0.06640625,0.88671875
1189,-0.1640625,0.078125,0.88671875
1190,-0.15234375,0.07421875,0.890625
1191,-0.15625,0.0703125,0.8984375
1192,-0.1640625,0.078125,0.87890625
1193,-0.15625,0.07421875,0.87890625
1194,-0.1640625,0.08203125,0.8984375
1195,-0.1640625,0.08203125,0.87890625
1196,-0.16015625,0.0703125,0.88671875
1197,-0.1640625,0.0859375,0.8828125
1198,-0.15234375,0.07421875,0.89453125
1199,-0.16796875,0.07421875,0.8828125
1200,-0.16796875,0.07421875,0.88671875
1201,-0.15625,0.06640625,0.88671875
1202,-0.1484375,0.05859375,0.88671875
1203,-0.16796875,0.078125,0.88671875
1204,-0.15625,0.06640625,0.8984375
1205,-0.16015625,0.078125,0.890625
1206,-0.1640625,0.07421875,0.89453125
1207,-0.1640625,0.07421875,0.8984375
1208,-0.16015625,0.07421875,0.90234375
1209,-0.15625,0.078125,0.87890625
1210,-0.1640625,0.07421875,0.8984375
1211,-0.16015625,0.0859375,0.890625
1212,-0.16015625,0.08203125,0.890625
1213,-0.1640625,0.07421875,0.90234375
1214,-0.15625,0.078125,0.89453125
1215,-0.1484375,0.0859375,0.90234375
1216,-0.15625,0.08203125,0.9140625
1217,-0.15625,0.0703125,0.8984375
1218,-0.1640625,0.06640625,0.91015625
1219,-0.15234375,0.0625,0.90234375
1220,-0.15625,0.06640625,0.90234375
1221,-0.1484375,0.0625,0.88671875
1222,-0.1640625,0.078125,0.89453125
1223,-0.1640625,0.06640625,0.8984375
1224,-0.15625,0.07421875,0.8828125
1225,-0.15625,0.078125,0.8828125
1226,-0.1484375,0.06640625,0.890625
1227,-0.15234375,0.07421875,0.8984375
1228,-0.16015625,0.0703125,0.8828125
1229,-0.16015625,0.07421875,0.8828125
1230,-0.15234375,0.0703125,0.8828125
1231,-0.1640625,0.0703125,0.90234375
1232,-0.15625,0.0546875,0.88671875
1233,-0.1640625,0.0703125,0.890625
1234,-0.16015625,0.06640625,0.8984375
1235,-0.1640625,0.06640625,0.8828125
1236,-0.16015625,0.0625,0.90234375
1237,-0.16796875,0.0703125,0.90625
1238,-0.16015625,0.0546875,0.8984375
1239,-0.16015625,0.05859375,0.890625
1240,-0.17578125,0.05859375,0.8828125
1241,-0.16796875,0.05859375,0.8828125
1242,-0.1640625,0.0703125,0.87109375
1243,-0.15234375,0.06640625,0.8828125
1244,-0.171875,0.07421875,0.87890625
1245,-0.17578125,0.0625,0.8671875
1246,-0.1640625,0.06640625,0.87890625
1247,-0.1640625,0.06640625,0.87109375
1248,-0.16015625,0.05859375,0.89453125
1249,-0.15625,0.078125,0.88671875
1250,-0.16015625,0.07421875,0.89453125
1251,-0.1640625,0.07421875,0.875
1252,-0.17578125,0.078125,0.90625
1253,-0.1640625,0.06640625,0.88671875
1254,-0.1640625,0.0703125,0.875
1255,-0.15625,0.07421875,0.89453125
1256,-0.16015625,0.06640625,0.90625
1257,-0.15625,0.06640625,0.90625
1258,-0.1640625,0.06640625,0.90234375
1259,-0.1640625,0.0703125,0.8984375
1260,-0.16015625,0.078125,0.8984375
1261,-0.15625,0.0703125,0.89453125
1262,-0.16796875,0.07421875,0.87890625
1263,-0.1640625,0.06640625,0.87890625
1264,-0.15625,0.0625,0.87890625
1265,-0.16015625,0.0703125,0.89453125
1266,-0.16015625,0.0703125,0.89453125
1267,-0.1640625,0.06640625,0.89453125
1268,-0.16796875,0.0625,0.8828125
1269,-0.15234375,0.0625,0.8984375
1270,-0.16015625,0.07421875,0.88671875
1271,-0.1484375,0.0625,0.8984375
1272,-0.1640625,0.0703125,0.8984375
1273,-0.1640625,0.05859375,0.88671875
1274,-0.16015625,0.0625,0.88671875
1275,-0.16796875,0.06640625,0.8828125
1276,-0.16015625,0.0703125,0.88671875
1277,-0.16015625,0.04296875,0.91015625
1278,-0.16015625,0.06640625,0.90234375
1279,-0.15625,0.0625,0.88671875
1280,-0.171875,0.06640625,0.90625
1281,-0.16796875,0.06640625,0.88671875
1282,-0.16796875,0.07421875,0.87890625
1283,-0.1640625,0.0703125,0.890625
1284,-0.16796875,0.06640625,0.87890625
1285,-0.16015625,0.05859375,0.88671875
1286,-0.15625,0.0625,0.88671875
1287,-0.16796875,0.07421875,0.8828125
1288,-0.15625,0.0703125,0.8828125
1289,-0.16796875,0.078125,0.89453125
1290,-0.1640625,0.0546875,0.8984375
1291,-0.171875,0.0703125,0.890625
1292,-0.1640625,0.06640625,0.89453125
1293,-0.16796875,0.05859375,0.890625
1294,-0.1640625,0.0703125,0.890625
1295,-0.1640625,0.0625,0.90625
1296,-0.16015625,0.0703125,0.86328125
1297,-0.16796875,0.05859375,0.89453125
1298,-0.171875,0.06640625,0.89453125
1299,-0.15625,0.06640625,0.8828125
1300,-0.16015625,0.0625,0.8828125
1301,-0.171875,0.0703125,0.890625
1302,-0.16796875,0.0625,0.90234375
1303,-0.17578125,0.0703125,0.90625
1304,-0.16015625,0.05859375,0.87890625
1305,-0.1640625,0.06640625,0.890625
1306,-0.15625,0.06640625,0.890625
1307,-0.1640625,0.0546875,0.87890625
1308,-0.16796875,0.0625,0.90625
1309,-0.171875,0.078125,0.8984375
1310,-0.16796875,0.07421875,0.87109375
1311,-0.15625,0.05859375,0.890625
1312,-0.17578125,0.06640625,0.89453125
1313,-0.171875,0.0625,0.890625
1314,-0.16015625,0.06640625,0.890625
1315,-0.17578125,0.0625,0.88671875
1316,-0.16796875,0.0625,0.88671875
1317,-0.16796875,0.078125,0.87890625
1318,-0.16796875,0.05859375,0.8828125
1319,-0.15625,0.0625,0.890625
1320,-0.1640625,0.0703125,0.88671875
1321,-0.16796875,0.05078125,0.890625
1322,-0.15625,0.05078125,0.890625
1323,-0.17578125,0.05859375,0.88671875
1324,-0.1640625,0.05859375,0.88671875
1325,-0.1640625,0.06640625,0.890625
1326,-0.16015625,0.05859375,0.91015625
1327,-0.171875,0.06640625,0.87890625
1328,-0.16015625,0.05078125,0.88671875
1329,-0.16015625,0.06640625,0.90234375
1330,-0.18359375,0.07421875,0.89453125
1331,-0.1640625,0.0625,0.87890625
1332,-0.1640625,0.0625,0.90234375
1333,-0.1640625,0.05859375,0.8984375
1334,-0.16796875,0.046875,0.875
1335,-0.15625,0.05078125,0.88671875
1336,-0.16796875,0.05859375,0.8828125
1337,-0.1640625,0.0703125,0.90234375
1338,-0.16796875,0.0546875,0.89453125
1339,-0.171875,0.05078125,0.890625
1340,-0.16796875,0.05859375,0.890625
1341,-0.171875,0.0546875,0.8984375
1342,-0.1640625,0.0625,0.8828125
1343,-0.171875,0.05859375,0.890625
1344,-0.17578125,0.0625,0.87109375
1345,-0.171875,0.05859375,0.8828125
1346,-0.16015625,0.0625,0.88671875
1347,-0.16015625,0.06640625,0.89453125
1348,-0.15234375,0.0546875,0.87109375
1349,-0.171875,0.0625,0.8984375
1350,-0.17578125,0.06640625,0.87890625
1351,-0.17578125,0.05859375,0.875
1352,-0.16796875,0.0703125,0.8828125
1353,-0.1640625,0.05078125,0.890625
1354,-0.15625,0.0625,0.8828125
1355,-0.1640625,0.0546875,0.89453125
1356,-0.16796875,0.0546875,0.875
1357,-0.16796875,0.0625,0.875
1358,-0.16015625,0.0546875,0.89453125
1359,-0.16796875,0.05859375,0.89453125
1360,-0.16796875,0.05859375,0.8984375
1361,-0.16796875,0.0546875,0.87890625
1362,-0.1796875,0.0625,0.890625
1363,-0.15625,0.046875,0.8984375
1364,-0.15625,0.05078125,0.87890625
1365,-0.171875,0.05078125,0.8984375
1366,-0.1640625,0.0546875,0.8984375
1367,-0.1640625,0.05859375,0.88671875
1368,-0.1640625,0.05078125,0.8984375
1369,-0.16015625,0.046875,0.8828125
1370,-0.171875,0.05859375,0.90234375
1371,-0.1640625,0.0546875,0.8984375
1372,-0.15625,0.05859375,0.8984375
1373,-0.16015625,0.0546875,0.89453125
1374,-0.1875,0.0625,0.88671875
1375,-0.15625,0.05859375,0.890625
1376,-0.171875,0.046875,0.87890625
1377,-0.171875,0.06640625,0.8984375
1378,-0.1640625,0.05859375,0.90234375
1379,-0.1796875,0.05859375,0.87890625
1380,-0.1640625,0.05078125,0.890625
1381,-0.16796875,0.05859375,0.90625
1382,-0.16015625,0.046875,0.890625
1383,-0.1796875,0.0625,0.90234375
1384,-0.16796875,0.0546875,0.890625
1385,-0.17578125,0.046875,0.8828125
1386,-0.171875,0.05078125,0.890625
1387,-0.16015625,0.046875,0.87890625
1388,-0.1484375,0.05859375,0.90625
1389,-0.171875,0.046875,0.890625
1390,-0.17578125,0.0546875,0.890625
1391,-0.16796875,0.06640625,0.89453125
1392,-0.16015625,0.04296875,0.90625
1393,-0.1640625,0.046875,0.8828125
1394,-0.171875,0.0625,0.890625
1395,-0.171875,0.0546875,0.890625
1396,-0.16796875,0.05078125,0.90234375
1397,-0.17578125,0.05078125,0.89453125
1398,-0.15625,0.04296875,0.88671875
1399,-0.1640625,0.046875,0.90234375
1400,-0.171875,0.04296875,0.88671875
1401,-0.17578125,0.05078125,0.90234375
1402,-0.171875,0.05078125,0.90625
1403,-0.16796875,0.046875,0.91015625
1404,-0.16796875,0.046875,0.89453125
1405,-0.16796875,0.05078125,0.90234375
1406,-0.17578125,0.046875,0.8984375
1407,-0.16796875,0.0390625,0.890625
1408,-0.171875,0.0546875,0.8828125
1409,-0.1640625,0.03515625,0.8671875
1410,-0.17578125,0.0546875,0.86328125
1411,-0.17578125,0.05078125,0.89453125
1412,-0.16796875,0.03515625,0.88671875
1413,-0.16796875,0.05078125,0.8671875
1414,-0.1640625,0.046875,0.89453125
1415,-0.16015625,0.05078125,0.875
1416,-0.16796875,0.046875,0.88671875
1417,-0.16796875,0.046875,0.8828125
1418,-0.16796875,0.05078125,0.88671875
1419,-0.15234375,0.0546875,0.890625
1420,-0.17578125,0.046875,0.890625
1421,-0.1640625,0.04296875,0.8984375
1422,-0.1640625,0.046875,0.90234375
1423,-0.1796875,0.05859375,0.890625
1424,-0.16796875,0.046875,0.8984375
1425,-0.17578125,0.046875,0.890625
1426,-0.1640625,0.0546875,0.88671875
1427,-0.1640625,0.0390625,0.8828125
1428,-0.1640625,0.0546875,0.87890625
1429,-0.171875,0.046875,0.8984375
1430,-0.16796875,0.05078125,0.890625
1431,-0.171875,0.03515625,0.890625
1432,-0.171875,0.04296875,0.87109375
1433,-0.16015625,0.0390625,0.88671875
1434,-0.16796875,0.046875,0.875
1435,-0.17578125,0.0390625,0.88671875
1436,-0.16015625,0.04296875,0.88671875
1437,-0.16796875,0.0390625,0.88671875
1438,-0.17578125,0.0546875,0.88671875
1439,-0.171875,0.0390625,0.89453125
1440,-0.1640625,0.046875,0.88671875
1441,-0.15625,0.046875,0.890625
1442,-0.16015625,0.0390625,0.90625
1443,-0.1640625,0.05859375,0.890625
1444,-0.16796875,0.0546875,0.88671875
1445,-0.16796875,0.04296875,0.87890625
1446,-0.16796875,0.04296875,0.890625
1447,-0.171875,0.046875,0.88671875
1448,-0.16796875,0.05078125,0.8828125
1449,-0.15625,0.04296875,0.8984375
1450,-0.15625,0.046875,0.89453125
1451,-0.171875,0.0546875,0.890625
1452,-0.15625,0.0546875,0.89453125
1453,-0.171875,0.05859375,0.89453125
1454,-0.16796875,0.05078125,0.87890625
1455,-0.171875,0.046875,0.8984375
1456,-0.17578125,0.04296875,0.89453125
1457,-0.16796875,0.046875,0.87890625
1458,-0.16796875,0.04296875,0.89453125
1459,-0.17578125,0.05078125,0.890625
1460,-0.17578125,0.04296875,0.890625
1461,-0.16015625,0.0390625,0.87890625
1462,-0.1640625,0.046875,0.8828125
1463,-0.171875,0.0546875,0.89453125
1464,-0.1640625,0.0546875,0.89453125
1465,-0.17578125,0.0625,0.88671875
1466,-0.1640625,0.0546875,0.87890625
1467,-0.171875,0.0625,0.88671875
1468,-0.16796875,0.0546875,0.8828125
1469,-0.1640625,0.0546875,0.890625
1470,-0.17578125,0.05859375,0.8984375
1471,-0.17578125,0.05859375,0.890625
1472,-0.1640625,0.06640625,0.8984375
1473,-0.15625,0.05078125,0.8984375
1474,-0.1640625,0.0546875,0.890625
1475,-0.16796875,0.05859375,0.91015625
1476,-0.16796875,0.0625,0.89453125
1477,-0.17578125,0.05078125,0.890625
1478,-0.16796875,0.05859375,0.8828125
1479,-0.16796875,0.05078125,0.890625
1480,-0.16796875,0.05078125,0.8828125
1481,-0.15625,0.05078125,0.88671875
1482,-0.17578125,0.0625,0.8828125
1483,-0.16796875,0.046875,0.890625
1484,-0.1640625,0.0546875,0.8828125
1485,-0.16015625,0.046875,0.88671875
1486,-0.16796875,0.05859375,0.890625
1487,-0.171875,0.05859375,0.8828125
1488,-0.171875,0.0546875,0.8984375
1489,-0.16796875,0.046875,0.890625
1490,-0.171875,0.05078125,0.88671875
1491,-0.1640625,0.05078125,0.88671875
1492,-0.1640625,0.0390625,0.87890625
1493,-0.17578125,0.0546875,0.89453125
1494,-0.171875,0.05859375,0.8828125
1495,-0.16796875,0.0625,0.87890625
1496,-0.1640625,0.0546875,0.90234375
1497,-0.171875,0.0625,0.87890625
1498,-0.16796875,0.05078125,0.87890625
1499,-0.1640625,0.05078125,0.89453125
1500,-0.1640625,0.06640625,0.890625
1501,-0.1640625,0.0546875,0.89453125
1502,-0.16015625,0.06640625,0.89453125
1503,-0.17578125,0.0546875,0.91015625
1504,-0.16796875,0.0546875,0.890625
1505,-0.171875,0.05859375,0.8828125
1506,-0.16796875,0.0625,0.88671875
1507,-0.1640625,0.0546875,0.8984375
1508,-0.16796875,0.0625,0.890625
1509,-0.171875,0.06640625,0.89453125
1510,-0.16796875,0.0546875,0.8828125
1511,-0.1640625,0.05859375,0.89453125
1512,-0.16796875,0.046875,0.8984375
1513,-0.16796875,0.0625,0.88671875
1514,-0.16796875,0.0546875,0.8984375
1515,-0.171875,0.0625,0.890625
1516,-0.1484375,0.05078125,0.90234375
1517,-0.1640625,0.0625,0.87890625
1518,-0.1640625,0.05078125,0.90234375
1519,-0.15234375,0.05078125,0.875
1520,-0.171875,0.0546875,0.89453125
1521,-0.16796875,0.0625,0.8828125
1522,-0.17578125,0.0703125,0.88671875
1523,-0.16796875,0.05859375,0.890625
1524,-0.16015625,0.05859375,0.88671875
1525,-0.171875,0.0625,0.88671875
1526,-0.17578125,0.0625,0.90625
1527,-0.1796875,0.0625,0.8984375
1528,-0.16796875,0.06640625,0.8828125
1529,-0.1640625,0.05859375,0.89453125
1530,-0.1640625,0.0546875,0.890625
1531,-0.16015625,0.05078125,0.8984375
1532,-0.17578125,0.05859375,0.890625
1533,-0.16796875,0.05859375,0.88671875
1534,-0.171875,0.06640625,0.8984375
1535,-0.16796875,0.06640625,0.8828125
1536,-0.1640625,0.05859375,0.88671875
1537,-0.16796875,0.0625,0.88671875
1538,-0.1796875,0.06640625,0.89453125
1539,-0.1640625,0.0546875,0.875
1540,-0.171875,0.05859375,0.8828125
1541,-0.16796875,0.0625,0.8984375
1542,-0.16015625,0.0546875,0.88671875
1543,-0.16796875,0.05859375,0.8828125
1544,-0.171875,0.05859375,0.89453125
1545,-0.17578125,0.0546875,0.875
1546,-0.1640625,0.05078125,0.89453125
1547,-0.16796875,0.0625,0.88671875
1548,-0.171875,0.0546875,0.890625
1549,-0.1640625,0.0546875,0.89453125
1550,-0.171875,0.05859375,0.89453125
1551,-0.17578125,0.0625,0.89453125
1552,-0.16796875,0.05859375,0.8828125
1553,-0.171875,0.05859375,0.90625
1554,-0.16015625,0.05859375,0.88671875
1555,-0.171875,0.05859375,0.88671875
1556,-0.16796875,0.046875,0.875
1557,-0.15625,0.046875,0.890625
1558,-0.1640625,0.05078125,0.8828125
1559,-0.16796875,0.0546875,0.89453125
1560,-0.1640625,0.05859375,0.8828125
1561,-0.17578125,0.07421875,0.87890625
1562,-0.16015625,0.05078125,0.8828125
1563,-0.16015625,0.0546875,0.8828125
1564,-0.17578125,0.0625,0.88671875
1565,-0.16796875,0.05859375,0.88671875
1566,-0.1796875,0.0625,0.88671875
1567,-0.171875,0.06640625,0.875
1568,-0.1796875,0.06640625,0.890625
1569,-0.16796875,0.0625,0.88671875
1570,-0.16796875,0.0703125,0.8984375
1571,-0.16015625,0.0625,0.890625
1572,-0.16796875,0.0625,0.8828125
1573,-0.16796875,0.0546875,0.89453125
1574,-0.16796875,0.05859375,0.88671875
1575,-0.16796875,0.05078125,0.8984375
1576,-0.15625,0.05859375,0.87109375
1577,-0.16015625,0.06640625,0.88671875
1578,-0.1640625,0.0546875,0.88671875
1579,-0.1640625,0.05078125,0.88671875
1580,-0.16796875,0.05078125,0.91796875
1581,-0.1875,0.07421875,0.890625
1582,-0.15625,0.0546875,0.890625
1583,-0.16796875,0.0625,0.890625
1584,-0.171875,0.05859375,0.90234375
1585,-0.16796875,0.06640625,0.90625
1586,-0.17578125,0.0625,0.88671875
1587,-0.1640625,0.05859375,0.89453125
1588,-0.16796875,0.06640625,0.87109375
1589,-0.17578125,0.0546875,0.91015625
1590,-0.16015625,0.0703125,0.8984375
1591,-0.16796875,0.0703125,0.8828125
1592,-0.16796875,0.0546875,0.87890625
1593,-0.16015625,0.06640625,0.89453125
1594,-0.171875,0.05859375,0.8828125
1595,-0.16015625,0.0625,0.88671875
1596,-0.17578125,0.06640625,0.90234375
1597,-0.171875,0.0703125,0.890625
1598,-0.16796875,0.0625,0.89453125
1599,-0.1640625,0.06640625,0.87890625
1600,-0.17578125,0.0703125,0.8828125
1601,-0.16796875,0.06640625,0.88671875
1602,-0.15234375,0.05859375,0.88671875
1603,-0.15234375,0.06640625,0.859375
1604,-0.1640625,0.06640625,0.87890625
1605,-0.17578125,0.07421875,0.890625
1606,-0.1640625,0.06640625,0.8828125
1607,-0.1640625,0.0625,0.890625
1608,-0.16015625,0.0703125,0.90234375
1609,-0.16796875,0.0625,0.88671875
1610,-0.1640625,0.0546875,0.8984375
1611,-0.17578125,0.06640625,0.88671875
1612,-0.16796875,0.06640625,0.890625
1613,-0.15625,0.06640625,0.88671875
1614,-0.171875,0.078125,0.890625
1615,-0.16796875,0.05859375,0.88671875
1616,-0.171875,0.0703125,0.8828125
1617,-0.16015625,0.06640625,0.890625
1618,-0.16796875,0.06640625,0.88671875
1619,-0.17578125,0.078125,0.88671875
1620,-0.171875,0.0703125,0.890625
1621,-0.16015625,0.0625,0.90234375
1622,-0.1640625,0.06640625,0.89453125
1623,-0.16015625,0.0625,0.890625
1624,-0.1640625,0.0703125,0.8671875
1625,-0.16796875,0.07421875,0.90625
1626,-0.16796875,0.06640625,0.8828125
1627,-0.1796875,0.05859375,0.89453125
1628,-0.17578125,0.0703125,0.87890625
1629,-0.16015625,0.0546875,0.890625
1630,-0.1640625,0.06640625,0.87890625
1631,-0.1640625,0.0703125,0.87890625
1632,-0.1640625,0.0703125,0.890625
1633,-0.16796875,0.07421875,0.8828125
1634,-0.1640625,0.0703125,0.890625
1635,-0.15234375,0.06640625,0.90625
1636,-0.16796875,0.0703125,0.88671875
1637,-0.16796875,0.07421875,0.90625
1638,-0.15625,0.0625,0.890625
1639,-0.16796875,0.0703125,0.87890625
1640,-0.1640625,0.0703125,0.87890625
1641,-0.17578125,0.0703125,0.890625
1642,-0.171875,0.06640625,0.9140625
1643,-0.16015625,0.0703125,0.8984375
1644,-0.1640625,0.078125,0.88671875
1645,-0.16015625,0.05859375,0.88671875
1646,-0.1640625,0.06640625,0.87109375
1647,-0.171875,0.078125,0.87890625
1648,-0.171875,0.0703125,0.90625
1649,-0.1640625,0.08203125,0.8828125
1650,-0.17578125,0.07421875,0.8828125
1651,-0.16796875,0.0703125,0.89453125
1652,-0.16796875,0.0703125,0.89453125
1653,-0.171875,0.0703125,0.90625
1654,-0.1640625,0.078125,0.89453125
1655,-0.16796875,0.078125,0.8671875
1656,-0.171875,0.078125,0.890625
1657,-0.16015625,0.07421875,0.890625
1658,-0.15234375,0.06640625,0.875
1659,-0.17578125,0.0703125,0.88671875
1660,-0.16796875,0.0703125,0.890625
1661,-0.16796875,0.0625,0.87109375
1662,-0.16015625,0.0703125,0.89453125
1663,-0.17578125,0.07421875,0.89453125
1664,-0.171875,0.06640625,0.90625
1665,-0.1640625,0.0703125,0.890625
1666,-0.16796875,0.0625,0.8828125
1667,-0.171875,0.07421875,0.8828125
1668,-0.1640625,0.0703125,0.8671875
1669,-0.1640625,0.07421875,0.8828125
1670,-0.1640625,0.07421875,0.890625
1671,-0.16015625,0.05859375,0.8828125
1672,-0.1640625,0.0703125,0.8984375
1673,-0.16015625,0.0703125,0.89453125
1674,-0.16796875,0.0703125,0.88671875
1675,-0.17578125,0.0625,0.90234375
1676,-0.1640625,0.078125,0.88671875
1677,-0.15625,0.06640625,0.8828125
1678,-0.15625,0.078125,0.8828125
1679,-0.15625,0.08203125,0.890625
1680,-0.16796875,0.06640625,0.90234375
1681,-0.171875,0.07421875,0.90234375
1682,-0.17578125,0.0703125,0.88671875
1683,-0.17578125,0.06640625,0.8828125
1684,-0.171875,0.078125,0.88671875
1685,-0.16796875,0.07421875,0.8828125
1686,-0.171875,0.07421875,0.88671875
1687,-0.15625,0.08203125,0.890625
1688,-0.16796875,0.0703125,0.90625
1689,-0.16796875,0.08203125,0.88671875
1690,-0.1640625,0.07421875,0.890625
1691,-0.1640625,0.07421875,0.8984375
1692,-0.16796875,0.0703125,0.8984375
1693,-0.16015625,0.078125,0.89453125
1694,-0.171875,0.07421875,0.88671875
1695,-0.17578125,0.07421875,0.89453125
1696,-0.1640625,0.078125,0.890625
1697,-0.16015625,0.07421875,0.87890625
1698,-0.16015625,0.08203125,0.89453125
1699,-0.15625,0.06640625,0.8984375
1700,-0.1640625,0.07421875,0.8828125
1701,-0.16015625,0.0703125,0.89453125
1702,-0.1484375,0.06640625,0.8828125
1703,-0.12890625,0.0625,0.8828125
1704,-0.17578125,0.078125,0.875
1705,-0.1875,0.08203125,0.875
1706,-0.15625,0.07421875,0.89453125
1707,-0.1796875,0.08203125,0.890625
1708,-0.16796875,0.07421875,0.91015625
1709,-0.16796875,0.07421875,0.89453125
1710,-0.16796875,0.0703125,0.89453125
1711,-0.16015625,0.078125,0.890625
1712,-0.16796875,0.08203125,0.8828125
1713,-0.1640625,0.07421875,0.8828125
1714,-0.15625,0.06640625,0.8984375
1715,-0.15625,0.0703125,0.90625
1716,-0.15625,0.06640625,0.89453125
1717,-0.17578125,0.07421875,0.89453125
1718,-0.1640625,0.0625,0.890625
1719,-0.16015625,0.05859375,0.88671875
1720,-0.1640625,0.078125,0.8828125
1721,-0.16015625,0.078125,0.8671875
1722,-0.16796875,0.0703125,0.87890625
1723,-0.17578125,0.08203125,0.88671875
1724,-0.16015625,0.08203125,0.8828125
1725,-0.16796875,0.078125,0.87890625
1726,-0.15234375,0.07421875,0.875
1727,-0.1484375,0.0703125,0.8828125
1728,-0.15625,0.07421875,0.90234375
1729,-0.15234375,0.08203125,0.890625
1730,-0.1640625,0.07421875,0.890625
1731,-0.16015625,0.07421875,0.890625
1732,-0.15625,0.078125,0.89453125
1733,-0.1640625,0.078125,0.90234375
1734,-0.16796875,0.0859375,0.890625
1735,-0.15234375,0.08203125,0.89453125
1736,-0.15625,0.078125,0.890625
1737,-0.14453125,0.0703125,0.8671875
1738,-0.16015625,0.07421875,0.90234375
1739,-0.18359375,0.07421875,0.921875
1740,-0.17578125,0.0859375,0.890625
1741,-0.16015625,0.09375,0.88671875
1742,-0.17578125,0.0859375,0.90234375
1743,-0.15625,0.078125,0.890625
1744,-0.140625,0.08203125,0.89453125
1745,-0.17578125,0.0703125,0.8828125
1746,-0.1796875,0.0703125,0.89453125
1747,-0.1640625,0.07421875,0.90625
1748,-0.171875,0.078125,0.88671875
1749,-0.1640625,0.08203125,0.90234375
1750,-0.171875,0.08203125,0.890625
1751,-0.16015625,0.08203125,0.875
1752,-0.16796875,0.0859375,0.890625
1753,-0.15625,0.07421875,0.89453125
1754,-0.1640625,0.07421875,0.8828125
1755,-0.1640625,0.0859375,0.890625
1756,-0.1640625,0.07421875,0.87890625
1757,-0.16796875,0.078125,0.89453125
1758,-0.15625,0.08203125,0.88671875
1759,-0.16796875,0.06640625,0.88671875
1760,-0.15234375,0.0859375,0.89453125
1761,-0.15625,0.08203125,0.875
1762,-0.1640625,0.08203125,0.90625
1763,-0.16015625,0.08203125,0.90234375
1764,-0.16796875,0.0859375,0.8984375
1765,-0.1640625,0.08203125,0.89453125
1766,-0.15625,0.08203125,0.8828125
1767,-0.16015625,0.08203125,0.90234375
1768,-0.16015625,0.08203125,0.8828125
1769,-0.15625,0.0859375,0.890625
1770,-0.15234375,0.08203125,0.89453125
1771,-0.15625,0.09375,0.90234375
1772,-0.16796875,0.0859375,0.8984375
1773,-0.15234375,0.08203125,0.88671875
1774,-0.16015625,0.078125,0.89453125
1775,-0.15625,0.078125,0.88671875
1776,-0.16015625,0.08203125,0.87890625
1777,-0.15234375,0.07421875,0.87890625
1778,-0.1484375,0.0859375,0.88671875
1779,-0.15234375,0.08203125,0.8828125
1780,-0.16015625,0.08203125,0.890625
1781,-0.1640625,0.08203125,0.8984375
1782,-0.14453125,0.078125,0.87890625
1783,-0.16796875,0.08203125,0.88671875
1784,-0.16796875,0.08984375,0.890625
1785,-0.15625,0.078125,0.88671875
1786,-0.1640625,0.08203125,0.8984375
1787,-0.15625,0.0703125,0.88671875
1788,-0.15625,0.08203125,0.87890625
1789,-0.15625,0.078125,0.88671875
1790,-0.1484375,0.08203125,0.875
1791,-0.1484375,0.0859375,0.8828125
1792,-0.171875,0.08984375,0.90625
1793,-0.15234375,0.08984375,0.890625
1794,-0.1640625,0.09765625,0.89453125
1795,-0.1640625,0.08984375,0.890625
1796,-0.16015625,0.09375,0.89453125
1797,-0.16015625,0.09375,0.90234375
1798,-0.15625,0.09765625,0.8828125
1799,-0.15234375,0.08203125,0.890625
1800,-0.1640625,0.0859375,0.890625
1801,-0.15234375,0.0703125,0.8828125
1802,-0.12890625,0.078125,0.8359375
1803,-0.17578125,0.08984375,0.9140625
1804,-0.171875,0.08984375,0.91015625
1805,-0.16796875,0.08203125,0.890625
1806,-0.13671875,0.08984375,0.89453125
1807,-0.14453125,0.09765625,0.8671875
1808,-0.140625,0.078125,0.859375
1809,-0.171875,0.0859375,0.8984375
1810,-0.21875,0.06640625,0.91015625
1811,-0.15625,0.09375,0.90625
1812,-0.1484375,0.08984375,0.8828125
1813,-0.1640625,0.1015625,0.8984375
1814,-0.1640625,0.08984375,0.890625
1815,-0.16015625,0.078125,0.8828125
1816,-0.16015625,0.078125,0.88671875
1817,-0.1640625,0.08984375,0.8828125
1818,-0.16796875,0.08984375,0.88671875
1819,-0.16015625,0.0859375,0.8984375
1820,-0.15625,0.08984375,0.890625
1821,-0.16015625,0.0859375,0.89453125
1822,-0.16015625,0.09375,0.890625
1823,-0.1640625,0.08984375,0.87890625
1824,-0.16796875,0.0859375,0.90625
1825,-0.16015625,0.1015625,0.90625
1826,-0.16015625,0.09375,0.88671875
1827,-0.15234375,0.08984375,0.8984375
1828,-0.15234375,0.09375,0.87109375
1829,-0.1640625,0.09375,0.8828125
1830,-0.15625,0.09375,0.90234375
1831,-0.1640625,0.08984375,0.890625
1832,-0.15625,0.09375,0.89453125
1833,-0.16015625,0.0859375,0.90234375
1834,-0.16015625,0.08984375,0.88671875
1835,-0.16015625,0.09375,0.890625
1836,-0.16796875,0.09765625,0.90234375
1837,-0.16015625,0.09375,0.8828125
1838,-0.15234375,0.09375,0.88671875
1839,-0.171875,0.1015625,0.8828125
1840,-0.1640625,0.0859375,0.88671875
1841,-0.1640625,0.0859375,0.890625
1842,-0.15234375,0.0859375,0.890625
1843,-0.1640625,0.08203125,0.90625
1844,-0.1484375,0.078125,0.8828125
1845,-0.15625,0.08203125,0.890625
1846,-0.16015625,0.08203125,0.890625
1847,-0.16015625,0.08203125,0.87890625
1848,-0.15625,0.08203125,0.890625
1849,-0.16015625,0.078125,0.8984375
1850,-0.16796875,0.0703125,0.89453125
1851,-0.1640625,0.08984375,0.89453125
1852,-0.16796875,0.078125,0.87890625
1853,-0.15234375,0.07421875,0.88671875
1854,-0.15625,0.08203125,0.88671875
1855,-0.16015625,0.09765625,0.88671875
1856,-0.16015625,0.0859375,0.890625
1857,-0.16796875,0.08203125,0.88671875
1858,-0.15625,0.078125,0.890625
1859,-0.1640625,0.078125,0.89453125
1860,-0.15625,0.08984375,0.88671875
1861,-0.16796875,0.08203125,0.91015625
1862,-0.15234375,0.078125,0.89453125
1863,-0.1640625,0.078125,0.89453125
1864,-0.16015625,0.0703125,0.89453125
1865,-0.16796875,0.0859375,0.875
1866,-0.16015625,0.0859375,0.87890625
1867,-0.16015625,0.08203125,0.87890625
1868,-0.15234375,0.08203125,0.8828125
1869,-0.16015625,0.078125,0.890625
1870,-0.171875,0.078125,0.8828125
1871,-0.1640625,0.078125,0.87890625
1872,-0.15625,0.078125,0.8828125
1873,-0.171875,0.08203125,0.8828125
1874,-0.1640625,0.08203125,0.890625
1875,-0.16015625,0.078125,0.875
1876,-0.16796875,0.0703125,0.8828125
1877,-0.15234375,0.078125,0.89453125
1878,-0.1640625,0.078125,0.89453125
1879,-0.16796875,0.0859375,0.89453125
1880,-0.171875,0.078125,0.890625
1881,-0.1640625,0.08203125,0.89453125
1882,-0.16015625,0.08203125,0.8828125
1883,-0.171875,0.08203125,0.890625
1884,-0.16015625,0.08203125,0.89453125
1885,-0.16015625,0.08203125,0.88671875
1886,-0.1640625,0.06640625,0.8984375
1887,-0.16796875,0.078125,0.88671875
1888,-0.16796875,0.078125,0.88671875
1889,-0.1640625,0.05859375,0.8828125
1890,-0.16015625,0.078125,0.89453125
1891,-0.16796875,0.08203125,0.8828125
1892,-0.15234375,0.0703125,0.8984375
1893,-0.16015625,0.0859375,0.88671875
1894,-0.16015625,0.07421875,0.890625
1895,-0.15625,0.078125,0.88671875
1896,-0.16015625,0.0703125,0.87890625
1897,-0.15234375,0.078125,0.8984375
1898,-0.1484375,0.078125,0.88671875
1899,-0.16015625,0.07421875,0.89453125
1900,-0.16015625,0.08203125,0.875
1901,-0.171875,0.078125,0.89453125
1902,-0.1640625,0.07421875,0.90234375
1903,-0.16796875,0.07421875,0.88671875
1904,-0.15625,0.06640625,0.8828125
1905,-0.1640625,0.07421875,0.89453125
1906,-0.1796875,0.07421875,0.88671875
1907,-0.16796875,0.07421875,0.8984375
1908,-0.1640625,0.0703125,0.8828125
1909,-0.1640625,0.07421875,0.89453125
1910,-0.171875,0.0703125,0.8828125
1911,-0.1640625,0.07421875,0.87109375
1912,-0.15234375,0.07421875,0.875
1913,-0.1640625,0.07421875,0.875
1914,-0.1640625,0.08203125,0.87890625
1915,-0.15625,0.0859375,0.88671875
1916,-0.15234375,0.08203125,0.87890625
1917,-0.15625,0.0703125,0.875
1918,-0.16015625,0.0703125,0.890625
1919,-0.1640625,0.08984375,0.890625
1920,-0.1640625,0.078125,0.88671875
1921,-0.16796875,0.08203125,0.89453125
1922,-0.15625,0.07421875,0.8984375
1923,-0.1484375,0.078125,0.890625
1924,-0.16015625,0.0703125,0.88671875
1925,-0.1640625,0.078125,0.890625
1926,-0.16796875,0.078125,0.8984375
1927,-0.1640625,0.0703125,0.8828125
1928,-0.1640625,0.06640625,0.890625
1929,-0.1640625,0.078125,0.89453125
1930,-0.16796875,0.08984375,0.8828125
1931,-0.15625,0.06640625,0.89453125
1932,-0.1640625,0.0703125,0.90625
1933,-0.16015625,0.07421875,0.87890625
1934,-0.16015625,0.078125,0.90234375
1935,-0.1640625,0.078125,0.89453125
1936,-0.171875,0.0703125,0.88671875
1937,-0.16015625,0.07421875,0.87890625
1938,-0.1640625,0.06640625,0.875
1939,-0.1640625,0.07421875,0.8984375
1940,-0.16015625,0.078125,0.88671875
1941,-0.15234375,0.0703125,0.890625
1942,-0.1484375,0.0703125,0.88671875
1943,-0.1640625,0.05859375,0.8828125
1944,-0.17578125,0.0703125,0.875
1945,-0.1640625,0.078125,0.89453125
1946,-0.171875,0.07421875,0.890625
1947,-0.16015625,0.0703125,0.8984375
1948,-0.16015625,0.08203125,0.87890625
1949,-0.16015625,0.0703125,0.8828125
1950,-0.16796875,0.078125,0.87890625
1951,-0.16796875,0.07421875,0.87890625
1952,-0.1640625,0.0859375,0.890625
1953,-0.15625,0.0703125,0.8984375
1954,-0.15625,0.07421875,0.890625
1955,-0.15625,0.07421875,0.890625
1956,-0.16796875,0.0859375,0.875
1957,-0.15234375,0.07421875,0.89453125
1958,-0.1640625,0.07421875,0.88671875
1959,-0.15625,0.0625,0.87890625
1960,-0.1640625,0.078125,0.88671875
1961,-0.16796875,0.08203125,0.8828125
1962,-0.1640625,0.078125,0.88671875
1963,-0.1640625,0.07421875,0.88671875
1964,-0.171875,0.078125,0.89453125
1965,-0.171875,0.07421875,0.88671875
1966,-0.1640625,0.0625,0.88671875
1967,-0.16015625,0.078125,0.8828125
1968,-0.15625,0.0703125,0.8828125
1969,-0.16796875,0.07421875,0.90234375
1970,-0.16796875,0.07421875,0.89453125
1971,-0.16796875,0.0625,0.890625
1972,-0.171875,0.0703125,0.8828125
1973,-0.16796875,0.08203125,0.8828125
1974,-0.171875,0.078125,0.88671875
1975,-0.17578125,0.06640625,0.88671875
1976,-0.16796875,0.08203125,0.8828125
1977,-0.15625,0.06640625,0.875
1978,-0.16796875,0.08203125,0.90234375
1979,-0.16796875,0.078125,0.87890625
1980,-0.171875,0.06640625,0.890625
1981,-0.171875,0.06640625,0.890625
1982,-0.1640625,0.0703125,0.89453125
1983,-0.17578125,0.0859375,0.89453125
1984,-0.1484375,0.05859375,0.8828125
1985,-0.171875,0.05859375,0.8984375
1986,-0.171875,0.078125,0.87890625
1987,-0.1640625,0.0703125,0.87109375
1988,-0.16796875,0.07421875,0.875
1989,-0.16796875,0.06640625,0.890625
1990,-0.15625,0.0703125,0.890625
1991,-0.16015625,0.08203125,0.8828125
1992,-0.1640625,0.0703125,0.8828125
1993,-0.1640625,0.0703125,0.8828125
1994,-0.16796875,0.078125,0.87109375
1995,-0.171875,0.08203125,0.87890625
1996,-0.17578125,0.0703125,0.8984375
1997,-0.15625,0.078125,0.87109375
1998,-0.16015625,0.0625,0.875
1999,-0.16796875,0.0703125,0.890625
2000,-0.1640625,0.078125,0.89453125
2001,-0.17578125,0.07421875,0.89453125
2002,-0.1640625,0.06640625,0.8828125
2003,-0.1640625,0.078125,0.89453125
2004,-0.1640625,0.07421875,0.8828125
2005,-0.1640625,0.0703125,0.8984375
2006,-0.16015625,0.0703125,0.89453125
2007,-0.16015625,0.06640625,0.87890625
2008,-0.16796875,0.07421875,0.88671875
2009,-0.16015625,0.06640625,0.89453125
2010,-0.1640625,0.06640625,0.89453125
2011,-0.1640625,0.0703125,0.89453125
2012,-0.15625,0.0625,0.89453125
2013,-0.15234375,0.06640625,0.87890625
2014,-0.16796875,0.07421875,0.88671875
2015,-0.1640625,0.0703125,0.8828125
2016,-0.16796875,0.05859375,0.90234375
2017,-0.17578125,0.07421875,0.8828125
2018,-0.1640625,0.078125,0.8828125
2019,-0.16015625,0.07421875,0.890625
2020,-0.16796875,0.0703125,0.8828125
2021,-0.16796875,0.08203125,0.890625
2022,-0.16015625,0.05859375,0.87890625
2023,-0.15625,0.0625,0.86328125
2024,-0.16796875,0.07421875,0.890625
2025,-0.16796875,0.06640625,0.88671875
2026,-0.17578125,0.0546875,0.89453125
2027,-0.171875,0.06640625,0.87890625
2028,-0.171875,0.0859375,0.8984375
2029,-0.15625,0.0703125,0.88671875
2030,-0.17578125,0.0703125,0.8828125
2031,-0.16015625,0.078125,0.890625
2032,-0.16796875,0.08203125,0.89453125
2033,-0.16796875,0.0703125,0.90625
2034,-0.1640625,0.06640625,0.89453125
2035,-0.16015625,0.0703125,0.890625
2036,-0.1640625,0.0625,0.875
2037,-0.171875,0.06640625,0.88671875
2038,-0.16796875,0.078125,0.88671875
2039,-0.1640625,0.0625,0.89453125
2040,-0.1640625,0.07421875,0.89453125
2041,-0.171875,0.0703125,0.89453125
2042,-0.15234375,0.05859375,0.8828125
2043,-0.1640625,0.0703125,0.88671875
2044,-0.171875,0.07421875,0.8828125
2045,-0.16015625,0.0703125,0.87890625
2046,-0.1640625,0.07421875,0.8828125
2047,-0.16015625,0.0546875,0.88671875
2048,-0.1796875,0.078125,0.8828125
2049,-0.171875,0.0625,0.87890625
2050,-0.16796875,0.0625,0.875
2051,-0.15625,0.0625,0.87109375
2052,-0.15625,0.0625,0.88671875
2053,-0.16796875,0.05859375,0.890625
2054,-0.1640625,0.0625,0.875
2055,-0.171875,0.06640625,0.87890625
2056,-0.171875,0.0703125,0.8828125
2057,-0.171875,0.06640625,0.87109375
2058,-0.16796875,0.0703125,0.89453125
2059,-0.16796875,0.07421875,0.8671875
2060,-0.171875,0.05859375,0.890625
2061,-0.17578125,0.06640625,0.88671875
2062,-0.171875,0.0703125,0.88671875
2063,-0.1640625,0.06640625,0.89453125
2064,-0.1640625,0.078125,0.8828125
2065,-0.1640625,0.0625,0.890625
2066,-0.16796875,0.08203125,0.88671875
2067,-0.1640625,0.0703125,0.88671875
2068,-0.1796875,0.078125,0.88671875
2069,-0.1640625,0.0703125,0.90625
2070,-0.15625,0.0625,0.88671875
2071,-0.1640625,0.06640625,0.90234375
2072,-0.17578125,0.08203125,0.890625
2073,-0.16015625,0.0703125,0.89453125
2074,-0.15234375,0.07421875,0.89453125
2075,-0.16015625,0.08203125,0.8984375
2076,-0.1640625,0.078125,0.8828125
2077,-0.1640625,0.0703125,0.89453125
2078,-0.16015625,0.0625,0.87890625
2079,-0.1640625,0.078125,0.8984375
2080,-0.17578125,0.07421875,0.890625
2081,-0.1484375,0.06640625,0.87109375
2082,-0.1640625,0.05859375,0.890625
2083,-0.1640625,0.05859375,0.89453125
2084,-0.16796875,0.0703125,0.89453125
2085,-0.171875,0.06640625,0.8828125
2086,-0.16796875,0.07421875,0.91015625
2087,-0.1640625,0.08203125,0.890625
2088,-0.16796875,0.07421875,0.88671875
2089,-0.1640625,0.07421875,0.89453125
2090,-0.17578125,0.0703125,0.88671875
2091,-0.16015625,0.0625,0.87890625
2092,-0.1640625,0.06640625,0.890625
2093,-0.16015625,0.078125,0.8828125
2094,-0.1640625,0.0703125,0.8828125
2095,-0.15625,0.0703125,0.8828125
2096,-0.16796875,0.0703125,0.875
2097,-0.171875,0.078125,0.87109375
2098,-0.1640625,0.07421875,0.890625
2099,-0.15625,0.0703125,0.87890625
2100,-0.16796875,0.0859375,0.89453125
2101,-0.15625,0.07421875,0.88671875
2102,-0.171875,0.07421875,0.875
2103,-0.16796875,0.06640625,0.88671875
2104,-0.1640625,0.07421875,0.88671875
2105,-0.171875,0.078125,0.8828125
2106,-0.16015625,0.07421875,0.890625
2107,-0.1640625,0.07421875,0.90625
2108,-0.16796875,0.07421875,0.8828125
2109,-0.16015625,0.07421875,0.890625
2110,-0.171875,0.0703125,0.8984375
2111,-0.17578125,0.08203125,0.8984375
2112,-0.1640625,0.06640625,0.890625
2113,-0.1640625,0.06640625,0.890625
2114,-0.16015625,0.0703125,0.8828125
2115,-0.16796875,0.07421875,0.90234375
2116,-0.15625,0.0703125,0.89453125
2117,-0.171875,0.0703125,0.87890625
2118,-0.15234375,0.0703125,0.87890625
2119,-0.16796875,0.06640625,0.89453125
2120,-0.1640625,0.06640625,0.890625
2121,-0.17578125,0.078125,0.88671875
2122,-0.171875,0.07421875,0.89453125
2123,-0.15625,0.0625,0.8828125
2124,-0.16015625,0.0703125,0.88671875
2125,-0.16796875,0.0625,0.8828125
2126,-0.16015625,0.0625,0.89453125
2127,-0.1640625,0.0703125,0.87890625
2128,-0.171875,0.08203125,0.88671875
2129,-0.1640625,0.06640625,0.890625
2130,-0.1640625,0.08203125,0.87890625
2131,-0.18359375,0.0703125,0.87109375
2132,-0.1640625,0.07421875,0.87890625
2133,-0.17578125,0.08203125,0.88671875
2134,-0.16015625,0.06640625,0.890625
2135,-0.16796875,0.078125,0.890625
2136,-0.1640625,0.0703125,0.875
2137,-0.1484375,0.07421875,0.88671875
2138,-0.16015625,0.08203125,0.88671875
2139,-0.1640625,0.0703125,0.87109375
2140,-0.16796875,0.06640625,0.8828125
2141,-0.15625,0.0703125,0.8828125
2142,-0.1640625,0.08203125,0.8828125
2143,-0.15625,0.0703125,0.87890625
2144,-0.16015625,0.07421875,0.89453125
2145,-0.171875,0.06640625,0.87890625
2146,-0.16796875,0.06640625,0.87890625
2147,-0.16796875,0.078125,0.8828125
2148,-0.171875,0.06640625,0.8984375
2149,-0.1640625,0.07421875,0.875
2150,-0.1640625,0.07421875,0.88671875
2151,-0.16015625,0.078125,0.89453125
2152,-0.16796875,0.07421875,0.89453125
2153,-0.1640625,0.08203125,0.890625
2154,-0.1640625,0.06640625,0.8984375
2155,-0.171875,0.08203125,0.87890625
2156,-0.1640625,0.078125,0.890625
2157,-0.16015625,0.06640625,0.90234375
2158,-0.17578125,0.07421875,0.89453125
2159,-0.16796875,0.078125,0.87890625
2160,-0.1640625,0.07421875,0.89453125
2161,-0.16796875,0.07421875,0.89453125
2162,-0.1640625,0.07421875,0.89453125
2163,-0.16796875,0.07421875,0.89453125
2164,-0.16796875,0.07421875,0.88671875
2165,-0.16796875,0.078125,0.89453125
2166,-0.1640625,0.06640625,0.9140625
2167,-0.171875,0.07421875,0.88671875
2168,-0.17578125,0.0703125,0.87890625
2169,-0.12890625,0.015625,0.89453125
2170,-0.16015625,0.07421875,0.8828125
2171,-0.1640625,0.07421875,0.87890625
2172,-0.16796875,0.078125,0.8984375
2173,-0.17578125,0.08203125,0.8984375
2174,-0.16796875,0.078125,0.88671875
2175,-0.1640625,0.08203125,0.89453125
2176,-0.171875,0.08203125,0.8984375
2177,-0.16796875,0.08203125,0.87109375
2178,-0.16796875,0.07421875,0.8828125
2179,-0.16796875,0.0703125,0.90625
2180,-0.1640625,0.08203125,0.8828125
2181,-0.1640625,0.0703125,0.8984375
2182,-0.16015625,0.0703125,0.890625
2183,-0.16015625,0.06640625,0.88671875
2184,-0.1640625,0.06640625,0.89453125
2185,-0.16015625,0.0703125,0.8984375
2186,-0.171875,0.0703125,0.890625
2187,-0.1640625,0.06640625,0.87890625
2188,-0.16796875,0.0546875,0.89453125
2189,-0.171875,0.07421875,0.89453125
2190,-0.171875,0.06640625,0.87890625
2191,-0.1640625,0.078125,0.89453125
2192,-0.16796875,0.078125,0.87109375
2193,-0.1640625,0.06640625,0.88671875
2194,-0.16015625,0.0625,0.890625
2195,-0.171875,0.06640625,0.90234375
2196,-0.15625,0.06640625,0.88671875
2197,-0.1640625,0.07421875,0.89453125
2198,-0.1640625,0.078125,0.8984375
2199,-0.17578125,0.0703125,0.890625
2200,-0.1640625,0.06640625,0.88671875
2201,-0.171875,0.08203125,0.8984375
2202,-0.171875,0.06640625,0.890625
2203,-0.1640625,0.06640625,0.890625
2204,-0.1640625,0.07421875,0.890625
2205,-0.16015625,0.078125,0.87890625
2206,-0.1640625,0.08203125,0.89453125
2207,-0.15625,0.06640625,0.87890625
2208,-0.1640625,0.06640625,0.890625
2209,-0.15625,0.06640625,0.8984375
2210,-0.16015625,0.07421875,0.89453125
2211,-0.16015625,0.0625,0.890625
2212,-0.1640625,0.078125,0.890625
2213,-0.16015625,0.0703125,0.890625
2214,-0.17578125,0.06640625,0.890625
2215,-0.16796875,0.0703125,0.87109375
2216,-0.16796875,0.08203125,0.8984375
2217,-0.15234375,0.06640625,0.890625
2218,-0.1640625,0.0625,0.890625
2219,-0.16796875,0.06640625,0.87109375
2220,-0.16796875,0.06640625,0.8828125
2221,-0.16015625,0.05859375,0.890625
2222,-0.17578125,0.07421875,0.890625
2223,-0.171875,0.07421875,0.87890625
2224,-0.16015625,0.0625,0.890625
2225,-0.1640625,0.0703125,0.88671875
2226,-0.1640625,0.07421875,0.89453125
2227,-0.1640625,0.078125,0.890625
2228,-0.16796875,0.07421875,0.875
2229,-0.171875,0.078125,0.890625
2230,-0.16796875,0.0546875,0.890625
2231,-0.16015625,0.07421875,0.875
2232,-0.15234375,0.06640625,0.87890625
2233,-0.1640625,0.06640625,0.875
2234,-0.171875,0.0546875,0.8828125
2235,-0.1640625,0.07421875,0.87890625
2236,-0.171875,0.07421875,0.875
2237,-0.15625,0.0625,0.875
2238,-0.1640625,0.0625,0.88671875
2239,-0.16015625,0.06640625,0.8828125
2240,-0.16796875,0.0625,0.88671875
2241,-0.16796875,0.07421875,0.890625
2242,-0.16796875,0.07421875,0.890625
2243,-0.17578125,0.0703125,0.890625
2244,-0.1640625,0.06640625,0.8828125
2245,-0.1640625,0.06640625,0.88671875
2246,-0.16015625,0.0625,0.875
2247,-0.16796875,0.05859375,0.88671875
2248,-0.16015625,0.0625,0.87890625
2249,-0.16796875,0.0625,0.8984375
2250,-0.171875,0.06640625,0.88671875
2251,-0.171875,0.0625,0.890625
2252,-0.1640625,0.0703125,0.88671875
2253,-0.16015625,0.06640625,0.8984375
2254,-0.171875,0.0625,0.875
2255,-0.171875,0.06640625,0.890625
2256,-0.15625,0.0546875,0.8828125
2257,-0.16796875,0.06640625,0.8828125
2258,-0.1640625,0.06640625,0.8828125
2259,-0.1640625,0.0625,0.8671875
2260,-0.16015625,0.0546875,0.87109375
2261,-0.16796875,0.07421875,0.87890625
2262,-0.1640625,0.0625,0.875
2263,-0.171875,0.07421875,0.8984375
2264,-0.1796875,0.07421875,0.89453125
2265,-0.16796875,0.07421875,0.890625
2266,-0.15234375,0.06640625,0.88671875
2267,-0.16015625,0.078125,0.89453125
2268,-0.15625,0.08203125,0.89453125
2269,-0.16015625,0.0859375,0.88671875
2270,-0.1640625,0.078125,0.8828125
2271,-0.1640625,0.078125,0.8828125
2272,-0.171875,0.078125,0.890625
2273,-0.1640625,0.06640625,0.88671875
2274,-0.16796875,0.07421875,0.89453125
2275,-0.171875,0.07421875,0.8828125
2276,-0.16796875,0.06640625,0.89453125
2277,-0.16796875,0.0703125,0.890625
2278,-0.16015625,0.06640625,0.90625
2279,-0.1640625,0.06640625,0.8984375
2280,-0.16796875,0.06640625,0.89453125
2281,-0.1640625,0.06640625,0.87890625
2282,-0.1640625,0.078125,0.8828125
2283,-0.171875,0.07421875,0.88671875
2284,-0.1640625,0.0703125,0.89453125
2285,-0.16015625,0.0625,0.8984375
2286,-0.16796875,0.07421875,0.87109375
2287,-0.171875,0.0625,0.8828125
2288,-0.16015625,0.078125,0.8828125
2289,-0.171875,0.0703125,0.8828125
2290,-0.16015625,0.0703125,0.8828125
2291,-0.171875,0.07421875,0.890625
2292,-0.16015625,0.0625,0.8984375
2293,-0.16015625,0.07421875,0.890625
2294,-0.16015625,0.078125,0.890625
2295,-0.16796875,0.0625,0.89453125
2296,-0.16796875,0.07421875,0.89453125
2297,-0.16796875,0.08203125,0.88671875
2298,-0.15625,0.06640625,0.890625
2299,-0.1640625,0.07421875,0.8828125
2300,-0.16796875,0.09375,0.890625
2301,-0.1640625,0.078125,0.8828125
2302,-0.16796875,0.078125,0.87109375
2303,-0.1640625,0.07421875,0.89453125
2304,-0.1640625,0.078125,0.890625
2305,-0.1640625,0.078125,0.88671875
2306,-0.16015625,0.07421875,0.89453125
2307,-0.15625,0.0859375,0.88671875
2308,-0.171875,0.078125,0.87890625
2309,-0.16015625,0.07421875,0.88671875
2310,-0.171875,0.078125,0.88671875
2311,-0.17578125,0.078125,0.8828125
2312,-0.16796875,0.07421875,0.88671875
2313,-0.16796875,0.07421875,0.89453125
2314,-0.1640625,0.06640625,0.88671875
2315,-0.171875,0.0703125,0.8984375
2316,-0.1640625,0.078125,0.87890625
2317,-0.16015625,0.07421875,0.875
2318,-0.16796875,0.08203125,0.8984375
2319,-0.16796875,0.07421875,0.89453125
2320,-0.16015625,0.08984375,0.88671875
2321,-0.1640625,0.0703125,0.87890625
2322,-0.1640625,0.08203125,0.89453125
2323,-0.1640625,0.06640625,0.890625
2324,-0.15625,0.0703125,0.87890625
2325,-0.15625,0.0703125,0.88671875
2326,-0.15234375,0.07421875,0.8828125
2327,-0.16015625,0.078125,0.89453125
2328,-0.171875,0.078125,0.89453125
2329,-0.17578125,0.0703125,0.88671875
2330,-0.1640625,0.078125,0.88671875
2331,-0.1640625,0.0703125,0.8828125
2332,-0.171875,0.078125,0.88671875
2333,-0.1640625,0.07421875,0.87890625
2334,-0.171875,0.07421875,0.8828125
2335,-0.16796875,0.0859375,0.89453125
2336,-0.16015625,0.078125,0.89453125
2337,-0.16015625,0.08203125,0.87890625
2338,-0.1640625,0.078125,0.88671875
2339,-0.16015625,0.0859375,0.88671875
2340,-0.16796875,0.08203125,0.88671875
2341,-0.171875,0.08984375,0.8984375
2342,-0.1640625,0.0703125,0.88671875
2343,-0.17578125,0.09765625,0.8984375
2344,-0.1640625,0.08203125,0.8828125
2345,-0.16015625,0.078125,0.88671875
2346,-0.16796875,0.08984375,0.890625
2347,-0.16015625,0.08984375,0.875
2348,-0.1640625,0.08984375,0.890625
2349,-0.16015625,0.078125,0.8984375
2350,-0.16796875,0.078125,0.8828125
2351,-0.16796875,0.08203125,0.8984375
2352,-0.1640625,0.08203125,0.890625
2353,-0.15234375,0.08203125,0.890625
2354,-0.1640625,0.078125,0.8828125
2355,-0.16015625,0.08984375,0.87890625
2356,-0.16796875,0.078125,0.90234375
2357,-0.16015625,0.08203125,0.875
2358,-0.16796875,0.08203125,0.88671875
2359,-0.1640625,0.08203125,0.8828125
2360,-0.15625,0.08203125,0.8984375
2361,-0.16796875,0.078125,0.8828125
2362,-0.16796875,0.078125,0.890625
2363,-0.1640625,0.0859375,0.88671875
2364,-0.15234375,0.07421875,0.890625
2365,-0.171875,0.08984375,0.87109375
2366,-0.1640625,0.08203125,0.87890625
2367,-0.16796875,0.0859375,0.88671875
2368,-0.1640625,0.07421875,0.890625
2369,-0.15625,0.08203125,0.89453125
2370,-0.16796875,0.0859375,0.88671875
2371,-0.15625,0.08203125,0.890625
2372,-0.1640625,0.09375,0.87890625
2373,-0.1640625,0.0859375,0.8828125
2374,-0.171875,0.08203125,0.890625
2375,-0.15234375,0.07421875,0.87109375
2376,-0.1640625,0.08984375,0.875
2377,-0.1875,0.09375,0.90625
2378,-0.171875,0.08984375,0.8984375
2379,-0.1640625,0.08203125,0.90625
2380,-0.16015625,0.08203125,0.8828125
2381,-0.171875,0.08984375,0.890625
2382,-0.16796875,0.08984375,0.890625
2383,-0.16796875,0.08984375,0.88671875
2384,-0.16015625,0.08203125,0.88671875
2385,-0.15625,0.0859375,0.87890625
2386,-0.16796875,0.08203125,0.875
2387,-0.15234375,0.078125,0.89453125
2388,-0.16015625,0.078125,0.89453125
2389,-0.171875,0.0859375,0.87890625
2390,-0.16796875,0.08203125,0.890625
2391,-0.1640625,0.08984375,0.87890625
2392,-0.1640625,0.09375,0.8828125
2393,-0.15625,0.0703125,0.88671875
2394,-0.16796875,0.0859375,0.8828125
2395,-0.171875,0.08203125,0.890625
2396,-0.16796875,0.078125,0.89453125
2397,-0.1640625,0.0859375,0.890625
2398,-0.16015625,0.078125,0.91015625
2399,-0.17578125,0.09375,0.88671875
2400,-0.16015625,0.09375,0.87890625
2401,-0.16015625,0.08984375,0.88671875
2402,-0.15234375,0.09375,0.89453125
2403,-0.15234375,0.07421875,0.8828125
2404,-0.16796875,0.08984375,0.890625
2405,-0.16796875,0.07421875,0.8828125
2406,-0.1640625,0.08984375,0.89453125
2407,-0.15625,0.09375,0.88671875
2408,-0.16015625,0.0859375,0.88671875
2409,-0.16015625,0.08984375,0.890625
2410,-0.16796875,0.09375,0.89453125
2411,-0.16015625,0.0859375,0.90234375
2412,-0.17578125,0.109375,0.890625
2413,-0.15625,0.08203125,0.8828125
2414,-0.171875,0.08984375,0.8828125
2415,-0.1640625,0.08984375,0.89453125
2416,-0.1484375,0.07421875,0.88671875
2417,-0.1640625,0.09375,0.88671875
2418,-0.15625,0.08203125,0.890625
2419,-0.15234375,0.08984375,0.88671875
2420,-0.171875,0.08984375,0.890625
2421,-0.16015625,0.0859375,0.875
2422,-0.16015625,0.09375,0.88671875
2423,-0.1640625,0.078125,0.89453125
2424,-0.15625,0.09375,0.8828125
2425,-0.16015625,0.09375,0.89453125
2426,-0.16796875,0.1015625,0.8828125
2427,-0.1640625,0.0859375,0.89453125
2428,-0.15625,0.08984375,0.890625
2429,-0.15625,0.0859375,0.8828125
2430,-0.16015625,0.078125,0.890625
2431,-0.1640625,0.0859375,0.890625
2432,-0.16015625,0.08984375,0.890625
2433,-0.16015625,0.0859375,0.8984375
2434,-0.15625,0.0859375,0.890625
2435,-0.16796875,0.0859375,0.8671875
2436,-0.171875,0.08984375,0.8671875
2437,-0.16796875,0.08984375,0.890625
2438,-0.16015625,0.09375,0.87890625
2439,-0.16015625,0.1015625,0.88671875
2440,-0.16796875,0.09765625,0.87890625
2441,-0.171875,0.09375,0.87890625
2442,-0.16015625,0.0859375,0.87890625
2443,-0.171875,0.078125,0.875
2444,-0.171875,0.08984375,0.8984375
2445,-0.1640625,0.10546875,0.89453125
2446,-0.16015625,0.09765625,0.8984375
2447,-0.1484375,0.0859375,0.875
2448,-0.15625,0.09765625,0.89453125
2449,-0.1640625,0.09765625,0.8984375
2450,-0.15234375,0.08984375,0.87890625
2451,-0.171875,0.09765625,0.89453125
2452,-0.15625,0.09375,0.890625
2453,-0.15625,0.10546875,0.90234375
2454,-0.16796875,0.09375,0.87890625
2455,-0.15625,0.07421875,0.875
2456,-0.17578125,0.08203125,0.90234375
2457,-0.16796875,0.09765625,0.88671875
2458,-0.1640625,0.08984375,0.87890625
2459,-0.16015625,0.10546875,0.8828125
2460,-0.15625,0.09765625,0.88671875
2461,-0.1640625,0.09765625,0.890625
2462,-0.1640625,0.1015625,0.89453125
2463,-0.1484375,0.09765625,0.8984375
2464,-0.16015625,0.109375,0.890625
2465,-0.16796875,0.08984375,0.859375
2466,-0.1640625,0.09765625,0.88671875
2467,-0.15625,0.09375,0.89453125
2468,-0.1640625,0.1015625,0.88671875
2469,-0.1640625,0.10546875,0.87890625
2470,-0.15234375,0.08984375,0.87109375
2471,-0.16015625,0.09765625,0.87890625
2472,-0.16015625,0.09765625,0.89453125
2473,-0.1640625,0.09765625,0.890625
2474,-0.1640625,0.08984375,0.87890625
2475,-0.15234375,0.09765625,0.8828125
2476,-0.15234375,0.08203125,0.8984375
2477,-0.1640625,0.09375,0.89453125
2478,-0.1640625,0.09375,0.86328125
2479,-0.16796875,0.10546875,0.87890625
2480,-0.16015625,0.10546875,0.875
2481,-0.16015625,0.09765625,0.890625
2482,-0.1484375,0.1015625,0.89453125
2483,-0.15234375,0.10546875,0.88671875
2484,-0.15625,0.08984375,0.88671875
2485,-0.16015625,0.109375,0.8828125
2486,-0.15625,0.1015625,0.8828125
2487,-0.15234375,0.09375,0.8828125
2488,-0.16015625,0.1015625,0.8828125
2489,-0.16015625,0.1015625,0.89453125
2490,-0.16015625,0.1015625,0.87890625
2491,-0.16796875,0.109375,0.875
2492,-0.15625,0.1015625,0.87890625
2493,-0.16015625,0.109375,0.8671875
2494,-0.1640625,0.109375,0.89453125
2495,-0.16015625,0.10546875,0.890625
2496,-0.15234375,0.09375,0.8984375
2497,-0.16015625,0.09375,0.88671875
2498,-0.15625,0.09765625,0.89453125
2499,-0.16015625,0.1015625,0.88671875
2500,-0.15625,0.1015625,0.90234375
2501,-0.1640625,0.1015625,0.88671875
2502,-0.16015625,0.09765625,0.890625
2503,-0.16015625,0.1015625,0.89453125
2504,-0.1640625,0.10546875,0.8984375
2505,-0.15625,0.09765625,0.89453125
2506,-0.16015625,0.09765625,0.8828125
2507,-0.16015625,0.09765625,0.87890625
2508,-0.15625,0.1015625,0.91015625
2509,-0.15625,0.1015625,0.89453125
2510,-0.15625,0.09765625,0.89453125
2511,-0.16796875,0.10546875,0.88671875
2512,-0.16796875,0.10546875,0.88671875
2513,-0.1640625,0.10546875,0.890625
2514,-0.15625,0.109375,0.89453125
2515,-0.16015625,0.10546875,0.88671875
2516,-0.16015625,0.09375,0.89453125
2517,-0.1640625,0.10546875,0.8984375
2518,-0.15625,0.109375,0.88671875
2519,-0.171875,0.10546875,0.8828125
2520,-0.15625,0.09765625,0.8828125
2521,-0.16015625,0.09765625,0.8828125
2522,-0.16015625,0.09375,0.8828125
2523,-0.1484375,0.109375,0.8828125
2524,-0.16015625,0.08984375,0.8671875
2525,-0.15625,0.09765625,0.89453125
2526,-0.15234375,0.09765625,0.8984375
2527,-0.1640625,0.10546875,0.8828125
2528,-0.16015625,0.09765625,0.890625
2529,-0.140625,0.10546875,0.90625
2530,-0.15625,0.08984375,0.90234375
2531,-0.15625,0.10546875,0.8828125
2532,-0.15625,0.0859375,0.87890625
2533,-0.1640625,0.08984375,0.8828125
2534,-0.15625,0.09765625,0.88671875
2535,-0.1640625,0.1015625,0.890625
2536,-0.1640625,0.09765625,0.875
2537,-0.1484375,0.08984375,0.890625
2538,-0.16015625,0.10546875,0.90234375
2539,-0.15625,0.09765625,0.87890625
2540,-0.140625,0.08203125,0.890625
2541,-0.15625,0.09375,0.875
2542,-0.15625,0.10546875,0.88671875
2543,-0.16015625,0.08984375,0.87890625
2544,-0.16796875,0.09765625,0.890625
2545,-0.15234375,0.0859375,0.88671875
2546,-0.16015625,0.09765625,0.890625
2547,-0.15625,0.09375,0.88671875
2548,-0.16796875,0.1015625,0.890625
2549,-0.16796875,0.10546875,0.88671875
2550,-0.15234375,0.08984375,0.88671875
2551,-0.16015625,0.10546875,0.88671875
2552,-0.16015625,0.09765625,0.88671875
2553,-0.1640625,0.09375,0.88671875
2554,-0.1484375,0.09765625,0.890625
2555,-0.16015625,0.08984375,0.8828125
2556,-0.1640625,0.08203125,0.8984375
2557,-0.1484375,0.09765625,0.87890625
2558,-0.1640625,0.1015625,0.87890625
2559,-0.15625,0.09765625,0.875
2560,-0.16796875,0.09765625,0.875
2561,-0.16015625,0.09375,0.8984375
2562,-0.17578125,0.1015625,0.88671875
2563,-0.15625,0.08984375,0.88671875
2564,-0.16015625,0.09765625,0.890625
2565,-0.16015625,0.08984375,0.87890625
2566,-0.16015625,0.09375,0.890625
2567,-0.1640625,0.08984375,0.88671875
2568,-0.15234375,0.09375,0.87890625
2569,-0.16015625,0.08984375,0.890625
2570,-0.16015625,0.08984375,0.890625
2571,-0.16015625,0.09765625,0.89453125
2572,-0.15625,0.0859375,0.88671875
2573,-0.1484375,0.09375,0.890625
2574,-0.16796875,0.08984375,0.87890625
2575,-0.15625,0.09375,0.90234375
2576,-0.15625,0.1015625,0.88671875
2577,-0.15625,0.08203125,0.8828125
2578,-0.16015625,0.08203125,0.89453125
2579,-0.16015625,0.09375,0.90234375
2580,-0.15625,0.08203125,0.8828125
2581,-0.15625,0.09375,0.88671875
2582,-0.15234375,0.0859375,0.87890625
2583,-0.15625,0.08203125,0.88671875
2584,-0.16015625,0.09375,0.87890625
2585,-0.16015625,0.0859375,0.88671875
2586,-0.16015625,0.08203125,0.89453125
2587,-0.16015625,0.08984375,0.87890625
2588,-0.15625,0.1015625,0.90234375
2589,-0.15234375,0.078125,0.88671875
2590,-0.15625,0.0859375,0.90234375
2591,-0.15625,0.08203125,0.89453125
2592,-0.16796875,0.0859375,0.8828125
2593,-0.16015625,0.09375,0.890625
2594,-0.16015625,0.08203125,0.88671875
2595,-0.15625,0.08984375,0.890625
2596,-0.1640625,0.09375,0.87890625
2597,-0.13671875,0.078125,0.8828125
2598,-0.15234375,0.0703125,0.890625
2599,-0.16015625,0.08984375,0.8984375
2600,-0.16015625,0.0859375,0.890625
2601,-0.15234375,0.0859375,0.88671875
2602,-0.17578125,0.09765625,0.890625
2603,-0.1640625,0.0859375,0.8828125
2604,-0.16796875,0.09375,0.8828125
2605,-0.171875,0.08984375,0.875
2606,-0.15625,0.09375,0.8828125
2607,-0.16796875,0.09375,0.890625
2608,-0.16796875,0.08984375,0.88671875
2609,-0.15625,0.08203125,0.89453125
2610,-0.15625,0.0859375,0.88671875
2611,-0.16015625,0.078125,0.88671875
2612,-0.15625,0.08984375,0.88671875
2613,-0.1640625,0.09765625,0.88671875
2614,-0.16015625,0.09375,0.890625
2615,-0.15625,0.09765625,0.8828125
2616,-0.16015625,0.0859375,0.8828125
2617,-0.171875,0.09375,0.890625
2618,-0.1640625,0.08203125,0.890625
2619,-0.16015625,0.08984375,0.890625
2620,-0.16015625,0.08984375,0.88671875
2621,-0.1640625,0.08984375,0.88671875
2622,-0.15625,0.078125,0.88671875
2623,-0.16796875,0.078125,0.88671875
2624,-0.15625,0.0859375,0.89453125
2625,-0.15234375,0.09375,0.890625
2626,-0.15625,0.08203125,0.875
2627,-0.15625,0.08984375,0.875
2628,-0.1796875,0.08984375,0.8984375
2629,-0.17578125,0.0859375,0.89453125
2630,-0.1640625,0.06640625,0.89453125
2631,-0.1640625,0.06640625,0.87890625
2632,-0.16015625,0.078125,0.8671875
2633,-0.16015625,0.08984375,0.87109375
2634,-0.1640625,0.09375,0.890625
2635,-0.1640625,0.0859375,0.87890625
2636,-0.16796875,0.09765625,0.86328125
2637,-0.15625,0.08984375,0.88671875
2638,-0.16015625,0.08984375,0.88671875
2639,-0.1640625,0.0859375,0.87109375
2640,-0.16015625,0.09765625,0.8828125
2641,-0.15234375,0.08203125,0.921875
2642,-0.15625,0.0859375,0.89453125
2643,-0.15625,0.0859375,0.875
2644,-0.16015625,0.08984375,0.90234375
2645,-0.1640625,0.0859375,0.8828125
2646,-0.16796875,0.09375,0.875
2647,-0.16015625,0.08203125,0.890625
2648,-0.15625,0.07421875,0.8984375
2649,-0.16015625,0.0859375,0.89453125
2650,-0.16015625,0.0859375,0.890625
2651,-0.16796875,0.08203125,0.8828125
2652,-0.16015625,0.08203125,0.87890625
2653,-0.15625,0.08203125,0.89453125
2654,-0.15625,0.08203125,0.8828125
2655,-0.15625,0.07421875,0.87890625
2656,-0.16015625,0.0703125,0.90234375
2657,-0.1640625,0.08203125,0.8984375
2658,-0.1640625,0.08984375,0.88671875
2659,-0.16015625,0.09765625,0.89453125
2660,-0.16796875,0.08984375,0.875
2661,-0.1640625,0.09765625,0.88671875
2662,-0.1640625,0.0859375,0.8828125
2663,-0.16015625,0.08203125,0.87890625
2664,-0.16015625,0.078125,0.87890625
2665,-0.16015625,0.078125,0.890625
2666,-0.171875,0.08984375,0.87890625
2667,-0.16796875,0.0859375,0.87890625
2668,-0.15234375,0.09375,0.890625
2669,-0.16015625,0.0859375,0.8828125
2670,-0.1640625,0.08203125,0.8828125
2671,-0.1640625,0.078125,0.8984375
2672,-0.15625,0.078125,0.87890625
2673,-0.1640625,0.08984375,0.87109375
2674,-0.16015625,0.08984375,0.88671875
2675,-0.1640625,0.08984375,0.875
2676,-0.16015625,0.09375,0.8984375
2677,-0.15625,0.078125,0.890625
2678,-0.171875,0.08203125,0.8828125
2679,-0.16796875,0.09375,0.86328125
2680,-0.1640625,0.078125,0.86328125
2681,-0.16015625,0.0859375,0.890625
2682,-0.1640625,0.08203125,0.8828125
2683,-0.171875,0.0859375,0.890625
2684,-0.16796875,0.0859375,0.890625
2685,-0.1640625,0.09375,0.87890625
2686,-0.15625,0.08203125,0.89453125
2687,-0.171875,0.0859375,0.890625
2688,-0.1640625,0.0859375,0.8984375
2689,-0.1640625,0.078125,0.890625
2690,-0.1640625,0.078125,0.890625
2691,-0.16015625,0.08203125,0.88671875
2692,-0.16015625,0.08203125,0.875
2693,-0.171875,0.07421875,0.90625
2694,-0.16015625,0.0859375,0.8828125
2695,-0.171875,0.08984375,0.88671875
2696,-0.1640625,0.0859375,0.88671875
2697,-0.16015625,0.08203125,0.88671875
2698,-0.16796875,0.0859375,0.89453125
2699,-0.1640625,0.1015625,0.8828125
2700,-0.171875,0.09765625,0.87890625
2701,-0.15234375,0.08203125,0.88671875
2702,-0.15625,0.08984375,0.8828125
2703,-0.17578125,0.0859375,0.8828125
2704,-0.1640625,0.0859375,0.88671875
2705,-0.15625,0.0703125,0.89453125
2706,-0.1640625,0.07421875,0.88671875
2707,-0.16015625,0.08203125,0.87890625
2708,-0.1640625,0.07421875,0.89453125
2709,-0.16796875,0.08984375,0.88671875
2710,-0.15625,0.08984375,0.890625
2711,-0.171875,0.09375,0.90625
2712,-0.16796875,0.08203125,0.8984375
2713,-0.15625,0.07421875,0.890625
2714,-0.1640625,0.0859375,0.89453125
2715,-0.15234375,0.0859375,0.89453125
2716,-0.1640625,0.0859375,0.89453125
2717,-0.15625,0.06640625,0.8984375
2718,-0.16015625,0.09765625,0.890625
2719,-0.1640625,0.078125,0.89453125
2720,-0.171875,0.0859375,0.88671875
2721,-0.1640625,0.078125,0.8828125
2722,-0.16015625,0.0859375,0.8984375
2723,-0.15234375,0.08203125,0.88671875
2724,-0.171875,0.078125,0.88671875
2725,-0.16796875,0.09375,0.89453125
2726,-0.1640625,0.08984375,0.87109375
2727,-0.16015625,0.08203125,0.86328125
2728,-0.1640625,0.0859375,0.890625
2729,-0.16796875,0.078125,0.90234375
2730,-0.16796875,0.078125,0.89453125
2731,-0.1640625,0.06640625,0.8828125
2732,-0.1640625,0.0859375,0.8984375
2733,-0.171875,0.0859375,0.88671875
2734,-0.16796875,0.078125,0.890625
2735,-0.16015625,0.08203125,0.8984375
2736,-0.16796875,0.078125,0.87890625
2737,-0.16015625,0.07421875,0.88671875
2738,-0.1640625,0.07421875,0.8828125
2739,-0.1796875,0.08203125,0.8828125
2740,-0.16796875,0.078125,0.88671875
2741,-0.171875,0.07421875,0.8828125
2742,-0.15625,0.08984375,0.87890625
2743,-0.15625,0.07421875,0.88671875
2744,-0.1640625,0.08203125,0.8828125
2745,-0.1640625,0.08984375,0.87890625
2746,-0.16796875,0.08203125,0.890625
2747,-0.16015625,0.07421875,0.8828125
2748,-0.1640625,0.078125,0.89453125
2749,-0.16796875,0.08984375,0.875
2750,-0.16796875,0.078125,0.88671875
2751,-0.16796875,0.08984375,0.88671875
2752,-0.16796875,0.0859375,0.89453125
2753,-0.16796875,0.0859375,0.89453125
2754,-0.1640625,0.07421875,0.90625
2755,-0.1640625,0.0859375,0.890625
2756,-0.16015625,0.078125,0.89453125
2757,-0.1640625,0.09375,0.875
2758,-0.171875,0.0859375,0.8828125
2759,-0.171875,0.09375,0.88671875
2760,-0.1640625,0.08984375,0.8828125
2761,-0.1640625,0.078125,0.88671875
2762,-0.1640625,0.08203125,0.87890625
2763,-0.17578125,0.078125,0.89453125
2764,-0.1640625,0.07421875,0.89453125
2765,-0.1640625,0.0859375,0.90234375
2766,-0.1640625,0.08203125,0.90234375
2767,-0.16796875,0.0703125,0.8984375
2768,-0.16015625,0.0859375,0.88671875
2769,-0.16796875,0.08203125,0.890625
2770,-0.16796875,0.0859375,0.90234375
2771,-0.171875,0.08203125,0.87890625
2772,-0.16015625,0.08203125,0.8984375
2773,-0.18359375,0.08203125,0.875
2774,-0.16796875,0.078125,0.87890625
2775,-0.16796875,0.078125,0.890625
2776,-0.1796875,0.078125,0.87890625
2777,-0.17578125,0.0859375,0.88671875
2778,-0.1640625,0.078125,0.8828125
2779,-0.16015625,0.07421875,0.890625
2780,-0.171875,0.08203125,0.8828125
2781,-0.1640625,0.06640625,0.875
2782,-0.1640625,0.078125,0.890625
2783,-0.171875,0.0703125,0.88671875
2784,-0.16015625,0.078125,0.8828125
2785,-0.16015625,0.06640625,0.89453125
2786,-0.1640625,0.07421875,0.87890625
2787,-0.16796875,0.08203125,0.87890625
2788,-0.16015625,0.078125,0.88671875
2789,-0.171875,0.08203125,0.8828125
2790,-0.1640625,0.08203125,0.87890625
2791,-0.15234375,0.078125,0.890625
2792,-0.1640625,0.078125,0.88671875
2793,-0.16015625,0.078125,0.8828125
2794,-0.1640625,0.0703125,0.89453125
2795,-0.1640625,0.08203125,0.8828125
2796,-0.171875,0.078125,0.890625
2797,-0.1640625,0.0703125,0.88671875
2798,-0.15625,0.06640625,0.88671875
2799,-0.16015625,0.078125,0.8984375
2800,-0.15625,0.078125,0.890625
2801,-0.1640625,0.078125,0.890625
2802,-0.15625,0.0546875,0.90234375
2803,-0.171875,0.078125,0.90234375
2804,-0.171875,0.07421875,0.8984375
2805,-0.15625,0.0703125,0.89453125
2806,-0.16015625,0.06640625,0.89453125
2807,-0.1640625,0.0703125,0.890625
2808,-0.1640625,0.0703125,0.90234375
2809,-0.171875,0.0625,0.8828125
2810,-0.1640625,0.0703125,0.87890625
2811,-0.1640625,0.0703125,0.87890625
2812,-0.16796875,0.08203125,0.890625
2813,-0.16796875,0.078125,0.8828125
2814,-0.171875,0.08203125,0.8828125
2815,-0.17578125,0.07421875,0.88671875
2816,-0.1640625,0.0703125,0.87890625
2817,-0.1640625,0.0703125,0.88671875
2818,-0.15625,0.08203125,0.87109375
2819,-0.16015625,0.07421875,0.890625
2820,-0.1640625,0.07421875,0.87890625
2821,-0.171875,0.07421875,0.90234375
2822,-0.171875,0.078125,0.8828125
2823,-0.171875,0.0703125,0.89453125
2824,-0.171875,0.07421875,0.890625
2825,-0.171875,0.07421875,0.90234375
2826,-0.16015625,0.0703125,0.88671875
2827,-0.171875,0.0703125,0.88671875
2828,-0.16796875,0.0703125,0.875
2829,-0.1640625,0.0703125,0.875
2830,-0.1640625,0.0703125,0.88671875
2831,-0.1640625,0.078125,0.8828125
2832,-0.1640625,0.06640625,0.890625
2833,-0.1640625,0.0625,0.89453125
2834,-0.171875,0.06640625,0.88671875
2835,-0.1796875,0.0703125,0.87890625
2836,-0.1640625,0.07421875,0.890625
2837,-0.18359375,0.06640625,0.875
2838,-0.1640625,0.0703125,0.875
2839,-0.17578125,0.078125,0.88671875
2840,-0.171875,0.06640625,0.8984375
2841,-0.1640625,0.078125,0.87890625
2842,-0.16796875,0.0703125,0.88671875
2843,-0.16796875,0.0625,0.8984375
2844,-0.1796875,0.07421875,0.8828125
2845,-0.1640625,0.06640625,0.8828125
2846,-0.17578125,0.07421875,0.87890625
2847,-0.171875,0.07421875,0.8984375
2848,-0.171875,0.078125,0.87890625
2849,-0.171875,0.078125,0.88671875
2850,-0.16796875,0.08203125,0.8984375
2851,-0.16796875,0.078125,0.88671875
2852,-0.171875,0.08203125,0.87890625
2853,-0.1640625,0.06640625,0.8828125
2854,-0.16796875,0.08203125,0.8828125
2855,-0.16015625,0.07421875,0.890625
2856,-0.1640625,0.07421875,0.890625
2857,-0.16015625,0.0703125,0.890625
2858,-0.16796875,0.0703125,0.8828125
2859,-0.16796875,0.08203125,0.890625
2860,-0.171875,0.07421875,0.89453125
2861,-0.1640625,0.078125,0.88671875
2862,-0.1796875,0.07421875,0.89453125
2863,-0.1640625,0.05859375,0.8828125
2864,-0.15625,0.05859375,0.8984375
2865,-0.17578125,0.0703125,0.89453125
2866,-0.16796875,0.0703125,0.88671875
2867,-0.1640625,0.06640625,0.90625
2868,-0.16796875,0.08203125,0.8828125
2869,-0.15625,0.06640625,0.90625
2870,-0.171875,0.0703125,0.89453125
2871,-0.171875,0.08203125,0.87890625
2872,-0.15234375,0.0703125,0.89453125
2873,-0.15625,0.07421875,0.88671875
2874,-0.17578125,0.078125,0.890625
2875,-0.1640625,0.0703125,0.890625
2876,-0.16015625,0.078125,0.89453125
2877,-0.15625,0.0703125,0.91015625
2878,-0.16796875,0.06640625,0.89453125
2879,-0.17578125,0.07421875,0.890625
2880,-0.17578125,0.07421875,0.8984375
2881,-0.16015625,0.0625,0.8984375
2882,-0.18359375,0.07421875,0.89453125
2883,-0.16015625,0.078125,0.87890625
2884,-0.16015625,0.06640625,0.88671875
2885,-0.16796875,0.07421875,0.87109375
2886,-0.16796875,0.0703125,0.90625
2887,-0.16796875,0.0546875,0.89453125
2888,-0.109375,0.03125,0.921875
2889,-0.16796875,0.07421875,0.86328125
2890,-0.1640625,0.0546875,0.89453125
2891,-0.16015625,0.0546875,0.8984375
2892,-0.16796875,0.05078125,0.8828125
2893,-0.16015625,0.0625,0.890625
2894,-0.1796875,0.0546875,0.88671875
2895,-0.171875,0.05859375,0.89453125
2896,-0.171875,0.05859375,0.90234375
2897,-0.171875,0.06640625,0.87890625
2898,-0.15625,0.06640625,0.86328125
2899,-0.15234375,0.0625,0.88671875
2900,-0.1640625,0.06640625,0.89453125
2901,-0.171875,0.0625,0.88671875
2902,-0.1640625,0.0703125,0.88671875
2903,-0.1640625,0.06640625,0.8828125
2904,-0.1640625,0.0625,0.890625
2905,-0.16796875,0.04296875,0.87109375
2906,-0.16796875,0.05859375,0.91015625
2907,-0.171875,0.0546875,0.8984375
2908,-0.1796875,0.0546875,0.91796875
2909,-0.171875,0.0546875,0.87890625
2910,-0.15234375,0.04296875,0.890625
2911,-0.15625,0.046875,0.875
2912,-0.15625,0.0546875,0.8671875
2913,-0.15234375,0.0390625,0.8828125
2914,-0.171875,0.0546875,0.8984375
2915,-0.171875,0.0546875,0.875
2916,-0.1640625,0.046875,0.890625
2917,-0.15234375,0.05859375,0.8984375
2918,-0.16796875,0.05859375,0.8828125
2919,-0.15625,0.05859375,0.890625
2920,-0.16796875,0.05078125,0.8828125
2921,-0.171875,0.0546875,0.88671875
2922,-0.1796875,0.0625,0.8984375
2923,-0.16796875,0.05859375,0.87890625
2924,-0.16015625,0.05078125,0.90234375
2925,-0.171875,0.05078125,0.88671875
2926,-0.1640625,0.0546875,0.875
2927,-0.16796875,0.0546875,0.87109375
2928,-0.1640625,0.04296875,0.8828125
2929,-0.16796875,0.04296875,0.87109375
2930,-0.1640625,0.06640625,0.890625
2931,-0.1640625,0.046875,0.89453125
2932,-0.16796875,0.0546875,0.8828125
2933,-0.16015625,0.046875,0.8828125
2934,-0.16015625,0.0546875,0.89453125
2935,-0.16796875,0.05078125,0.88671875
2936,-0.1640625,0.0625,0.89453125
2937,-0.1640625,0.06640625,0.87109375
2938,-0.16796875,0.05078125,0.89453125
2939,-0.171875,0.05078125,0.859375
2940,-0.17578125,0.06640625,0.89453125
2941,-0.15625,0.0546875,0.87890625
2942,-0.171875,0.06640625,0.8984375
2943,-0.1640625,0.05078125,0.890625
2944,-0.16796875,0.05859375,0.90234375
2945,-0.1640625,0.05078125,0.88671875
2946,-0.16796875,0.05078125,0.890625
2947,-0.171875,0.046875,0.875
2948,-0.16796875,0.046875,0.875
2949,-0.16796875,0.05078125,0.890625
2950,-0.1640625,0.0546875,0.87890625
2951,-0.15625,0.0546875,0.88671875
2952,-0.16015625,0.05078125,0.8828125
2953,-0.16796875,0.05078125,0.87890625
2954,-0.1640625,0.05859375,0.89453125
2955,-0.1640625,0.0546875,0.890625
2956,-0.16015625,0.0625,0.90234375
2957,-0.16015625,0.05078125,0.8828125
2958,-0.1640625,0.05078125,0.8984375
2959,-0.16796875,0.05859375,0.89453125
2960,-0.171875,0.0546875,0.8828125
2961,-0.171875,0.0546875,0.87890625
2962,-0.1640625,0.05078125,0.90625
2963,-0.171875,0.0625,0.890625
2964,-0.17578125,0.05078125,0.890625
2965,-0.16796875,0.05078125,0.90234375
2966,-0.171875,0.0546875,0.88671875
2967,-0.1796875,0.0546875,0.90625
2968,-0.171875,0.05078125,0.91796875
2969,-0.1640625,0.0546875,0.9140625
2970,-0.171875,0.05078125,0.890625
2971,-0.17578125,0.046875,0.8984375
2972,-0.1640625,0.0546875,0.8671875
2973,-0.16015625,0.05859375,0.890625
2974,-0.140625,0.0546875,0.87890625
2975,-0.15625,0.0625,0.875
2976,-0.15625,0.05078125,0.87890625
2977,-0.171875,0.04296875,0.87890625
2978,-0.16796875,0.0390625,0.875
2979,-0.171875,0.0546875,0.875
2980,-0.1640625,0.04296875,0.87890625
2981,-0.16015625,0.04296875,0.890625
2982,-0.171875,0.05078125,0.890625
2983,-0.1640625,0.04296875,0.88671875
2984,-0.16796875,0.04296875,0.890625
2985,-0.15234375,0.04296875,0.87890625
2986,-0.1640625,0.046875,0.88671875
2987,-0.1640625,0.05859375,0.8828125
2988,-0.16015625,0.05078125,0.89453125
2989,-0.16015625,0.05078125,0.875
2990,-0.17578125,0.05859375,0.87109375
2991,-0.171875,0.0546875,0.890625
2992,-0.1640625,0.04296875,0.890625
2993,-0.1640625,0.046875,0.89453125
2994,-0.16796875,0.046875,0.875
2995,-0.16015625,0.04296875,0.8828125
2996,-0.171875,0.04296875,0.88671875
2997,-0.1640625,0.04296875,0.88671875
2998,-0.16796875,0.046875,0.90625
2999,-0.16015625,0.04296875,0.8984375
