,accelerometerAccelerationX(G),accelerometerAccelerationY(G),accelerometerAccelerationZ(G),Label
0,-0.98828125,-0.0546875,-0.04296875,0
1,-1.0,-0.05859375,-0.0234375,0
2,-0.99609375,-0.0703125,-0.03515625,0
3,-1.00390625,-0.06640625,-0.03125,0
4,-0.9921875,-0.05859375,-0.03125,0
5,-0.9921875,-0.04296875,-0.05078125,0
6,-0.99609375,-0.06640625,-0.0234375,0
7,-1.01171875,-0.0625,-0.02734375,0
8,-1.01171875,-0.0546875,-0.03515625,0
9,-0.9921875,-0.0625,-0.02734375,0
10,-1.0078125,-0.0546875,-0.02734375,0
11,-1.01171875,-0.0703125,-0.01953125,0
12,-1.0,-0.0546875,-0.03125,0
13,-0.98046875,-0.0625,-0.04296875,0
14,-0.98046875,-0.046875,-0.03515625,0
15,-0.9921875,-0.05859375,-0.02734375,0
16,-1.00390625,-0.06640625,-0.03125,0
17,-0.984375,-0.05859375,-0.046875,0
18,-1.00390625,-0.06640625,-0.02734375,0
19,-1.0,-0.06640625,-0.0390625,0
20,-1.00390625,-0.05859375,-0.03125,0
21,-0.9921875,-0.05078125,-0.03125,0
22,-0.9921875,-0.06640625,-0.0390625,0
23,-1.00390625,-0.05859375,-0.03125,0
24,-1.0,-0.0625,-0.0390625,0
25,-1.0,-0.07421875,-0.02734375,0
26,-1.0078125,-0.046875,-0.01171875,0
27,-1.00390625,-0.046875,-0.02734375,0
28,-1.0,-0.06640625,-0.0390625,0
29,-0.9921875,-0.0546875,-0.03515625,0
30,-0.9921875,-0.0625,-0.02734375,0
31,-1.0,-0.0546875,-0.02734375,0
32,-0.99609375,-0.05859375,-0.02734375,0
33,-1.0,-0.05859375,-0.03125,0
34,-0.9921875,-0.05859375,-0.0390625,0
35,-0.99609375,-0.07421875,-0.03515625,0
36,-1.0,-0.05859375,-0.03515625,0
37,-1.0,-0.04296875,-0.03515625,0
38,-0.99609375,-0.06640625,-0.03125,0
39,-1.0078125,-0.06640625,-0.03515625,0
40,-0.9921875,-0.0625,-0.03515625,0
41,-0.9921875,-0.0546875,-0.04296875,0
42,-1.01171875,-0.0625,-0.0390625,0
43,-1.00390625,-0.0703125,-0.04296875,0
44,-1.00390625,-0.05859375,-0.02734375,0
45,-1.00390625,-0.0625,-0.03125,0
46,-1.00390625,-0.05078125,-0.0234375,0
47,-1.0,-0.05859375,-0.0234375,0
48,-1.00390625,-0.0546875,-0.0234375,0
49,-1.00390625,-0.0546875,-0.0234375,0
50,-1.015625,-0.05859375,-0.03515625,0
51,-1.00390625,-0.05859375,-0.02734375,0
52,-0.984375,-0.0546875,-0.0390625,0
53,-0.99609375,-0.0546875,-0.04296875,0
54,-0.9921875,-0.0546875,-0.02734375,0
55,-1.0,-0.0703125,-0.0390625,0
56,-0.984375,-0.0546875,-0.04296875,0
57,-1.00390625,-0.06640625,-0.02734375,0
58,-1.0,-0.0546875,-0.03515625,0
59,-1.0078125,-0.05859375,-0.02734375,0
60,-1.0078125,-0.04296875,-0.03515625,0
61,-0.99609375,-0.0546875,-0.0390625,0
62,-0.9921875,-0.05078125,-0.03125,0
63,-0.9921875,-0.05078125,-0.0390625,0
64,-1.01171875,-0.05859375,-0.03125,0
65,-0.99609375,-0.06640625,-0.03125,0
66,-0.9921875,-0.0703125,-0.03515625,0
67,-1.00390625,-0.05859375,-0.03515625,0
68,-0.984375,-0.05859375,-0.0234375,0
69,-1.0,-0.0703125,-0.03515625,0
70,-1.0078125,-0.05859375,-0.03515625,0
71,-0.984375,-0.05078125,-0.03125,0
72,-1.0,-0.0625,-0.0390625,0
73,-0.9921875,-0.0546875,-0.02734375,0
74,-0.99609375,-0.05859375,-0.03125,0
75,-0.99609375,-0.0546875,-0.0390625,0
76,-1.0,-0.0703125,-0.03125,0
77,-0.98046875,-0.07421875,-0.03515625,0
78,-1.00390625,-0.0703125,-0.046875,0
79,-0.98828125,-0.05859375,-0.03125,0
80,-0.9921875,-0.0703125,-0.0390625,0
81,-0.9921875,-0.0703125,-0.03515625,0
82,-0.99609375,-0.0546875,-0.03125,0
83,-1.0,-0.05078125,-0.04296875,0
84,-0.9921875,-0.05859375,-0.04296875,0
85,-1.01171875,-0.0546875,-0.03125,0
86,-0.99609375,-0.05859375,-0.03515625,0
87,-0.9921875,-0.0546875,-0.03125,0
88,-1.0,-0.046875,-0.03125,0
89,-0.9921875,-0.0625,-0.02734375,0
90,-1.0078125,-0.05078125,-0.0390625,0
91,-1.0078125,-0.05859375,-0.03125,0
92,-0.99609375,-0.0625,-0.0390625,0
93,-1.0,-0.0546875,-0.03125,0
94,-1.0,-0.05859375,-0.0390625,0
95,-1.00390625,-0.05078125,-0.0390625,0
96,-0.99609375,-0.06640625,-0.046875,0
97,-0.9921875,-0.06640625,-0.0390625,0
98,-0.9921875,-0.05859375,-0.03515625,0
99,-1.0,-0.06640625,-0.03515625,0
100,-0.9921875,-0.06640625,-0.0390625,0
101,-0.99609375,-0.078125,-0.03125,0
102,-1.0,-0.0703125,-0.03515625,0
103,-1.00390625,-0.0625,-0.03515625,0
104,-1.0,-0.06640625,-0.03515625,0
105,-0.9921875,-0.07421875,-0.0390625,0
106,-1.0,-0.06640625,-0.046875,0
107,-1.00390625,-0.0703125,-0.0390625,0
108,-1.00390625,-0.06640625,-0.0390625,0
109,-1.015625,-0.0625,-0.02734375,0
110,-1.0,-0.06640625,-0.04296875,0
111,-0.98046875,-0.0625,-0.046875,0
112,-0.97265625,-0.0703125,-0.02734375,0
113,-0.98828125,-0.0703125,-0.03125,0
114,-0.99609375,-0.05859375,-0.03515625,0
115,-1.00390625,-0.05078125,-0.03125,0
116,-0.9921875,-0.046875,-0.0390625,0
117,-0.98828125,-0.06640625,-0.0390625,0
118,-0.99609375,-0.04296875,-0.046875,0
119,-1.00390625,-0.0625,-0.03515625,0
120,-1.0,-0.0546875,-0.0390625,0
121,-1.00390625,-0.046875,-0.02734375,0
122,-0.99609375,-0.05859375,-0.04296875,0
123,-1.015625,-0.06640625,-0.02734375,0
124,-1.0078125,-0.0703125,-0.02734375,0
125,-1.0,-0.0703125,-0.03515625,0
126,-1.0,-0.0703125,-0.03125,0
127,-0.99609375,-0.06640625,-0.03515625,0
128,-0.99609375,-0.0625,-0.0390625,0
129,-1.0,-0.0703125,-0.03515625,0
130,-0.99609375,-0.0703125,-0.03515625,0
131,-1.0,-0.05859375,-0.03125,0
132,-0.99609375,-0.05859375,-0.0390625,0
133,-1.0,-0.07421875,-0.0390625,0
134,-0.99609375,-0.078125,-0.046875,0
135,-0.98828125,-0.0625,-0.0390625,0
136,-0.99609375,-0.05859375,-0.0390625,0
137,-0.99609375,-0.06640625,-0.046875,0
138,-1.0078125,-0.07421875,-0.03125,0
139,-1.01171875,-0.0703125,-0.0390625,0
140,-0.98828125,-0.07421875,-0.0390625,0
141,-0.99609375,-0.06640625,-0.0390625,0
142,-0.9921875,-0.0703125,-0.04296875,0
143,-0.99609375,-0.07421875,-0.03515625,0
144,-1.0,-0.0625,-0.05078125,0
145,-0.99609375,-0.0625,-0.02734375,0
146,-1.00390625,-0.06640625,-0.03515625,0
147,-0.9921875,-0.0703125,-0.03125,0
148,-1.0,-0.0625,-0.0234375,0
149,-0.9921875,-0.0703125,-0.03515625,0
150,-1.00390625,-0.0546875,-0.0390625,0
151,-0.9921875,-0.07421875,-0.03125,0
152,-1.0,-0.0703125,-0.04296875,0
153,-0.9921875,-0.0546875,-0.02734375,0
154,-0.9921875,-0.0625,-0.03125,0
155,-0.99609375,-0.0546875,-0.0390625,0
156,-0.9921875,-0.0625,-0.0390625,0
157,-0.9921875,-0.0390625,0.0,0
158,-0.9921875,-0.06640625,-0.04296875,0
159,-0.98828125,-0.0625,-0.02734375,0
160,-0.98828125,-0.05078125,-0.03515625,0
161,-1.0,-0.0703125,-0.03125,0
162,-0.984375,-0.0703125,-0.04296875,0
163,-0.98828125,-0.0625,-0.04296875,0
164,-1.0,-0.06640625,-0.02734375,0
165,-0.99609375,-0.06640625,-0.03515625,0
166,-0.99609375,-0.06640625,-0.03515625,0
167,-0.98046875,-0.07421875,-0.04296875,0
168,-0.9921875,-0.0703125,-0.0390625,0
169,-1.0,-0.07421875,-0.03515625,0
170,-0.9921875,-0.0703125,-0.046875,0
171,-0.99609375,-0.0703125,-0.03515625,0
172,-0.98828125,-0.07421875,-0.0390625,0
173,-0.99609375,-0.0703125,-0.0390625,0
174,-0.99609375,-0.0703125,-0.03125,0
175,-0.99609375,-0.07421875,-0.0390625,0
176,-1.0,-0.0703125,-0.03515625,0
177,-0.99609375,-0.05859375,-0.0390625,0
178,-0.99609375,-0.07421875,-0.03125,0
179,-1.0,-0.06640625,-0.02734375,0
180,-0.9921875,-0.0625,-0.03515625,0
181,-0.99609375,-0.0625,-0.02734375,0
182,-1.0078125,-0.07421875,-0.0234375,0
183,-0.98828125,-0.07421875,-0.03125,0
184,-1.0078125,-0.0546875,-0.04296875,0
185,-1.0078125,-0.06640625,-0.0390625,0
186,-1.0,-0.0703125,-0.04296875,0
187,-0.99609375,-0.06640625,-0.04296875,0
188,-0.98828125,-0.08203125,-0.04296875,0
189,-1.0,-0.0546875,-0.03125,0
190,-1.0,-0.0703125,-0.03515625,0
191,-0.98828125,-0.0625,-0.03515625,0
192,-0.99609375,-0.0546875,-0.02734375,0
193,-1.0,-0.0546875,-0.0390625,0
194,-1.00390625,-0.0703125,-0.03515625,0
195,-1.0,-0.0625,-0.02734375,0
196,-1.0,-0.0625,-0.03125,0
197,-1.0078125,-0.0625,-0.0390625,0
198,-1.01171875,-0.05859375,-0.0390625,0
199,-0.9921875,-0.0703125,-0.03515625,0
200,-1.01953125,-0.05859375,-0.06640625,0
201,-0.98828125,-0.07421875,-0.04296875,0
202,-1.00390625,-0.0703125,-0.02734375,0
203,-0.99609375,-0.06640625,-0.0390625,0
204,-0.99609375,-0.0546875,-0.0390625,0
205,-1.00390625,-0.0703125,-0.0390625,0
206,-0.99609375,-0.07421875,-0.046875,0
207,-0.98828125,-0.06640625,-0.0390625,0
208,-0.99609375,-0.078125,-0.04296875,0
209,-1.01171875,-0.07421875,-0.03125,0
210,-0.99609375,-0.0703125,-0.03125,0
211,-0.9921875,-0.07421875,-0.03515625,0
212,-1.0,-0.0546875,-0.03125,0
213,-1.0,-0.0703125,-0.03515625,0
214,-0.98828125,-0.06640625,-0.0390625,0
215,-1.0,-0.06640625,-0.03515625,0
216,-1.0078125,-0.07421875,-0.04296875,0
217,-1.0,-0.07421875,-0.0390625,0
218,-1.00390625,-0.0703125,-0.02734375,0
219,-1.00390625,-0.0625,-0.03125,0
220,-0.9921875,-0.078125,-0.046875,0
221,-1.0,-0.06640625,-0.02734375,0
222,-1.0078125,-0.05859375,-0.0234375,0
223,-0.9921875,-0.05859375,-0.04296875,0
224,-0.9921875,-0.0703125,-0.04296875,0
225,-0.98828125,-0.07421875,-0.05078125,0
226,-0.98828125,-0.05859375,-0.046875,0
227,-0.99609375,-0.07421875,-0.03515625,0
228,-1.00390625,-0.06640625,-0.03515625,0
229,-0.99609375,-0.06640625,-0.04296875,0
230,-1.00390625,-0.06640625,-0.0390625,0
231,-1.0078125,-0.07421875,-0.04296875,0
232,-1.01171875,-0.07421875,-0.03515625,0
233,-1.00390625,-0.078125,-0.0390625,0
234,-1.01171875,-0.0546875,-0.02734375,0
235,-1.00390625,-0.0625,-0.05078125,0
236,-1.0078125,-0.0703125,-0.03125,0
237,-0.9921875,-0.0703125,-0.03515625,0
238,-1.0,-0.07421875,-0.02734375,0
239,-0.98828125,-0.078125,-0.01953125,0
240,-0.9921875,-0.0703125,-0.03515625,0
241,-0.98828125,-0.0703125,-0.0390625,0
242,-0.99609375,-0.0703125,-0.0390625,0
243,-0.9921875,-0.05859375,-0.0390625,0
244,-1.00390625,-0.06640625,-0.0390625,0
245,-1.0078125,-0.06640625,-0.03515625,0
246,-0.9921875,-0.07421875,-0.0546875,0
247,-0.98828125,-0.0703125,-0.0390625,0
248,-1.0,-0.0703125,-0.04296875,0
249,-0.9921875,-0.06640625,-0.0546875,0
250,-1.00390625,-0.0546875,-0.04296875,0
251,-1.0,-0.0625,-0.03515625,0
252,-0.9921875,-0.06640625,-0.0390625,0
253,-1.0,-0.0625,-0.04296875,0
254,-1.00390625,-0.06640625,-0.02734375,0
255,-1.0,-0.046875,-0.0390625,0
256,-0.98828125,-0.05859375,-0.04296875,0
257,-1.0,-0.06640625,-0.04296875,0
258,-0.99609375,-0.0703125,-0.0234375,0
259,-1.0,-0.05859375,-0.0390625,0
260,-0.99609375,-0.07421875,-0.04296875,0
261,-0.9921875,-0.05078125,-0.046875,0
262,-1.0078125,-0.07421875,-0.0390625,0
263,-1.0,-0.0546875,-0.04296875,0
264,-0.9921875,-0.09765625,-0.03125,0
265,-1.00390625,-0.046875,-0.03125,0
266,-1.00390625,-0.07421875,-0.03515625,0
267,-0.99609375,-0.06640625,-0.02734375,0
268,-0.99609375,-0.0625,-0.046875,0
269,-1.0,-0.06640625,-0.046875,0
270,-0.984375,-0.05078125,-0.04296875,0
271,-1.0,-0.0625,-0.03515625,0
272,-0.9921875,-0.05078125,-0.0546875,0
273,-0.99609375,-0.0703125,-0.0390625,0
274,-1.00390625,-0.0625,-0.0390625,0
275,-1.0,-0.07421875,-0.046875,0
276,-0.99609375,-0.0703125,-0.04296875,0
277,-1.0,-0.078125,-0.0390625,0
278,-1.015625,-0.0703125,-0.0390625,0
279,-1.0,-0.06640625,-0.046875,0
280,-1.00390625,-0.0546875,-0.03125,0
281,-1.00390625,-0.0703125,-0.03515625,0
282,-1.015625,-0.07421875,-0.03515625,0
283,-0.9921875,-0.0625,-0.04296875,0
284,-0.99609375,-0.0703125,-0.0390625,0
285,-1.00390625,-0.0625,-0.0390625,0
286,-1.0078125,-0.0546875,-0.05078125,0
287,-0.98828125,-0.0703125,-0.0390625,0
288,-1.0,-0.06640625,-0.03515625,0
289,-0.99609375,-0.0703125,-0.03125,0
290,-1.00390625,-0.06640625,-0.03125,0
291,-0.99609375,-0.0625,-0.03515625,0
292,-1.00390625,-0.0625,-0.03515625,0
293,-0.99609375,-0.0703125,-0.04296875,0
294,-0.99609375,-0.0703125,-0.046875,0
295,-0.9921875,-0.05859375,-0.046875,0
296,-1.01171875,-0.06640625,-0.03515625,0
297,-0.99609375,-0.06640625,-0.03125,0
298,-0.98828125,-0.05859375,-0.046875,0
299,-1.0,-0.05859375,-0.04296875,0
300,-1.0,-0.05859375,-0.0390625,0
301,-1.0,-0.05859375,-0.0234375,0
302,-0.99609375,-0.0703125,-0.04296875,0
303,-1.0,-0.05859375,-0.03515625,0
304,-0.99609375,-0.05859375,-0.0390625,0
305,-1.00390625,-0.06640625,-0.03515625,0
306,-1.0,-0.0703125,-0.04296875,0
307,-0.9921875,-0.05078125,-0.0390625,0
308,-1.0,-0.0625,-0.04296875,0
309,-1.0234375,-0.07421875,-0.0390625,0
310,-1.00390625,-0.07421875,-0.04296875,0
311,-0.99609375,-0.05859375,-0.04296875,0
312,-1.0,-0.06640625,-0.04296875,0
313,-1.0,-0.0703125,-0.04296875,0
314,-0.99609375,-0.06640625,-0.03515625,0
315,-1.0078125,-0.0625,-0.03515625,0
316,-1.0078125,-0.0625,-0.0390625,0
317,-1.0078125,-0.07421875,-0.03515625,0
318,-0.9921875,-0.0625,-0.04296875,0
319,-1.00390625,-0.0625,-0.03125,0
320,-1.0078125,-0.0703125,-0.03515625,0
321,-1.00390625,-0.05078125,-0.0390625,0
322,-0.98828125,-0.0625,-0.046875,0
323,-0.98828125,-0.05859375,-0.03515625,0
324,-1.0078125,-0.0625,-0.03515625,0
325,-1.00390625,-0.0703125,-0.02734375,0
326,-0.9921875,-0.0546875,-0.03515625,0
327,-1.00390625,-0.046875,-0.03515625,0
328,-0.98828125,-0.05859375,-0.04296875,0
329,-1.00390625,-0.06640625,-0.02734375,0
330,-1.01171875,-0.05859375,-0.0234375,0
331,-1.00390625,-0.1015625,-0.0234375,0
332,-0.98046875,-0.0703125,-0.0390625,0
333,-0.98828125,-0.05859375,-0.0390625,0
334,-0.99609375,-0.05859375,-0.03515625,0
335,-0.98828125,-0.05078125,-0.0390625,0
336,-1.0,-0.05859375,-0.03515625,0
337,-1.0,-0.06640625,-0.0390625,0
338,-0.99609375,-0.046875,-0.03515625,0
339,-0.9921875,-0.0546875,-0.04296875,0
340,-1.0,-0.06640625,-0.01953125,0
341,-1.00390625,-0.0625,-0.046875,0
342,-0.98828125,-0.05859375,-0.046875,0
343,-0.9921875,-0.05078125,-0.03515625,0
344,-0.99609375,-0.0546875,-0.04296875,0
345,-0.99609375,-0.05859375,-0.046875,0
346,-1.00390625,-0.0625,-0.0390625,0
347,-1.00390625,-0.0546875,-0.04296875,0
348,-1.00390625,-0.07421875,-0.03515625,0
349,-0.99609375,-0.0625,-0.0390625,0
350,-1.0078125,-0.0625,-0.03125,0
351,-1.00390625,-0.06640625,-0.0390625,0
352,-0.99609375,-0.0703125,-0.0390625,0
353,-0.99609375,-0.0546875,-0.046875,0
354,-1.0,-0.05859375,-0.05078125,0
355,-1.0,-0.0625,-0.03125,0
356,-0.99609375,-0.07421875,-0.0390625,0
357,-1.0078125,-0.0625,-0.04296875,0
358,-1.0078125,-0.05859375,-0.04296875,0
359,-1.0,-0.05859375,-0.04296875,0
360,-1.00390625,-0.05078125,-0.03515625,0
361,-1.00390625,-0.06640625,-0.046875,0
362,-1.00390625,-0.05859375,-0.03515625,0
363,-1.0,-0.05859375,-0.0390625,0
364,-0.99609375,-0.05859375,-0.0390625,0
365,-1.00390625,-0.05078125,-0.04296875,0
366,-0.98828125,-0.046875,-0.04296875,0
367,-0.98828125,-0.05078125,-0.04296875,0
368,-0.984375,-0.0546875,-0.05078125,0
369,-0.99609375,-0.0625,-0.0390625,0
370,-0.9921875,-0.0546875,-0.046875,0
371,-0.99609375,-0.05078125,-0.03125,0
372,-0.9921875,-0.05078125,-0.03515625,0
373,-0.9921875,-0.04296875,-0.03125,0
374,-1.0,-0.0546875,-0.04296875,0
375,-1.00390625,-0.05078125,-0.04296875,0
376,-0.99609375,-0.04296875,-0.0390625,0
377,-1.0,-0.06640625,-0.03515625,0
378,-1.0078125,-0.06640625,-0.0390625,0
379,-1.0,-0.04296875,-0.046875,0
380,-1.0078125,-0.0546875,-0.0546875,0
381,-1.0,-0.05859375,-0.046875,0
382,-1.00390625,-0.04296875,-0.046875,0
383,-1.00390625,-0.05859375,-0.0390625,0
384,-0.99609375,-0.05078125,-0.046875,0
385,-0.99609375,-0.06640625,-0.05078125,0
386,-0.99609375,-0.0546875,-0.05078125,0
387,-0.9921875,-0.0625,-0.0546875,0
388,-0.99609375,-0.0546875,-0.0390625,0
389,-1.01171875,-0.05078125,-0.03515625,0
390,-1.0078125,-0.0703125,-0.03125,0
391,-0.9921875,-0.04296875,-0.05078125,0
392,-0.9921875,-0.05859375,-0.0390625,0
393,-1.0,-0.05859375,-0.03515625,0
394,-1.0078125,-0.05859375,-0.04296875,0
395,-0.99609375,-0.0546875,-0.04296875,0
396,-0.9921875,-0.0625,-0.03125,0
397,-0.99609375,-0.06640625,-0.03125,0
398,-0.984375,-0.0625,-0.0390625,0
399,-0.9921875,-0.0625,-0.04296875,0
400,-0.99609375,-0.0625,-0.0390625,0
401,-0.9921875,-0.0703125,-0.0390625,0
402,-0.9921875,-0.0546875,-0.04296875,0
403,-0.99609375,-0.0703125,-0.04296875,0
404,-1.00390625,-0.05859375,-0.0390625,0
405,-1.0,-0.05859375,-0.03125,0
406,-1.00390625,-0.0703125,-0.046875,0
407,-1.0,-0.046875,-0.03515625,0
408,-1.015625,-0.0625,-0.02734375,0
409,-0.99609375,-0.0546875,-0.04296875,0
410,-1.00390625,-0.05859375,-0.04296875,0
411,-1.0,-0.05078125,-0.03515625,0
412,-1.0,-0.0546875,-0.0234375,0
413,-1.00390625,-0.0546875,-0.02734375,0
414,-1.0078125,-0.046875,-0.03515625,0
415,-0.99609375,-0.0703125,-0.03515625,0
416,-0.98828125,-0.05859375,-0.04296875,0
417,-0.9921875,-0.06640625,-0.03125,0
418,-1.00390625,-0.05859375,-0.04296875,0
419,-1.00390625,-0.0625,-0.03125,0
420,-1.0,-0.05859375,-0.0390625,0
421,-1.00390625,-0.078125,-0.0234375,0
422,-0.98828125,-0.06640625,-0.046875,0
423,-1.0,-0.0703125,-0.04296875,0
424,-1.0,-0.0546875,-0.0390625,0
425,-1.00390625,-0.05078125,-0.0390625,0
426,-1.00390625,-0.05078125,-0.03515625,0
427,-1.01171875,-0.0625,-0.0390625,0
428,-0.99609375,-0.0546875,-0.05078125,0
429,-1.0078125,-0.06640625,-0.0390625,0
430,-0.98828125,-0.05859375,-0.046875,0
431,-0.9921875,-0.0625,-0.04296875,0
432,-1.00390625,-0.0546875,-0.03125,0
433,-1.0,-0.0546875,-0.03515625,0
434,-1.00390625,-0.0625,-0.0390625,0
435,-0.9921875,-0.05078125,-0.04296875,0
436,-1.0,-0.0703125,-0.04296875,0
437,-0.99609375,-0.05859375,-0.05078125,0
438,-1.0,-0.05078125,-0.0390625,0
439,-1.00390625,-0.0625,-0.0390625,0
440,-1.0078125,-0.06640625,-0.02734375,0
441,-1.0,-0.05078125,-0.03515625,0
442,-0.99609375,-0.0625,-0.02734375,0
443,-1.0078125,-0.0625,-0.04296875,0
444,-1.00390625,-0.06640625,-0.04296875,0
445,-1.0,-0.05859375,-0.04296875,0
446,-0.99609375,-0.046875,-0.04296875,0
447,-1.0,-0.078125,-0.04296875,0
448,-1.0,-0.06640625,-0.03515625,0
449,-1.0,-0.05859375,-0.0390625,0
450,-1.0,-0.06640625,-0.04296875,0
451,-1.0,-0.06640625,-0.04296875,0
452,-1.0,-0.0546875,-0.04296875,0
453,-0.99609375,-0.06640625,-0.04296875,0
454,-0.9921875,-0.05859375,-0.0390625,0
455,-1.0,-0.05078125,-0.03515625,0
456,-0.99609375,-0.06640625,-0.03515625,0
457,-0.9921875,-0.0625,-0.03515625,0
458,-0.9921875,-0.05078125,-0.0390625,0
459,-1.0,-0.06640625,-0.03515625,0
460,-0.98828125,-0.0546875,-0.04296875,0
461,-0.98828125,-0.06640625,-0.0390625,0
462,-1.00390625,-0.06640625,-0.03125,0
463,-0.99609375,-0.0703125,-0.046875,0
464,-1.0,-0.0625,-0.0390625,0
465,-0.98046875,-0.0625,-0.0390625,0
466,-1.00390625,-0.05078125,-0.0390625,0
467,-1.00390625,-0.0703125,-0.0390625,0
468,-1.00390625,-0.0546875,-0.0390625,0
469,-0.9921875,-0.0703125,-0.03125,0
470,-0.98828125,-0.06640625,-0.05078125,0
471,-0.99609375,-0.05859375,-0.03515625,0
472,-0.99609375,-0.0625,-0.04296875,0
473,-0.99609375,-0.0625,-0.03515625,0
474,-1.0,-0.05859375,-0.04296875,0
475,-0.99609375,-0.07421875,-0.03125,0
476,-1.00390625,-0.0625,-0.0390625,0
477,-0.984375,-0.0703125,-0.05078125,0
478,-1.00390625,-0.0625,-0.0390625,0
479,-1.00390625,-0.0703125,-0.04296875,0
480,-1.0,-0.0703125,-0.0390625,0
481,-1.0,-0.06640625,-0.03515625,0
482,-1.0,-0.05859375,-0.046875,0
483,-0.99609375,-0.07421875,-0.05859375,0
484,-0.99609375,-0.0625,-0.02734375,0
485,-1.00390625,-0.0546875,-0.0390625,0
486,-1.00390625,-0.0625,-0.03515625,0
487,-0.99609375,-0.05859375,-0.04296875,0
488,-0.98828125,-0.05078125,-0.03125,0
489,-0.98046875,-0.0703125,-0.0390625,0
490,-1.00390625,-0.05859375,-0.03515625,0
491,-0.99609375,-0.05078125,-0.03515625,0
492,-1.0,-0.0625,-0.0390625,0
493,-0.984375,-0.07421875,-0.0390625,0
494,-1.00390625,-0.06640625,-0.046875,0
495,-1.00390625,-0.06640625,-0.05078125,0
496,-1.01171875,-0.06640625,-0.046875,0
497,-1.00390625,-0.06640625,-0.04296875,0
498,-1.0,-0.06640625,-0.0390625,0
499,-0.98828125,-0.06640625,-0.046875,0
500,-0.984375,-0.07421875,-0.05078125,0
501,-0.98828125,-0.07421875,-0.03515625,0
502,-0.98828125,-0.07421875,-0.046875,0
503,-1.0,-0.078125,-0.02734375,0
504,-1.0,-0.0625,-0.03125,0
505,-0.9921875,-0.078125,-0.0546875,0
506,-1.0,-0.078125,-0.046875,0
507,-1.0,-0.07421875,-0.03125,0
508,-0.98828125,-0.07421875,-0.046875,0
509,-1.0078125,-0.078125,-0.046875,0
510,-1.015625,-0.078125,-0.04296875,0
511,-1.01171875,-0.078125,-0.0390625,0
512,-1.015625,-0.07421875,-0.04296875,0
513,-1.015625,-0.0703125,-0.046875,0
514,-1.0078125,-0.0703125,-0.04296875,0
515,-0.9921875,-0.09765625,-0.02734375,0
516,-1.00390625,-0.078125,-0.04296875,0
517,-0.99609375,-0.078125,-0.0390625,0
518,-1.0,-0.0859375,-0.02734375,0
519,-0.99609375,-0.07421875,-0.03125,0
520,-1.0,-0.0859375,-0.0234375,0
521,-0.99609375,-0.09375,-0.03125,0
522,-0.98828125,-0.09765625,-0.0390625,0
523,-1.0,-0.1015625,-0.02734375,0
524,-0.9921875,-0.09765625,-0.0390625,0
525,-1.0078125,-0.11328125,-0.03515625,0
526,-1.015625,-0.08984375,-0.0234375,0
527,-1.0234375,-0.08984375,-0.04296875,0
528,-1.02734375,-0.1171875,-0.03515625,0
529,-1.015625,-0.08203125,-0.05078125,0
530,-1.01953125,-0.09765625,-0.04296875,0
531,-1.01171875,-0.1015625,-0.04296875,0
532,-1.0,-0.1015625,-0.05078125,0
533,-1.03125,-0.109375,-0.04296875,0
534,-1.0,-0.109375,-0.05859375,0
535,-0.98828125,-0.1015625,-0.0546875,0
536,-0.98828125,-0.10546875,-0.0546875,0
537,-0.9765625,-0.13671875,-0.0625,0
538,-0.984375,-0.10546875,-0.0625,0
539,-0.98828125,-0.12109375,-0.07421875,0
540,-0.984375,-0.11328125,-0.08203125,0
541,-0.99609375,-0.12109375,-0.06640625,0
542,-1.0,-0.12109375,-0.0546875,0
543,-1.00390625,-0.12109375,-0.0625,0
544,-1.0,-0.11328125,-0.05859375,0
545,-0.98828125,-0.12890625,-0.0625,0
546,-0.99609375,-0.14453125,-0.0390625,0
547,-1.0,-0.13671875,-0.0546875,0
548,-1.0,-0.1328125,-0.046875,0
549,-1.0078125,-0.1484375,-0.03515625,0
550,-0.99609375,-0.14453125,-0.03515625,0
551,-1.0,-0.15625,-0.0078125,0
552,-1.0,-0.15234375,0.00390625,0
553,-0.99609375,-0.15625,0.0,0
554,-1.01171875,-0.140625,0.0,0
555,-0.98828125,-0.1484375,-0.0078125,0
556,-1.0,-0.15625,-0.00390625,0
557,-0.9921875,-0.15625,-0.01171875,0
558,-0.9921875,-0.15625,-0.03125,0
559,-1.0234375,-0.16796875,-0.03515625,0
560,-1.01171875,-0.18359375,-0.046875,0
561,-1.00390625,-0.1328125,-0.05859375,0
562,-0.99609375,-0.1875,-0.0234375,0
563,-1.0078125,-0.14453125,-0.046875,0
564,-0.99609375,-0.16796875,-0.04296875,0
565,-0.94140625,-0.2109375,-0.0390625,0
566,-0.96875,-0.25390625,-0.04296875,0
567,-0.9921875,-0.14453125,-0.06640625,0
568,-0.97265625,-0.21484375,-0.03515625,0
569,-1.0,-0.1796875,-0.01953125,0
570,-0.97265625,-0.20703125,-0.03125,0
571,-0.9765625,-0.23046875,-0.015625,0
572,-0.96875,-0.21875,-0.00390625,0
573,-0.97265625,-0.21875,0.0,0
574,-0.97265625,-0.22265625,-0.0078125,0
575,-0.95703125,-0.15625,-0.04296875,0
576,-0.9296875,-0.20703125,0.03515625,0
577,-0.91796875,-0.16796875,0.03125,0
578,-0.890625,-0.21484375,0.0,0
579,-0.88671875,-0.18359375,0.01953125,0
580,-0.8359375,-0.17578125,0.02734375,0
581,-0.84765625,-0.16796875,-0.01953125,0
582,-0.8359375,-0.17578125,-0.01953125,0
583,-0.796875,-0.15234375,-0.03125,0
584,-0.77734375,-0.140625,-0.03125,0
585,-0.7890625,-0.16796875,-0.03125,0
586,-0.80078125,-0.171875,-0.0390625,0
587,-0.79296875,-0.16796875,-0.046875,0
588,-0.796875,-0.16796875,-0.05078125,0
589,-0.84375,-0.13671875,-0.05078125,0
590,-0.73828125,-0.1875,-0.09375,0
591,-0.84375,-0.1875,-0.04296875,0
592,-0.84765625,-0.17578125,-0.0078125,0
593,-0.80859375,-0.19140625,-0.046875,0
594,-0.8203125,-0.21484375,-0.015625,0
595,-0.83203125,-0.15234375,-0.0078125,0
596,-0.84375,-0.1796875,-0.0078125,0
597,-0.81640625,-0.21484375,-0.015625,0
598,-0.8046875,-0.1796875,-0.00390625,0
599,-0.8359375,-0.1640625,-0.01171875,0
600,-0.82421875,-0.171875,0.00390625,0
601,-0.80859375,-0.16796875,0.0,0
602,-0.83203125,-0.15625,-0.00390625,0
603,-0.84765625,-0.1640625,-0.00390625,0
604,-0.859375,-0.18359375,-0.0625,0
605,-0.90625,-0.1953125,-0.01953125,0
606,-0.875,-0.18359375,-0.046875,0
607,-0.875,-0.19140625,-0.05078125,0
608,-0.921875,-0.203125,-0.05859375,0
609,-0.9296875,-0.3515625,-0.078125,0
610,-0.91015625,-0.3203125,-0.109375,0
611,-0.91796875,-0.3125,-0.1015625,0
612,-0.8515625,-0.3515625,-0.07421875,0
613,-0.828125,-0.3125,-0.0703125,0
614,-0.8359375,-0.29296875,-0.03125,0
615,-0.80078125,-0.2265625,-0.0625,0
616,-0.8515625,-0.2109375,-0.0546875,0
617,-0.8515625,-0.1953125,-0.07421875,0
618,-0.87109375,-0.1875,-0.0703125,0
619,-0.8828125,-0.2109375,-0.0703125,0
620,-0.91015625,-0.25390625,-0.0859375,0
621,-0.8984375,-0.3046875,-0.0703125,0
622,-0.86328125,-0.3359375,-0.078125,0
623,-0.890625,-0.37109375,-0.06640625,0
624,-0.859375,-0.3828125,-0.078125,0
625,-0.85546875,-0.34765625,-0.07421875,0
626,-0.85546875,-0.34765625,-0.09375,0
627,-0.8515625,-0.33984375,-0.10546875,0
628,-0.8046875,-0.33203125,-0.07421875,0
629,-0.859375,-0.24609375,-0.1484375,0
630,-0.8671875,-0.25,-0.0703125,0
631,-0.890625,-0.2421875,-0.08203125,0
632,-0.8984375,-0.2265625,-0.08984375,0
633,-0.8984375,-0.22265625,-0.09375,0
634,-0.91015625,-0.2578125,-0.109375,0
635,-0.91015625,-0.2890625,-0.1171875,0
636,-0.89453125,-0.30078125,-0.13671875,0
637,-0.95703125,-0.34375,-0.1171875,0
638,-0.859375,-0.33203125,-0.125,0
639,-0.87109375,-0.3828125,-0.0859375,0
640,-0.8125,-0.3984375,-0.1484375,0
641,-0.81640625,-0.30078125,-0.12109375,0
642,-0.78515625,-0.296875,-0.09375,0
643,-0.78125,-0.2578125,-0.109375,0
644,-0.77734375,-0.2265625,-0.09765625,0
645,-0.7890625,-0.265625,-0.08984375,0
646,-0.8046875,-0.1953125,-0.078125,0
647,-0.8046875,-0.203125,-0.0703125,0
648,-0.83203125,-0.25390625,-0.078125,0
649,-0.85546875,-0.2421875,-0.07421875,0
650,-0.84765625,-0.2578125,-0.0625,0
651,-0.86328125,-0.29296875,-0.06640625,0
652,-0.88671875,-0.328125,-0.0625,0
653,-0.87890625,-0.3671875,-0.0625,0
654,-0.90234375,-0.39453125,-0.0625,0
655,-0.9140625,-0.40625,-0.0625,0
656,-0.921875,-0.40625,-0.0625,0
657,-0.9375,-0.4140625,-0.0546875,0
658,-0.92578125,-0.40625,-0.08203125,0
659,-0.9140625,-0.38671875,-0.05859375,0
660,-0.8984375,-0.37109375,-0.03515625,0
661,-0.89453125,-0.3515625,-0.04296875,0
662,-0.8828125,-0.359375,-0.0390625,0
663,-0.859375,-0.3984375,-0.06640625,0
664,-0.86328125,-0.3515625,-0.00390625,0
665,-0.85546875,-0.36328125,-0.01171875,0
666,-0.859375,-0.34765625,-0.015625,0
667,-0.8671875,-0.375,-0.0234375,0
668,-0.890625,-0.375,-0.03515625,0
669,-0.91015625,-0.40234375,0.0,0
670,-0.90234375,-0.4296875,-0.0078125,0
671,-0.89453125,-0.4375,0.01953125,0
672,-0.8671875,-0.43359375,0.04296875,0
673,-0.8515625,-0.45703125,0.02734375,0
674,-0.8359375,-0.44140625,0.04296875,0
675,-0.796875,-0.4453125,0.046875,0
676,-0.78515625,-0.44140625,0.0546875,0
677,-0.76171875,-0.4375,0.04296875,0
678,-0.74609375,-0.44140625,0.03515625,0
679,-0.73828125,-0.44140625,0.01171875,0
680,-0.75,-0.4375,-0.03515625,0
681,-0.7421875,-0.4453125,-0.07421875,0
682,-0.765625,-0.45703125,-0.09375,0
683,-0.7734375,-0.49609375,-0.140625,0
684,-0.80078125,-0.51953125,-0.14453125,0
685,-0.83203125,-0.5546875,-0.17578125,0
686,-0.86328125,-0.56640625,-0.19140625,0
687,-0.88671875,-0.59375,-0.1875,0
688,-0.8984375,-0.609375,-0.203125,0
689,-0.90625,-0.62109375,-0.21484375,0
690,-0.9609375,-0.63671875,-0.19921875,0
691,-0.97265625,-0.6171875,-0.2109375,0
692,-0.96484375,-0.62109375,-0.1875,0
693,-0.92578125,-0.62109375,-0.15234375,0
694,-0.89453125,-0.62109375,-0.125,0
695,-0.8828125,-0.61328125,-0.1015625,0
696,-0.87890625,-0.59765625,-0.1015625,0
697,-0.87109375,-0.6015625,-0.0859375,0
698,-0.8671875,-0.59375,-0.078125,0
699,-0.875,-0.58984375,-0.08203125,0
700,-0.85546875,-0.6015625,-0.10546875,0
701,-0.84765625,-0.6015625,-0.109375,0
702,-0.8515625,-0.6015625,-0.125,0
703,-0.828125,-0.62109375,-0.13671875,0
704,-0.828125,-0.625,-0.12890625,0
705,-0.8125,-0.640625,-0.1328125,0
706,-0.80078125,-0.61328125,-0.12890625,0
707,-0.79296875,-0.609375,-0.13671875,0
708,-0.76953125,-0.61328125,-0.12890625,0
709,-0.77734375,-0.59765625,-0.10546875,0
710,-0.75390625,-0.6171875,-0.109375,0
711,-0.76953125,-0.58984375,-0.08984375,0
712,-0.765625,-0.59765625,-0.0859375,0
713,-0.7734375,-0.59765625,-0.07421875,0
714,-0.7890625,-0.58984375,-0.04296875,0
715,-0.8046875,-0.59375,-0.0546875,0
716,-0.8203125,-0.58984375,-0.0234375,0
717,-0.8203125,-0.59375,-0.015625,0
718,-0.81640625,-0.6015625,0.0,0
719,-0.828125,-0.58203125,-0.01171875,0
720,-0.81640625,-0.58203125,-0.01953125,0
721,-0.81640625,-0.58984375,-0.03125,0
722,-0.78125,-0.58984375,-0.0625,0
723,-0.76953125,-0.5859375,-0.078125,0
724,-0.75390625,-0.58203125,-0.08203125,0
725,-0.734375,-0.58203125,-0.11328125,0
726,-0.7265625,-0.57421875,-0.109375,0
727,-0.71875,-0.5703125,-0.1171875,0
728,-0.6953125,-0.57421875,-0.140625,0
729,-0.69140625,-0.57421875,-0.1328125,0
730,-0.68359375,-0.5625,-0.1484375,0
731,-0.65234375,-0.58984375,-0.15625,0
732,-0.64453125,-0.578125,-0.1640625,0
733,-0.6484375,-0.578125,-0.15234375,0
734,-0.62890625,-0.5859375,-0.16015625,0
735,-0.62109375,-0.58984375,-0.140625,0
736,-0.609375,-0.59765625,-0.125,0
737,-0.61328125,-0.6171875,-0.10546875,0
738,-0.625,-0.625,-0.08203125,0
739,-0.6171875,-0.64453125,-0.0703125,0
740,-0.63671875,-0.66015625,-0.05859375,0
741,-0.671875,-0.6640625,-0.06640625,0
742,-0.69921875,-0.69140625,-0.07421875,0
743,-0.7109375,-0.6875,-0.078125,0
744,-0.71875,-0.69921875,-0.0625,0
745,-0.734375,-0.73046875,-0.15234375,0
746,-0.72265625,-0.75,-0.12109375,0
747,-0.734375,-0.7578125,-0.1171875,0
748,-0.72265625,-0.76171875,-0.109375,0
749,-0.71875,-0.76953125,-0.1015625,0
750,-0.71484375,-0.78515625,-0.078125,0
751,-0.7109375,-0.7734375,-0.0703125,0
752,-0.71484375,-0.76171875,-0.05859375,0
753,-0.69921875,-0.78515625,-0.05078125,0
754,-0.68359375,-0.7890625,-0.0546875,0
755,-0.6640625,-0.78125,-0.05859375,0
756,-0.6484375,-0.78515625,-0.05859375,0
757,-0.63671875,-0.796875,-0.078125,0
758,-0.62890625,-0.81640625,-0.09765625,0
759,-0.62890625,-0.828125,-0.109375,0
760,-0.625,-0.83984375,-0.12109375,0
761,-0.65234375,-0.85546875,-0.11328125,0
762,-0.671875,-0.84375,-0.11328125,0
763,-0.7109375,-0.85546875,-0.11328125,0
764,-0.7265625,-0.859375,-0.109375,0
765,-0.7265625,-0.85546875,-0.12109375,0
766,-0.71484375,-0.87890625,-0.1484375,0
767,-0.6875,-0.83984375,-0.171875,0
768,-0.6953125,-0.8515625,-0.171875,0
769,-0.640625,-0.8515625,-0.15625,0
770,-0.59765625,-0.859375,-0.13671875,0
771,-0.59375,-0.84375,-0.12109375,0
772,-0.58984375,-0.84375,-0.10546875,0
773,-0.60546875,-0.8359375,-0.09765625,0
774,-0.6171875,-0.83203125,-0.08984375,0
775,-0.625,-0.82421875,-0.08203125,0
776,-0.59765625,-0.84765625,-0.0859375,0
777,-0.59375,-0.84375,-0.09765625,0
778,-0.58203125,-0.8515625,-0.08203125,0
779,-0.53515625,-0.8515625,-0.0859375,0
780,-0.53515625,-0.85546875,-0.10546875,0
781,-0.53515625,-0.84765625,-0.109375,0
782,-0.5234375,-0.828125,-0.1171875,0
783,-0.546875,-0.81640625,-0.09375,0
784,-0.54296875,-0.81640625,-0.09375,0
785,-0.5625,-0.8125,-0.0859375,0
786,-0.57421875,-0.83203125,-0.0703125,0
787,-0.5859375,-0.83984375,-0.05859375,0
788,-0.58984375,-0.84765625,-0.0390625,0
789,-0.59765625,-0.84375,-0.03125,0
790,-0.609375,-0.84765625,-0.0390625,0
791,-0.59375,-0.859375,-0.0546875,0
792,-0.609375,-0.85546875,-0.0703125,0
793,-0.61328125,-0.859375,-0.078125,0
794,-0.609375,-0.89453125,-0.08203125,0
795,-0.6171875,-0.89453125,-0.10546875,0
796,-0.640625,-0.90234375,-0.09765625,0
797,-0.64453125,-0.8984375,-0.09765625,0
798,-0.625,-0.95703125,-0.12890625,0
799,-0.60546875,-0.96484375,-0.15234375,0
800,-0.6328125,-0.95703125,-0.18359375,0
801,-0.6328125,-0.953125,-0.1875,0
802,-0.62890625,-0.96484375,-0.203125,0
803,-0.63671875,-0.96484375,-0.18359375,0
804,-0.63671875,-0.9609375,-0.17578125,0
805,-0.62890625,-0.95703125,-0.1328125,0
806,-0.6171875,-0.9609375,-0.09375,0
807,-0.60546875,-0.98046875,-0.07421875,0
808,-0.58984375,-0.9921875,-0.0625,0
809,-0.578125,-1.0078125,-0.02734375,0
810,-0.59375,-1.0078125,-0.02734375,0
811,-0.5859375,-1.0078125,-0.03515625,0
812,-0.59375,-1.0390625,-0.02734375,0
813,-0.58984375,-1.02734375,-0.05078125,0
814,-0.57421875,-1.0390625,-0.08203125,0
815,-0.59375,-1.04296875,-0.1015625,0
816,-0.6015625,-1.03515625,-0.12890625,0
817,-0.59765625,-1.0078125,-0.1640625,0
818,-0.60546875,-1.015625,-0.171875,0
819,-0.60546875,-0.984375,-0.1796875,0
820,-0.609375,-0.984375,-0.171875,0
821,-0.60546875,-0.96875,-0.1796875,0
822,-0.6171875,-0.98046875,-0.16796875,0
823,-0.61328125,-0.9609375,-0.140625,0
824,-0.62109375,-0.96484375,-0.12109375,0
825,-0.62890625,-0.96484375,-0.0859375,0
826,-0.6328125,-0.94921875,-0.08984375,0
827,-0.64453125,-0.9453125,-0.0625,0
828,-0.65234375,-0.9609375,-0.05078125,0
829,-0.671875,-0.94921875,-0.0546875,0
830,-0.68359375,-0.97265625,-0.09375,0
831,-0.70703125,-0.99609375,-0.12890625,0
832,-0.73046875,-0.99609375,-0.16015625,0
833,-0.76953125,-1.0234375,-0.1640625,0
834,-0.80859375,-1.03515625,-0.15234375,0
835,-0.8125,-1.078125,-0.171875,0
836,-0.83984375,-1.11328125,-0.1640625,0
837,-0.828125,-1.15625,-0.19921875,0
838,-0.82421875,-1.16796875,-0.21875,0
839,-0.828125,-1.19140625,-0.15234375,0
840,-0.83203125,-1.20703125,-0.1328125,0
841,-0.828125,-1.19921875,-0.12890625,0
842,-0.80078125,-1.18359375,-0.125,0
843,-0.79296875,-1.16015625,-0.1171875,0
844,-0.78515625,-1.125,-0.12109375,0
845,-0.77734375,-1.07421875,-0.09375,0
846,-0.765625,-0.98828125,-0.078125,0
847,-0.734375,-0.93359375,-0.078125,0
848,-0.71875,-0.875,-0.07421875,0
849,-0.6875,-0.82421875,-0.0859375,0
850,-0.6796875,-0.77734375,-0.08203125,0
851,-0.65625,-0.7109375,-0.078125,0
852,-0.640625,-0.68359375,-0.07421875,0
853,-0.63671875,-0.66015625,-0.0546875,0
854,-0.6328125,-0.6328125,-0.0390625,0
855,-0.60546875,-0.6171875,-0.0546875,0
856,-0.6171875,-0.6015625,-0.046875,0
857,-0.61328125,-0.58203125,-0.04296875,0
858,-0.6171875,-0.5703125,-0.03125,0
859,-0.62109375,-0.5703125,-0.046875,0
860,-0.61328125,-0.5546875,-0.04296875,0
861,-0.6171875,-0.54296875,-0.05078125,0
862,-0.61328125,-0.5546875,-0.0625,0
863,-0.625,-0.5390625,-0.0625,0
864,-0.63671875,-0.53515625,-0.05859375,0
865,-0.63671875,-0.5390625,-0.0625,0
866,-0.6484375,-0.5078125,-0.05859375,0
867,-0.66796875,-0.52734375,-0.0625,0
868,-0.6640625,-0.5234375,-0.046875,0
869,-0.69140625,-0.52734375,-0.05078125,0
870,-0.69921875,-0.515625,-0.046875,0
871,-0.71875,-0.484375,-0.01953125,0
872,-0.734375,-0.484375,-0.0078125,0
873,-0.74609375,-0.5078125,-0.02734375,0
874,-0.765625,-0.484375,-0.046875,0
875,-0.77734375,-0.50390625,-0.046875,0
876,-0.80859375,-0.5078125,-0.06640625,0
877,-0.83984375,-0.51171875,-0.06640625,0
878,-0.87109375,-0.52734375,-0.0703125,0
879,-0.89453125,-0.54296875,-0.0703125,0
880,-0.9296875,-0.5546875,-0.0625,0
881,-0.94921875,-0.58203125,-0.08203125,0
882,-0.97265625,-0.609375,-0.08203125,0
883,-0.98046875,-0.65234375,-0.09765625,0
884,-1.01953125,-0.6796875,-0.09375,0
885,-1.0234375,-0.70703125,-0.10546875,0
886,-1.04296875,-0.7421875,-0.1171875,0
887,-1.0625,-0.75,-0.10546875,0
888,-1.046875,-0.7421875,-0.109375,0
889,-1.04296875,-0.734375,-0.10546875,0
890,-1.015625,-0.6953125,-0.09765625,0
891,-0.9765625,-0.671875,-0.1015625,0
892,-0.9609375,-0.65234375,-0.1015625,0
893,-0.91796875,-0.6328125,-0.09765625,0
894,-0.8671875,-0.6015625,-0.08203125,0
895,-0.8359375,-0.57421875,-0.078125,0
896,-0.8125,-0.53515625,-0.046875,0
897,-0.7890625,-0.5078125,-0.05859375,0
898,-0.76953125,-0.48046875,-0.05859375,0
899,-0.7578125,-0.48046875,-0.0390625,0
900,-0.76953125,-0.45703125,-0.03125,0
901,-0.76171875,-0.44140625,-0.01953125,0
902,-0.76953125,-0.41796875,-0.01953125,0
903,-0.7890625,-0.41796875,-0.03125,0
904,-0.8046875,-0.3984375,-0.00390625,0
905,-0.828125,-0.38671875,-0.015625,0
906,-0.8515625,-0.37109375,-0.01171875,0
907,-0.87890625,-0.38671875,-0.01171875,0
908,-0.89453125,-0.3671875,-0.03515625,0
909,-0.9140625,-0.37109375,-0.04296875,0
910,-0.921875,-0.3671875,-0.04296875,0
911,-0.9609375,-0.375,-0.04296875,0
912,-0.96875,-0.36328125,-0.046875,0
913,-0.97265625,-0.37890625,-0.0625,0
914,-0.984375,-0.3828125,-0.0703125,0
915,-0.984375,-0.375,-0.05078125,0
916,-0.9921875,-0.375,-0.046875,0
917,-0.9765625,-0.3359375,-0.0546875,0
918,-0.96875,-0.3359375,-0.05859375,0
919,-0.96875,-0.35546875,-0.0625,0
920,-0.96484375,-0.328125,-0.0625,0
921,-0.9609375,-0.33984375,-0.0703125,0
922,-0.96484375,-0.328125,-0.0625,0
923,-0.953125,-0.3203125,-0.0546875,0
924,-0.9609375,-0.3125,-0.04296875,0
925,-0.95703125,-0.29296875,-0.0390625,0
926,-0.94921875,-0.30859375,-0.0390625,0
927,-0.9375,-0.30859375,-0.03515625,0
928,-0.953125,-0.2890625,-0.02734375,0
929,-0.95703125,-0.296875,-0.015625,0
930,-0.953125,-0.2890625,-0.015625,0
931,-0.94921875,-0.28125,-0.03125,0
932,-0.94921875,-0.28125,-0.03125,0
933,-0.94921875,-0.28515625,-0.0234375,0
934,-0.9453125,-0.28125,-0.05078125,0
935,-0.95703125,-0.2890625,-0.0390625,0
936,-0.9375,-0.28125,-0.02734375,0
937,-0.94921875,-0.28125,-0.04296875,0
938,-0.93359375,-0.28125,-0.046875,0
939,-0.95703125,-0.28125,-0.04296875,0
940,-0.94921875,-0.28125,-0.015625,0
941,-0.9609375,-0.27734375,0.00390625,0
942,-0.953125,-0.26953125,0.0,0
943,-0.95703125,-0.2734375,0.015625,0
944,-0.953125,-0.26953125,0.0234375,0
945,-0.95703125,-0.2734375,0.01171875,0
946,-0.95703125,-0.2578125,0.01953125,0
947,-0.95703125,-0.265625,0.015625,0
948,-0.96484375,-0.2578125,0.0,0
949,-0.95703125,-0.26171875,-0.01171875,0
950,-0.96875,-0.25390625,-0.01171875,0
951,-0.953125,-0.25390625,-0.02734375,0
952,-0.95703125,-0.26171875,-0.03515625,0
953,-0.9609375,-0.2421875,-0.03515625,0
954,-0.953125,-0.2421875,-0.05078125,0
955,-0.9609375,-0.2421875,-0.05859375,0
956,-0.96484375,-0.2265625,-0.07421875,0
957,-0.95703125,-0.2109375,-0.06640625,0
958,-0.95703125,-0.2265625,-0.08203125,0
959,-0.94140625,-0.21875,-0.09375,0
960,-0.95703125,-0.2265625,-0.09765625,0
961,-0.97265625,-0.2109375,-0.07421875,0
962,-0.96484375,-0.2109375,-0.0859375,0
963,-0.95703125,-0.203125,-0.0859375,0
964,-0.9609375,-0.20703125,-0.07421875,0
965,-0.96484375,-0.20703125,-0.0703125,0
966,-0.9609375,-0.20703125,-0.078125,0
967,-0.9609375,-0.20703125,-0.0703125,0
968,-0.97265625,-0.2109375,-0.06640625,0
969,-0.96875,-0.20703125,-0.08203125,0
970,-0.98828125,-0.19921875,-0.08203125,0
971,-0.984375,-0.2109375,-0.078125,0
972,-0.98046875,-0.1875,-0.0703125,0
973,-0.984375,-0.1953125,-0.0703125,0
974,-1.0,-0.18359375,-0.05859375,0
975,-0.9921875,-0.17578125,-0.0625,0
976,-0.98046875,-0.18359375,-0.046875,0
977,-0.98828125,-0.17578125,-0.03515625,0
978,-0.98828125,-0.17578125,-0.03515625,0
979,-0.99609375,-0.17578125,-0.03515625,0
980,-0.98828125,-0.17578125,-0.02734375,0
981,-0.98828125,-0.171875,-0.03515625,0
982,-0.9921875,-0.1796875,-0.03125,0
983,-0.9921875,-0.171875,-0.03515625,0
984,-0.984375,-0.17578125,-0.03515625,0
985,-0.9765625,-0.16796875,-0.0234375,0
986,-0.9765625,-0.171875,-0.0390625,0
987,-0.984375,-0.1640625,-0.03125,0
988,-0.97265625,-0.16015625,-0.02734375,0
989,-0.97265625,-0.15234375,-0.02734375,0
990,-0.96875,-0.1640625,-0.03125,0
991,-0.98828125,-0.16015625,-0.03515625,0
992,-0.984375,-0.1484375,-0.03515625,0
993,-0.984375,-0.1484375,-0.0390625,0
994,-0.984375,-0.140625,-0.0390625,0
995,-0.98046875,-0.1484375,-0.04296875,0
996,-0.984375,-0.1484375,-0.04296875,0
997,-0.9765625,-0.13671875,-0.0390625,0
998,-0.9765625,-0.140625,-0.0390625,0
999,-0.98046875,-0.1328125,-0.03515625,0
1000,-0.98046875,-0.1328125,-0.03515625,0
1001,-0.9765625,-0.1328125,-0.0390625,0
1002,-0.9921875,-0.13671875,-0.03515625,0
1003,-0.9921875,-0.125,-0.03515625,0
1004,-0.984375,-0.13671875,-0.04296875,0
1005,-0.984375,-0.12890625,-0.04296875,0
1006,-0.98046875,-0.12890625,-0.0546875,0
1007,-0.984375,-0.125,-0.0546875,0
1008,-0.99609375,-0.12890625,-0.05078125,0
1009,-0.98828125,-0.11328125,-0.05859375,0
1010,-0.9921875,-0.125,-0.05078125,0
1011,-0.98828125,-0.125,-0.06640625,0
1012,-0.9921875,-0.1171875,-0.0546875,0
1013,-1.0,-0.12890625,-0.0546875,0
1014,-0.9921875,-0.125,-0.0625,0
1015,-1.0078125,-0.125,-0.046875,0
1016,-1.0078125,-0.1171875,-0.04296875,0
1017,-1.0,-0.1171875,-0.046875,0
1018,-0.9921875,-0.1171875,-0.046875,0
1019,-1.0078125,-0.12890625,-0.0390625,0
1020,-0.99609375,-0.13671875,-0.0390625,0
1021,-0.97265625,-0.12890625,-0.05859375,0
1022,-0.98046875,-0.125,-0.0390625,0
1023,-0.97265625,-0.140625,-0.0390625,0
1024,-0.98046875,-0.12890625,-0.046875,0
1025,-0.984375,-0.11328125,-0.04296875,0
1026,-0.9765625,-0.12890625,-0.02734375,0
1027,-0.98828125,-0.10546875,-0.0390625,0
1028,-0.9921875,-0.109375,-0.046875,0
1029,-0.9921875,-0.125,-0.02734375,0
1030,-0.98828125,-0.1171875,-0.03125,0
1031,-0.9765625,-0.12890625,-0.046875,0
1032,-0.9921875,-0.1171875,-0.0390625,0
1033,-1.0,-0.13671875,-0.05078125,0
1034,-0.98828125,-0.10546875,-0.0625,0
1035,-0.984375,-0.125,-0.0625,0
1036,-0.99609375,-0.1171875,-0.05859375,0
1037,-0.98828125,-0.11328125,-0.0703125,0
1038,-0.984375,-0.10546875,-0.0703125,0
1039,-0.99609375,-0.125,-0.0625,0
1040,-0.9921875,-0.125,-0.05859375,0
1041,-1.0,-0.140625,-0.0546875,0
1042,-0.9921875,-0.12109375,-0.0546875,0
1043,-0.99609375,-0.125,-0.04296875,0
1044,-0.99609375,-0.125,-0.05078125,0
1045,-0.984375,-0.125,-0.04296875,0
1046,-0.9921875,-0.13671875,-0.03125,0
1047,-0.9765625,-0.12890625,-0.03125,0
1048,-0.984375,-0.125,-0.0234375,0
1049,-0.984375,-0.1171875,-0.02734375,0
1050,-0.9765625,-0.1171875,-0.02734375,0
1051,-0.99609375,-0.12890625,-0.015625,0
1052,-0.9921875,-0.13671875,-0.03515625,0
1053,-0.99609375,-0.1484375,-0.03125,0
1054,-0.9921875,-0.13671875,-0.03515625,0
1055,-0.99609375,-0.1328125,-0.03125,0
1056,-0.99609375,-0.13671875,-0.03515625,0
1057,-1.0,-0.12890625,-0.05078125,0
1058,-0.98828125,-0.140625,-0.0390625,0
1059,-1.00390625,-0.12890625,-0.046875,0
1060,-0.9921875,-0.1328125,-0.046875,0
1061,-1.0,-0.12890625,-0.05078125,0
1062,-1.0,-0.13671875,-0.0390625,0
1063,-1.0,-0.12890625,-0.03515625,0
1064,-0.98828125,-0.14453125,-0.05078125,0
1065,-0.9921875,-0.12890625,-0.03515625,0
1066,-1.00390625,-0.125,-0.03515625,0
1067,-0.9921875,-0.109375,-0.03515625,0
1068,-0.99609375,-0.12109375,-0.0390625,0
1069,-1.00390625,-0.1171875,-0.0390625,0
1070,-0.9921875,-0.12109375,-0.04296875,0
1071,-1.01171875,-0.12109375,-0.04296875,0
1072,-0.98828125,-0.11328125,-0.05078125,0
1073,-1.0078125,-0.1328125,-0.03515625,0
1074,-1.0,-0.12109375,-0.0390625,0
1075,-1.0,-0.11328125,-0.046875,0
1076,-1.0078125,-0.12109375,-0.046875,0
1077,-0.9921875,-0.12109375,-0.03515625,0
1078,-0.99609375,-0.109375,-0.0390625,0
1079,-1.0,-0.109375,-0.0390625,0
1080,-1.0078125,-0.11328125,-0.046875,0
1081,-0.9921875,-0.11328125,-0.04296875,0
1082,-1.00390625,-0.09765625,-0.03515625,0
1083,-0.9921875,-0.09765625,-0.04296875,0
1084,-0.99609375,-0.109375,-0.046875,0
1085,-0.9921875,-0.09375,-0.04296875,0
1086,-1.0,-0.1015625,-0.03125,0
1087,-0.99609375,-0.0859375,-0.03515625,0
1088,-0.98828125,-0.1015625,-0.03125,0
1089,-0.98046875,-0.08984375,-0.05078125,0
1090,-0.98828125,-0.1015625,-0.03125,0
1091,-1.00390625,-0.10546875,-0.046875,0
1092,-0.99609375,-0.09375,-0.046875,0
1093,-1.0,-0.09375,-0.046875,0
1094,-1.0,-0.0859375,-0.05078125,0
1095,-0.9921875,-0.08984375,-0.06640625,0
1096,-1.0,-0.0859375,-0.05078125,0
1097,-1.0,-0.0859375,-0.0546875,0
1098,-1.00390625,-0.08203125,-0.0546875,0
1099,-1.00390625,-0.078125,-0.03125,0
1100,-1.0078125,-0.0859375,-0.04296875,0
1101,-0.9921875,-0.0703125,-0.04296875,0
1102,-1.01171875,-0.08984375,-0.0390625,0
1103,-1.0,-0.109375,-0.0546875,0
1104,-0.98828125,-0.0859375,-0.03515625,0
1105,-0.9921875,-0.09765625,-0.05078125,0
1106,-0.984375,-0.08984375,-0.04296875,0
1107,-0.9921875,-0.08203125,-0.04296875,0
1108,-1.00390625,-0.08203125,-0.02734375,0
1109,-0.98828125,-0.0859375,-0.046875,0
1110,-0.984375,-0.078125,-0.02734375,0
1111,-0.99609375,-0.09375,-0.04296875,0
1112,-0.99609375,-0.09765625,-0.0390625,0
1113,-0.9921875,-0.08984375,-0.03125,0
1114,-0.9921875,-0.08203125,-0.03125,0
1115,-0.99609375,-0.1015625,-0.0390625,0
1116,-1.00390625,-0.07421875,-0.015625,0
1117,-0.9921875,-0.078125,-0.03515625,0
1118,-1.0,-0.09765625,-0.046875,0
1119,-1.0,-0.0859375,-0.03125,0
1120,-1.0,-0.1015625,-0.0390625,0
1121,-1.0,-0.078125,-0.03515625,0
1122,-0.9921875,-0.0859375,-0.03125,0
1123,-0.99609375,-0.078125,-0.04296875,0
1124,-0.98828125,-0.0859375,-0.0390625,0
1125,-0.98828125,-0.07421875,-0.03125,0
1126,-0.99609375,-0.0859375,-0.0390625,0
1127,-1.0,-0.078125,-0.04296875,0
1128,-0.9921875,-0.0859375,-0.04296875,0
1129,-0.9921875,-0.0859375,-0.0390625,0
1130,-0.9921875,-0.078125,-0.03515625,0
1131,-0.9921875,-0.07421875,-0.0390625,0
1132,-1.0,-0.078125,-0.03515625,0
1133,-0.99609375,-0.0703125,-0.04296875,0
1134,-1.0,-0.078125,-0.0390625,0
1135,-0.9921875,-0.06640625,-0.03125,0
1136,-1.00390625,-0.0859375,-0.03515625,0
1137,-0.98828125,-0.08203125,-0.03515625,0
1138,-1.0,-0.0703125,-0.02734375,0
1139,-0.9921875,-0.0859375,-0.04296875,0
1140,-0.98828125,-0.08203125,-0.0390625,0
1141,-0.984375,-0.0703125,-0.03515625,0
1142,-0.9921875,-0.0703125,-0.0390625,0
1143,-0.99609375,-0.078125,-0.0390625,0
1144,-1.0,-0.0703125,-0.03125,0
1145,-1.00390625,-0.078125,-0.0234375,0
1146,-0.99609375,-0.078125,-0.03515625,0
1147,-1.00390625,-0.0703125,-0.02734375,0
1148,-1.0,-0.0703125,-0.04296875,0
1149,-1.00390625,-0.0859375,-0.0234375,0
1150,-1.0,-0.0859375,-0.02734375,0
1151,-0.9921875,-0.07421875,-0.03125,0
1152,-0.99609375,-0.08203125,-0.03125,0
1153,-1.0,-0.07421875,-0.04296875,0
1154,-1.0,-0.0703125,-0.03125,0
1155,-1.00390625,-0.078125,-0.03125,0
1156,-1.01171875,-0.0625,-0.03515625,0
1157,-1.0,-0.07421875,-0.03515625,0
1158,-1.0078125,-0.07421875,-0.0546875,0
1159,-1.00390625,-0.078125,-0.03515625,0
1160,-1.00390625,-0.0859375,-0.0390625,0
1161,-1.00390625,-0.078125,-0.04296875,0
1162,-1.00390625,-0.08203125,-0.046875,0
1163,-1.00390625,-0.07421875,-0.03125,0
1164,-1.0,-0.078125,-0.0390625,0
1165,-1.0,-0.07421875,-0.0390625,0
1166,-0.99609375,-0.05859375,-0.03125,0
1167,-0.9921875,-0.0859375,-0.04296875,0
1168,-1.00390625,-0.078125,-0.04296875,0
1169,-1.0,-0.078125,-0.046875,0
1170,-0.9921875,-0.078125,-0.02734375,0
1171,-0.984375,-0.0859375,-0.0546875,0
1172,-1.0,-0.09375,-0.04296875,0
1173,-0.99609375,-0.08203125,-0.04296875,0
1174,-0.9921875,-0.078125,-0.05078125,0
1175,-1.0,-0.07421875,-0.04296875,0
1176,-0.984375,-0.078125,-0.046875,0
1177,-1.00390625,-0.078125,-0.0390625,0
1178,-1.00390625,-0.05078125,-0.0625,0
1179,-1.01171875,-0.0859375,-0.046875,0
1180,-1.00390625,-0.0859375,-0.03515625,0
1181,-1.0234375,-0.06640625,-0.02734375,0
1182,-1.0078125,-0.0703125,-0.0390625,0
1183,-1.01171875,-0.06640625,-0.03125,0
1184,-1.00390625,-0.06640625,-0.0234375,0
1185,-0.99609375,-0.0703125,-0.0234375,0
1186,-0.99609375,-0.07421875,-0.03515625,0
1187,-0.9921875,-0.0703125,-0.03515625,0
1188,-0.9765625,-0.078125,-0.05078125,0
1189,-0.98828125,-0.07421875,-0.02734375,0
1190,-0.9921875,-0.078125,-0.04296875,0
1191,-0.9921875,-0.078125,-0.03515625,0
1192,-0.98828125,-0.06640625,-0.046875,0
1193,-0.99609375,-0.078125,-0.04296875,0
1194,-0.98828125,-0.0703125,-0.05078125,0
1195,-0.98828125,-0.078125,-0.0390625,0
1196,-0.984375,-0.078125,-0.04296875,0
1197,-0.9921875,-0.078125,-0.0390625,0
1198,-0.99609375,-0.08203125,-0.0390625,0
1199,-1.00390625,-0.0859375,-0.0234375,0
1200,-0.99609375,-0.0859375,-0.0234375,0
1201,-0.9921875,-0.08984375,-0.03515625,0
1202,-1.0,-0.078125,-0.03125,0
1203,-0.9921875,-0.078125,-0.0390625,0
1204,-0.99609375,-0.078125,-0.0390625,0
1205,-0.9921875,-0.08203125,-0.04296875,0
1206,-1.00390625,-0.078125,-0.0390625,0
1207,-1.00390625,-0.0859375,-0.04296875,0
1208,-1.0,-0.078125,-0.05078125,0
1209,-1.00390625,-0.0859375,-0.05078125,0
1210,-1.0,-0.078125,-0.0390625,0
1211,-0.98828125,-0.09765625,-0.0390625,0
1212,-0.99609375,-0.078125,-0.04296875,0
1213,-0.9921875,-0.078125,-0.046875,0
1214,-0.9921875,-0.078125,-0.04296875,0
1215,-1.00390625,-0.07421875,-0.05078125,0
1216,-1.0078125,-0.07421875,-0.03125,0
1217,-1.00390625,-0.07421875,-0.04296875,0
1218,-1.00390625,-0.07421875,-0.0390625,0
1219,-1.0,-0.07421875,-0.04296875,0
1220,-1.00390625,-0.08203125,-0.03125,0
1221,-0.98828125,-0.08203125,-0.04296875,0
1222,-0.99609375,-0.0546875,-0.03125,0
1223,-1.0078125,-0.078125,-0.02734375,0
1224,-0.984375,-0.08984375,-0.05078125,0
1225,-0.99609375,-0.078125,-0.0390625,0
1226,-0.9921875,-0.07421875,-0.0390625,0
1227,-0.99609375,-0.0859375,-0.0390625,0
1228,-0.99609375,-0.06640625,-0.03515625,0
1229,-0.99609375,-0.0859375,-0.03515625,0
1230,-1.0,-0.0859375,-0.0390625,0
1231,-0.98828125,-0.07421875,-0.046875,0
1232,-0.99609375,-0.07421875,-0.01171875,0
1233,-0.9921875,-0.07421875,-0.03515625,0
1234,-0.984375,-0.078125,-0.0390625,0
1235,-0.98828125,-0.07421875,-0.0390625,0
1236,-0.98828125,-0.0703125,-0.0390625,0
1237,-0.99609375,-0.08203125,-0.03515625,0
1238,-1.00390625,-0.08984375,-0.03515625,0
1239,-0.9921875,-0.078125,-0.04296875,0
1240,-1.0,-0.07421875,-0.03515625,0
1241,-1.00390625,-0.078125,-0.0390625,0
1242,-0.98828125,-0.078125,-0.0390625,0
1243,-0.98828125,-0.1015625,-0.02734375,0
1244,-1.00390625,-0.078125,-0.03515625,0
1245,-0.984375,-0.07421875,-0.04296875,0
1246,-0.98828125,-0.078125,-0.046875,0
1247,-0.99609375,-0.078125,-0.046875,0
1248,-0.99609375,-0.078125,-0.04296875,0
1249,-0.98828125,-0.078125,-0.046875,0
1250,-1.00390625,-0.08984375,-0.03515625,0
1251,-0.99609375,-0.07421875,-0.04296875,0
1252,-0.984375,-0.078125,-0.05078125,0
1253,-1.0,-0.078125,-0.0390625,0
1254,-0.98046875,-0.07421875,-0.03515625,0
1255,-0.98828125,-0.08984375,-0.03515625,0
1256,-0.984375,-0.09375,-0.046875,0
1257,-1.00390625,-0.08984375,-0.046875,0
1258,-0.9921875,-0.078125,-0.0390625,0
1259,-0.99609375,-0.07421875,-0.0390625,0
1260,-0.99609375,-0.1015625,-0.0390625,0
1261,-1.0078125,-0.0859375,-0.03515625,0
1262,-1.01171875,-0.08203125,-0.03515625,0
1263,-1.00390625,-0.08203125,-0.0390625,0
1264,-0.98828125,-0.078125,-0.03515625,0
1265,-1.00390625,-0.0859375,-0.03125,0
1266,-0.9921875,-0.078125,-0.0390625,0
1267,-0.99609375,-0.09765625,-0.03515625,0
1268,-0.98828125,-0.09375,-0.03515625,0
1269,-0.99609375,-0.09375,-0.03125,0
1270,-0.98046875,-0.0859375,-0.046875,0
1271,-1.00390625,-0.0859375,-0.04296875,0
1272,-0.98828125,-0.078125,-0.03515625,0
1273,-0.99609375,-0.09375,-0.03125,0
1274,-1.00390625,-0.0859375,-0.03515625,0
1275,-1.0,-0.09375,-0.0234375,0
1276,-0.984375,-0.08203125,-0.03515625,0
1277,-0.99609375,-0.08984375,-0.0390625,0
1278,-1.0,-0.078125,-0.04296875,0
1279,-0.9921875,-0.09375,-0.04296875,0
1280,-1.0,-0.09375,-0.05078125,0
1281,-0.9921875,-0.09375,-0.0546875,0
1282,-0.99609375,-0.0859375,-0.05078125,0
1283,-1.0,-0.09765625,-0.0390625,0
1284,-0.99609375,-0.0859375,-0.0390625,0
1285,-1.0078125,-0.09375,-0.046875,0
1286,-0.984375,-0.07421875,-0.04296875,0
1287,-0.984375,-0.09765625,-0.05078125,0
1288,-0.98046875,-0.1015625,-0.046875,0
1289,-1.0078125,-0.10546875,-0.0390625,0
1290,-1.0,-0.1015625,-0.03125,0
1291,-1.0078125,-0.10546875,-0.0390625,0
1292,-1.0078125,-0.1015625,-0.03515625,0
1293,-0.98828125,-0.09375,-0.05078125,0
1294,-0.99609375,-0.078125,-0.0390625,0
1295,-0.9921875,-0.09375,-0.03125,0
1296,-0.9921875,-0.0859375,-0.046875,0
1297,-1.0,-0.1015625,-0.02734375,0
1298,-1.00390625,-0.09375,-0.0390625,0
1299,-1.0078125,-0.1015625,-0.0390625,0
1300,-0.99609375,-0.1015625,-0.0390625,0
1301,-0.9921875,-0.08984375,-0.04296875,0
1302,-1.00390625,-0.109375,-0.046875,0
1303,-0.99609375,-0.11328125,-0.04296875,0
1304,-1.0,-0.10546875,-0.046875,0
1305,-1.0,-0.10546875,-0.03515625,0
1306,-0.99609375,-0.09375,-0.03125,0
1307,-1.0,-0.12109375,-0.0390625,0
1308,-1.0,-0.1171875,-0.0390625,0
1309,-1.00390625,-0.09765625,-0.0390625,0
1310,-0.99609375,-0.12109375,-0.03515625,0
1311,-1.0,-0.109375,-0.03125,0
1312,-1.0,-0.10546875,-0.0390625,0
1313,-0.9921875,-0.12109375,-0.03515625,0
1314,-1.0078125,-0.11328125,-0.03125,0
1315,-1.00390625,-0.125,-0.046875,0
1316,-1.0,-0.1171875,-0.03125,0
1317,-0.99609375,-0.12109375,-0.03125,0
1318,-0.99609375,-0.109375,-0.0546875,0
1319,-0.9921875,-0.11328125,-0.03125,0
1320,-0.99609375,-0.1484375,-0.04296875,0
1321,-0.9921875,-0.12109375,-0.0390625,0
1322,-0.9921875,-0.12109375,-0.0390625,0
1323,-1.0,-0.12890625,-0.046875,0
1324,-0.98046875,-0.125,-0.046875,0
1325,-0.98828125,-0.1171875,-0.03515625,0
1326,-0.9921875,-0.11328125,-0.0390625,0
1327,-0.9921875,-0.1015625,-0.03515625,0
1328,-1.00390625,-0.1015625,-0.0390625,0
1329,-0.98828125,-0.109375,-0.046875,0
1330,-0.99609375,-0.11328125,-0.05078125,0
1331,-1.0078125,-0.12890625,-0.04296875,0
1332,-0.9921875,-0.12109375,-0.046875,0
1333,-1.00390625,-0.12109375,-0.04296875,0
1334,-1.0078125,-0.12109375,-0.0390625,0
1335,-1.01171875,-0.1015625,-0.03515625,0
1336,-1.0078125,-0.12109375,-0.046875,0
1337,-1.00390625,-0.125,-0.03515625,0
1338,-1.00390625,-0.12109375,-0.0390625,0
1339,-0.99609375,-0.12109375,-0.03125,0
1340,-1.0078125,-0.1171875,-0.0390625,0
1341,-1.0,-0.1015625,-0.02734375,0
1342,-0.98828125,-0.1015625,-0.0390625,0
1343,-0.98046875,-0.10546875,-0.046875,0
1344,-0.98828125,-0.109375,-0.04296875,0
1345,-1.0,-0.11328125,-0.03515625,0
1346,-0.98828125,-0.12890625,-0.03515625,0
1347,-0.984375,-0.11328125,-0.03515625,0
1348,-0.99609375,-0.1171875,-0.03515625,0
1349,-0.99609375,-0.10546875,-0.0390625,0
1350,-0.9921875,-0.12890625,-0.03125,0
1351,-0.9921875,-0.12890625,-0.0390625,0
1352,-1.01171875,-0.13671875,-0.046875,0
1353,-1.0,-0.1171875,-0.03125,0
1354,-0.99609375,-0.109375,-0.03515625,0
1355,-0.99609375,-0.109375,-0.046875,0
1356,-1.0,-0.10546875,-0.03515625,0
1357,-1.00390625,-0.11328125,-0.03515625,0
1358,-0.98046875,-0.125,-0.03515625,0
1359,-0.99609375,-0.109375,-0.04296875,0
1360,-1.00390625,-0.109375,-0.03515625,0
1361,-1.0078125,-0.125,-0.03125,0
1362,-0.984375,-0.1328125,-0.03125,0
1363,-0.99609375,-0.11328125,-0.04296875,0
1364,-0.99609375,-0.1328125,-0.0390625,0
1365,-0.9921875,-0.125,-0.046875,0
1366,-1.0,-0.125,-0.0390625,0
1367,-0.9921875,-0.11328125,-0.04296875,0
1368,-0.98828125,-0.12109375,-0.046875,0
1369,-0.99609375,-0.11328125,-0.03125,0
1370,-0.9921875,-0.1171875,-0.046875,0
1371,-0.9921875,-0.1171875,-0.03515625,0
1372,-0.98828125,-0.11328125,-0.04296875,0
1373,-0.98828125,-0.12890625,-0.0390625,0
1374,-1.0,-0.109375,-0.05078125,0
1375,-0.98828125,-0.12109375,-0.04296875,0
1376,-1.0,-0.1171875,-0.046875,0
1377,-0.9921875,-0.125,-0.04296875,0
1378,-0.9921875,-0.12109375,-0.0546875,0
1379,-0.984375,-0.1328125,-0.03515625,0
1380,-0.99609375,-0.125,-0.0390625,0
1381,-0.9921875,-0.1171875,-0.03125,0
1382,-0.98828125,-0.12109375,-0.046875,0
1383,-0.98046875,-0.12890625,-0.04296875,0
1384,-0.98046875,-0.12890625,-0.03515625,0
1385,-0.97265625,-0.140625,-0.04296875,0
1386,-0.9765625,-0.125,-0.0390625,0
1387,-0.984375,-0.14453125,-0.03515625,0
1388,-0.984375,-0.1328125,-0.03125,0
1389,-0.984375,-0.1328125,-0.0390625,0
1390,-0.984375,-0.1328125,-0.0390625,0
1391,-0.98828125,-0.125,-0.0390625,0
1392,-0.984375,-0.13671875,-0.03125,0
1393,-0.984375,-0.1328125,-0.0390625,0
1394,-0.984375,-0.1328125,-0.03515625,0
1395,-0.99609375,-0.13671875,-0.04296875,0
1396,-0.98828125,-0.13671875,-0.02734375,0
1397,-1.00390625,-0.1484375,-0.0390625,0
1398,-0.9921875,-0.14453125,-0.03125,0
1399,-0.9921875,-0.15625,-0.0390625,0
1400,-0.98828125,-0.14453125,-0.03515625,0
1401,-0.98828125,-0.14453125,-0.046875,0
1402,-0.984375,-0.15234375,-0.03515625,0
1403,-0.98046875,-0.15234375,-0.046875,0
1404,-0.9765625,-0.15234375,-0.04296875,0
1405,-0.99609375,-0.15625,-0.0390625,0
1406,-0.984375,-0.15625,-0.0390625,0
1407,-0.98046875,-0.15234375,-0.05078125,0
1408,-0.9765625,-0.15234375,-0.05078125,0
1409,-0.97265625,-0.15625,-0.046875,0
1410,-0.984375,-0.15234375,-0.04296875,0
1411,-0.984375,-0.1484375,-0.03125,0
1412,-0.97265625,-0.15625,-0.0546875,0
1413,-0.984375,-0.15625,-0.04296875,0
1414,-0.9765625,-0.15625,-0.05078125,0
1415,-0.984375,-0.15625,-0.03515625,0
1416,-0.98046875,-0.16796875,-0.05078125,0
1417,-0.984375,-0.16796875,-0.03125,0
1418,-0.98828125,-0.17578125,-0.04296875,0
1419,-0.98828125,-0.16796875,-0.03515625,0
1420,-0.984375,-0.15234375,-0.046875,0
1421,-0.98046875,-0.15234375,-0.0546875,0
1422,-0.97265625,-0.15625,-0.046875,0
1423,-0.9765625,-0.16796875,-0.046875,0
1424,-0.98046875,-0.16796875,-0.046875,0
1425,-0.98828125,-0.171875,-0.0390625,0
1426,-0.96875,-0.16796875,-0.05078125,0
1427,-0.96875,-0.16796875,-0.04296875,0
1428,-0.97265625,-0.171875,-0.04296875,0
1429,-0.96484375,-0.1875,-0.05078125,0
1430,-0.97265625,-0.1875,-0.0390625,0
1431,-0.97265625,-0.19140625,-0.0390625,0
1432,-0.9609375,-0.1953125,-0.046875,0
1433,-0.95703125,-0.1953125,-0.046875,0
1434,-0.96484375,-0.1796875,-0.046875,0
1435,-0.95703125,-0.1953125,-0.046875,0
1436,-0.96484375,-0.18359375,-0.04296875,0
1437,-0.953125,-0.1953125,-0.04296875,0
1438,-0.97265625,-0.19921875,-0.046875,0
1439,-0.96484375,-0.1796875,-0.04296875,0
1440,-0.984375,-0.1875,-0.03515625,0
1441,-0.97265625,-0.19140625,-0.046875,0
1442,-0.97265625,-0.18359375,-0.046875,0
1443,-0.9765625,-0.1953125,-0.04296875,0
1444,-0.97265625,-0.1953125,-0.046875,0
1445,-0.96484375,-0.1953125,-0.0625,0
1446,-0.96484375,-0.19921875,-0.05078125,0
1447,-0.9609375,-0.19921875,-0.04296875,0
1448,-0.9609375,-0.19921875,-0.0546875,0
1449,-0.9609375,-0.203125,-0.05078125,0
1450,-0.95703125,-0.1875,-0.04296875,0
1451,-0.96484375,-0.1953125,-0.05078125,0
1452,-0.95703125,-0.1953125,-0.0546875,0
1453,-0.94921875,-0.20703125,-0.046875,0
1454,-0.9609375,-0.19140625,-0.05859375,0
1455,-0.95703125,-0.1953125,-0.0625,0
1456,-0.96484375,-0.20703125,-0.0625,0
1457,-0.96484375,-0.21875,-0.0546875,0
1458,-0.9609375,-0.23828125,-0.046875,0
1459,-0.9609375,-0.234375,-0.04296875,0
1460,-0.96484375,-0.234375,-0.0234375,0
1461,-0.98828125,-0.265625,-0.0078125,0
1462,-0.953125,-0.2890625,0.00390625,0
1463,-0.92578125,-0.28125,-0.00390625,0
1464,-0.91796875,-0.29296875,0.0234375,0
1465,-0.8984375,-0.3046875,0.01953125,0
1466,-0.890625,-0.31640625,0.0390625,0
1467,-0.88671875,-0.33984375,0.02734375,0
1468,-0.8671875,-0.3359375,0.0234375,0
1469,-0.875,-0.34375,0.02734375,0
1470,-0.87109375,-0.34765625,0.015625,0
1471,-0.8671875,-0.33203125,-0.0078125,0
1472,-0.8828125,-0.33984375,-0.0078125,0
1473,-0.87890625,-0.3359375,-0.03515625,0
1474,-0.90234375,-0.359375,-0.03515625,0
1475,-0.90625,-0.37109375,-0.046875,0
1476,-0.9140625,-0.3828125,-0.05859375,0
1477,-0.9296875,-0.3828125,-0.078125,0
1478,-0.94140625,-0.3984375,-0.08203125,0
1479,-0.93359375,-0.3828125,-0.08984375,0
1480,-0.93359375,-0.3828125,-0.125,0
1481,-0.93359375,-0.39453125,-0.125,0
1482,-0.9375,-0.38671875,-0.1484375,0
1483,-0.9296875,-0.38671875,-0.16015625,0
1484,-0.91796875,-0.37109375,-0.17578125,0
1485,-0.91796875,-0.38671875,-0.1875,0
1486,-0.890625,-0.390625,-0.19140625,0
1487,-0.90234375,-0.40234375,-0.18359375,0
1488,-0.87890625,-0.4296875,-0.16796875,0
1489,-0.88671875,-0.4375,-0.16015625,0
1490,-0.90234375,-0.46484375,-0.15234375,0
1491,-0.9140625,-0.47265625,-0.12109375,0
1492,-0.9375,-0.546875,-0.09375,0
1493,-0.94921875,-0.55078125,-0.12890625,0
1494,-0.95703125,-0.55859375,-0.12109375,0
1495,-0.9609375,-0.6015625,-0.0859375,0
1496,-0.9296875,-0.64453125,-0.0859375,0
1497,-0.890625,-0.6875,-0.078125,0
1498,-0.87109375,-0.70703125,-0.06640625,0
1499,-0.85546875,-0.7265625,-0.0859375,0
1500,-0.83984375,-0.79296875,-0.0703125,0
1501,-0.83984375,-0.89453125,-0.07421875,0
1502,-0.83203125,-0.953125,-0.015625,0
1503,-0.828125,-0.9921875,-0.01171875,0
1504,-0.83203125,-1.0234375,-0.0078125,0
1505,-0.84375,-1.01171875,-0.02734375,0
1506,-0.8515625,-1.01953125,-0.04296875,0
1507,-0.8671875,-0.984375,-0.04296875,0
1508,-0.9296875,-0.95703125,-0.0625,0
1509,-0.96484375,-0.90234375,-0.09765625,0
1510,-0.98046875,-0.875,-0.12109375,0
1511,-0.98828125,-0.85546875,-0.11328125,0
1512,-0.9609375,-0.84765625,-0.1328125,0
1513,-0.9453125,-0.84765625,-0.1328125,0
1514,-0.921875,-0.8515625,-0.13671875,0
1515,-0.91015625,-0.859375,-0.12890625,0
1516,-0.91796875,-0.90625,-0.10546875,0
1517,-0.91015625,-0.92578125,-0.11328125,0
1518,-0.90625,-0.94921875,-0.1171875,0
1519,-0.91015625,-0.9609375,-0.12109375,0
1520,-0.890625,-0.94140625,-0.12890625,0
1521,-0.859375,-0.96875,-0.13671875,0
1522,-0.80859375,-0.9609375,-0.13671875,0
1523,-0.7578125,-0.97265625,-0.1484375,0
1524,-0.703125,-0.95703125,-0.1328125,0
1525,-0.6875,-0.96875,-0.13671875,0
1526,-0.65625,-0.95703125,-0.11328125,0
1527,-0.6328125,-0.96484375,-0.1171875,0
1528,-0.6328125,-0.9765625,-0.0859375,0
1529,-0.64453125,-0.9921875,-0.07421875,0
1530,-0.63671875,-0.98046875,-0.1015625,0
1531,-0.65234375,-0.984375,-0.08984375,0
1532,-0.64453125,-0.9765625,-0.11328125,0
1533,-0.65234375,-0.98046875,-0.10546875,0
1534,-0.640625,-1.01171875,-0.08984375,0
1535,-0.63671875,-1.01171875,-0.07421875,0
1536,-0.65234375,-1.0234375,-0.06640625,0
1537,-0.671875,-1.01953125,-0.0625,0
1538,-0.68359375,-1.04296875,-0.125,0
1539,-0.6796875,-1.03125,-0.125,0
1540,-0.6796875,-1.01953125,-0.16015625,0
1541,-0.6796875,-1.00390625,-0.171875,0
1542,-0.66796875,-0.98828125,-0.19140625,0
1543,-0.66015625,-0.984375,-0.1796875,0
1544,-0.66015625,-1.0,-0.1328125,0
1545,-0.65234375,-0.9765625,-0.16796875,0
1546,-0.62109375,-0.94921875,-0.17578125,0
1547,-0.60546875,-0.96484375,-0.171875,0
1548,-0.61328125,-0.97265625,-0.1484375,0
1549,-0.62109375,-0.953125,-0.1484375,0
1550,-0.6328125,-0.953125,-0.1328125,0
1551,-0.6484375,-0.9296875,-0.12890625,0
1552,-0.66015625,-0.9296875,-0.12109375,0
1553,-0.640625,-0.92578125,-0.12890625,0
1554,-0.63671875,-0.92578125,-0.11328125,0
1555,-0.62890625,-0.91015625,-0.11328125,0
1556,-0.63671875,-0.94140625,-0.09375,0
1557,-0.625,-0.92578125,-0.09765625,0
1558,-0.609375,-0.9140625,-0.09765625,0
1559,-0.609375,-0.890625,-0.09375,0
1560,-0.6171875,-0.8671875,-0.10546875,0
1561,-0.62109375,-0.83203125,-0.109375,0
1562,-0.640625,-0.828125,-0.1328125,0
1563,-0.640625,-0.8125,-0.12890625,0
1564,-0.64453125,-0.8046875,-0.125,0
1565,-0.6328125,-0.80859375,-0.140625,0
1566,-0.62109375,-0.7890625,-0.1484375,0
1567,-0.63671875,-0.8125,-0.15234375,0
1568,-0.62890625,-0.8203125,-0.15234375,0
1569,-0.6328125,-0.8125,-0.1484375,0
1570,-0.640625,-0.8046875,-0.140625,0
1571,-0.64453125,-0.80859375,-0.12109375,0
1572,-0.63671875,-0.81640625,-0.11328125,0
1573,-0.6484375,-0.78125,-0.109375,0
1574,-0.65234375,-0.78515625,-0.09765625,0
1575,-0.671875,-0.7734375,-0.08984375,0
1576,-0.67578125,-0.765625,-0.078125,0
1577,-0.67578125,-0.7734375,-0.078125,0
1578,-0.6640625,-0.7578125,-0.078125,0
1579,-0.6484375,-0.7578125,-0.09375,0
1580,-0.65625,-0.76171875,-0.0859375,0
1581,-0.63671875,-0.76171875,-0.078125,0
1582,-0.6328125,-0.765625,-0.1015625,0
1583,-0.61328125,-0.76171875,-0.109375,0
1584,-0.60546875,-0.76953125,-0.09375,0
1585,-0.62109375,-0.7421875,-0.12109375,0
1586,-0.625,-0.734375,-0.140625,0
1587,-0.640625,-0.7265625,-0.1328125,0
1588,-0.6640625,-0.72265625,-0.13671875,0
1589,-0.671875,-0.69921875,-0.1171875,0
1590,-0.6875,-0.73046875,-0.11328125,0
1591,-0.6953125,-0.71875,-0.1171875,0
1592,-0.703125,-0.73828125,-0.109375,0
1593,-0.70703125,-0.74609375,-0.10546875,0
1594,-0.6953125,-0.73828125,-0.109375,0
1595,-0.70703125,-0.71875,-0.1015625,0
1596,-0.69140625,-0.70703125,-0.09765625,0
1597,-0.69140625,-0.703125,-0.10546875,0
1598,-0.6953125,-0.6875,-0.08203125,0
1599,-0.6953125,-0.7109375,-0.1015625,0
1600,-0.67578125,-0.68359375,-0.12890625,0
1601,-0.69140625,-0.69921875,-0.10546875,0
1602,-0.69921875,-0.6875,-0.10546875,0
1603,-0.69140625,-0.67578125,-0.11328125,0
1604,-0.68359375,-0.6875,-0.11328125,0
1605,-0.67578125,-0.6796875,-0.109375,0
1606,-0.67578125,-0.67578125,-0.1171875,0
1607,-0.6796875,-0.67578125,-0.08984375,0
1608,-0.6875,-0.6796875,-0.07421875,0
1609,-0.6875,-0.671875,-0.1015625,0
1610,-0.70703125,-0.6640625,-0.08984375,0
1611,-0.7109375,-0.66796875,-0.09765625,0
1612,-0.73046875,-0.640625,-0.0703125,0
1613,-0.7421875,-0.66015625,-0.09765625,0
1614,-0.7578125,-0.65234375,-0.1015625,0
1615,-0.7734375,-0.66796875,-0.109375,0
1616,-0.79296875,-0.6640625,-0.1171875,0
1617,-0.8125,-0.6484375,-0.12890625,0
1618,-0.83984375,-0.640625,-0.15625,0
1619,-0.83984375,-0.6328125,-0.1640625,0
1620,-0.84765625,-0.62109375,-0.16796875,0
1621,-0.85546875,-0.609375,-0.171875,0
1622,-0.8515625,-0.59765625,-0.1640625,0
1623,-0.828125,-0.59765625,-0.13671875,0
1624,-0.7890625,-0.609375,-0.12890625,0
1625,-0.765625,-0.58984375,-0.1015625,0
1626,-0.734375,-0.58203125,-0.0703125,0
1627,-0.71484375,-0.578125,-0.0390625,0
1628,-0.69921875,-0.5703125,-0.03125,0
1629,-0.6953125,-0.546875,-0.0234375,0
1630,-0.6875,-0.52734375,-0.01171875,0
1631,-0.69140625,-0.51953125,0.00390625,0
1632,-0.6953125,-0.51171875,-0.00390625,0
1633,-0.6796875,-0.47265625,0.01171875,0
1634,-0.69140625,-0.484375,-0.01171875,0
1635,-0.6953125,-0.484375,-0.01953125,0
1636,-0.703125,-0.48046875,-0.015625,0
1637,-0.7109375,-0.484375,-0.0078125,0
1638,-0.71875,-0.4765625,-0.0234375,0
1639,-0.7265625,-0.484375,-0.03125,0
1640,-0.7265625,-0.484375,-0.02734375,0
1641,-0.7421875,-0.4921875,-0.02734375,0
1642,-0.75390625,-0.48828125,-0.0390625,0
1643,-0.765625,-0.515625,-0.07421875,0
1644,-0.7890625,-0.484375,-0.0859375,0
1645,-0.8046875,-0.48828125,-0.10546875,0
1646,-0.828125,-0.484375,-0.125,0
1647,-0.8515625,-0.484375,-0.12890625,0
1648,-0.859375,-0.46875,-0.1484375,0
1649,-0.87109375,-0.47265625,-0.1640625,0
1650,-0.890625,-0.46875,-0.15234375,0
1651,-0.90234375,-0.4609375,-0.16796875,0
1652,-0.90234375,-0.46875,-0.15625,0
1653,-0.890625,-0.45703125,-0.15625,0
1654,-0.87890625,-0.45703125,-0.1640625,0
1655,-0.875,-0.453125,-0.16015625,0
1656,-0.875,-0.45703125,-0.13671875,0
1657,-0.87109375,-0.44921875,-0.125,0
1658,-0.859375,-0.43359375,-0.12109375,0
1659,-0.86328125,-0.4296875,-0.10546875,0
1660,-0.85546875,-0.42578125,-0.10546875,0
1661,-0.85546875,-0.43359375,-0.1015625,0
1662,-0.84765625,-0.4140625,-0.1015625,0
1663,-0.83984375,-0.421875,-0.09375,0
1664,-0.8515625,-0.40234375,-0.078125,0
1665,-0.84765625,-0.390625,-0.09375,0
1666,-0.85546875,-0.38671875,-0.07421875,0
1667,-0.85546875,-0.390625,-0.0703125,0
1668,-0.859375,-0.40625,-0.05859375,0
1669,-0.875,-0.39453125,-0.0390625,0
1670,-0.8671875,-0.40234375,-0.04296875,0
1671,-0.86328125,-0.41796875,-0.03515625,0
1672,-0.8671875,-0.4140625,-0.02734375,0
1673,-0.8515625,-0.3984375,-0.03125,0
1674,-0.8515625,-0.39453125,-0.02734375,0
1675,-0.859375,-0.37890625,-0.04296875,0
1676,-0.8515625,-0.375,-0.04296875,0
1677,-0.87109375,-0.375,-0.046875,0
1678,-0.87109375,-0.37109375,-0.05859375,0
1679,-0.875,-0.3828125,-0.05859375,0
1680,-0.87890625,-0.375,-0.07421875,0
1681,-0.88671875,-0.35546875,-0.078125,0
1682,-0.88671875,-0.36328125,-0.08203125,0
1683,-0.88671875,-0.33984375,-0.08984375,0
1684,-0.890625,-0.3671875,-0.09375,0
1685,-0.875,-0.34765625,-0.1171875,0
1686,-0.875,-0.34375,-0.11328125,0
1687,-0.88671875,-0.33203125,-0.109375,0
1688,-0.8828125,-0.32421875,-0.1015625,0
1689,-0.87890625,-0.3359375,-0.09765625,0
1690,-0.8515625,-0.32421875,-0.11328125,0
1691,-0.84765625,-0.3359375,-0.10546875,0
1692,-0.83984375,-0.3359375,-0.1015625,0
1693,-0.83984375,-0.3359375,-0.10546875,0
1694,-0.84375,-0.3203125,-0.1015625,0
1695,-0.84765625,-0.3203125,-0.09375,0
1696,-0.84375,-0.2890625,-0.0859375,0
1697,-0.86328125,-0.3125,-0.07421875,0
1698,-0.87890625,-0.296875,-0.05078125,0
1699,-0.875,-0.29296875,-0.0625,0
1700,-0.86328125,-0.3046875,-0.0625,0
1701,-0.87109375,-0.30078125,-0.04296875,0
1702,-0.859375,-0.29296875,-0.046875,0
1703,-0.85546875,-0.28515625,-0.05859375,0
1704,-0.859375,-0.29296875,-0.05078125,0
1705,-0.859375,-0.28515625,-0.05078125,0
1706,-0.8515625,-0.28515625,-0.0546875,0
1707,-0.859375,-0.28515625,-0.06640625,0
1708,-0.859375,-0.29296875,-0.07421875,0
1709,-0.85546875,-0.3046875,-0.0859375,0
1710,-0.8671875,-0.29296875,-0.0703125,0
1711,-0.86328125,-0.28515625,-0.07421875,0
1712,-0.86328125,-0.30859375,-0.078125,0
1713,-0.859375,-0.296875,-0.0625,0
1714,-0.8359375,-0.29296875,-0.078125,0
1715,-0.8515625,-0.30859375,-0.0703125,0
1716,-0.84765625,-0.28515625,-0.0546875,0
1717,-0.84375,-0.2734375,-0.0625,0
1718,-0.84375,-0.27734375,-0.06640625,0
1719,-0.8359375,-0.28515625,-0.07421875,0
1720,-0.86328125,-0.24609375,-0.0625,0
1721,-0.86328125,-0.265625,-0.0703125,0
1722,-0.86328125,-0.28515625,-0.0625,0
1723,-0.87109375,-0.25390625,-0.06640625,0
1724,-0.87109375,-0.25,-0.0546875,0
1725,-0.8828125,-0.25,-0.06640625,0
1726,-0.88671875,-0.234375,-0.0703125,0
1727,-0.91015625,-0.23828125,-0.06640625,0
1728,-0.90625,-0.24609375,-0.0703125,0
1729,-0.8984375,-0.23046875,-0.0859375,0
1730,-0.8984375,-0.24609375,-0.078125,0
1731,-0.89453125,-0.25390625,-0.08984375,0
1732,-0.87890625,-0.2578125,-0.0859375,0
1733,-0.8828125,-0.25,-0.0859375,0
1734,-0.8828125,-0.2421875,-0.0859375,0
1735,-0.87890625,-0.2265625,-0.0859375,0
1736,-0.8828125,-0.21484375,-0.0859375,0
1737,-0.89453125,-0.21875,-0.0859375,0
1738,-0.890625,-0.23046875,-0.08203125,0
1739,-0.890625,-0.2265625,-0.08984375,0
1740,-0.87109375,-0.23046875,-0.09375,0
1741,-0.87109375,-0.2421875,-0.09375,0
1742,-0.86328125,-0.234375,-0.109375,0
1743,-0.87890625,-0.2265625,-0.11328125,0
1744,-0.87109375,-0.234375,-0.109375,0
1745,-0.87109375,-0.234375,-0.10546875,0
1746,-0.875,-0.21484375,-0.1171875,0
1747,-0.875,-0.21875,-0.1015625,0
1748,-0.890625,-0.203125,-0.109375,0
1749,-0.89453125,-0.21875,-0.1171875,0
1750,-0.890625,-0.21484375,-0.1015625,0
1751,-0.90625,-0.21484375,-0.1015625,0
1752,-0.90625,-0.203125,-0.1015625,0
1753,-0.90625,-0.1953125,-0.109375,0
1754,-0.921875,-0.1875,-0.1015625,0
1755,-0.9296875,-0.1796875,-0.09375,0
1756,-0.93359375,-0.18359375,-0.1015625,0
1757,-0.9375,-0.1953125,-0.09765625,0
1758,-0.9375,-0.19921875,-0.109375,0
1759,-0.9453125,-0.21484375,-0.08203125,0
1760,-0.9453125,-0.23828125,-0.0859375,0
1761,-0.9296875,-0.2109375,-0.10546875,0
1762,-0.93359375,-0.20703125,-0.10546875,0
1763,-0.92578125,-0.21484375,-0.09375,0
1764,-0.9375,-0.20703125,-0.08203125,0
1765,-0.9453125,-0.203125,-0.0859375,0
1766,-0.94921875,-0.203125,-0.08203125,0
1767,-0.94140625,-0.203125,-0.07421875,0
1768,-0.94921875,-0.1953125,-0.0703125,0
1769,-0.953125,-0.19140625,-0.06640625,0
1770,-0.96484375,-0.19140625,-0.07421875,0
1771,-0.96875,-0.1875,-0.0859375,0
1772,-0.97265625,-0.19140625,-0.07421875,0
1773,-0.9765625,-0.1640625,-0.078125,0
1774,-0.96875,-0.1875,-0.06640625,0
1775,-0.9765625,-0.171875,-0.05078125,0
1776,-0.98046875,-0.16015625,-0.046875,0
1777,-0.9921875,-0.1484375,-0.046875,0
1778,-1.0,-0.13671875,-0.05078125,0
1779,-1.00390625,-0.1484375,-0.06640625,0
1780,-0.98828125,-0.15234375,-0.07421875,0
1781,-0.99609375,-0.14453125,-0.0625,0
1782,-0.984375,-0.15234375,-0.06640625,0
1783,-0.9765625,-0.15234375,-0.0703125,0
1784,-0.97265625,-0.14453125,-0.06640625,0
1785,-0.96875,-0.1640625,-0.078125,0
1786,-0.97265625,-0.1484375,-0.08984375,0
1787,-0.9765625,-0.125,-0.08984375,0
1788,-0.97265625,-0.125,-0.0859375,0
1789,-0.97265625,-0.1171875,-0.08203125,0
1790,-0.9765625,-0.09765625,-0.08203125,0
1791,-0.984375,-0.125,-0.07421875,0
1792,-0.9765625,-0.11328125,-0.078125,0
1793,-0.9921875,-0.1015625,-0.08203125,0
1794,-0.97265625,-0.12109375,-0.09375,0
1795,-0.97265625,-0.11328125,-0.0859375,0
1796,-0.97265625,-0.1171875,-0.0703125,0
1797,-0.96875,-0.11328125,-0.0703125,0
1798,-0.96484375,-0.12109375,-0.05859375,0
1799,-0.95703125,-0.11328125,-0.0625,0
1800,-0.94921875,-0.12890625,-0.05859375,0
1801,-0.96484375,-0.1328125,-0.046875,0
1802,-0.9609375,-0.11328125,-0.0390625,0
1803,-0.95703125,-0.11328125,-0.02734375,0
1804,-0.9609375,-0.1015625,-0.03515625,0
1805,-0.9609375,-0.09375,-0.01953125,0
1806,-0.97265625,-0.1171875,-0.0234375,0
1807,-0.96875,-0.10546875,-0.01171875,0
1808,-0.984375,-0.1171875,-0.03515625,0
1809,-0.97265625,-0.12109375,-0.0234375,0
1810,-0.98828125,-0.1171875,-0.01171875,0
1811,-0.98046875,-0.13671875,-0.00390625,0
1812,-0.984375,-0.13671875,-0.02734375,0
1813,-0.99609375,-0.1328125,-0.0234375,0
1814,-0.9921875,-0.1328125,-0.0234375,0
1815,-1.00390625,-0.1328125,-0.03125,0
1816,-0.9921875,-0.13671875,-0.03125,0
1817,-1.0078125,-0.125,-0.03125,0
1818,-0.99609375,-0.12109375,-0.0390625,0
1819,-1.0,-0.11328125,-0.03125,0
1820,-0.9921875,-0.1328125,-0.02734375,0
1821,-1.0078125,-0.12109375,-0.03515625,0
1822,-0.984375,-0.12109375,-0.01171875,0
1823,-1.0,-0.140625,-0.01953125,0
1824,-0.98046875,-0.10546875,-0.02734375,0
1825,-0.97265625,-0.109375,-0.05078125,0
1826,-0.9765625,-0.078125,-0.0390625,0
1827,-0.97265625,-0.078125,-0.05078125,0
1828,-0.9765625,-0.0859375,-0.0625,0
1829,-0.98046875,-0.078125,-0.07421875,0
1830,-0.96484375,-0.07421875,-0.0703125,0
1831,-0.98046875,-0.08984375,-0.0546875,0
1832,-0.9765625,-0.09375,-0.04296875,0
1833,-0.98046875,-0.1171875,-0.046875,0
1834,-0.9921875,-0.11328125,-0.0234375,0
1835,-0.98828125,-0.12890625,-0.03125,0
1836,-0.99609375,-0.1328125,-0.01953125,0
1837,-1.0,-0.12890625,-0.0078125,0
1838,-1.0078125,-0.1171875,0.00390625,0
1839,-0.99609375,-0.125,0.0,0
1840,-0.984375,-0.12109375,0.0,0
1841,-0.9921875,-0.1171875,0.0,0
1842,-1.00390625,-0.1171875,0.0,0
1843,-0.9921875,-0.11328125,-0.015625,0
1844,-0.9921875,-0.08984375,-0.01953125,0
1845,-1.0078125,-0.10546875,-0.0234375,0
1846,-1.0078125,-0.1171875,-0.0234375,0
1847,-1.015625,-0.12109375,-0.02734375,0
1848,-1.0234375,-0.109375,-0.046875,0
1849,-1.03515625,-0.1328125,-0.05078125,0
1850,-1.04296875,-0.140625,-0.03515625,0
1851,-1.05078125,-0.1328125,-0.0390625,0
1852,-1.05078125,-0.15234375,-0.0390625,0
1853,-1.06640625,-0.15234375,-0.02734375,0
1854,-1.0625,-0.16015625,-0.03515625,0
1855,-1.05859375,-0.15625,-0.04296875,0
1856,-1.05078125,-0.1484375,-0.02734375,0
1857,-1.04296875,-0.16015625,-0.03515625,0
1858,-1.02734375,-0.15234375,-0.03515625,0
1859,-1.01171875,-0.13671875,-0.02734375,0
1860,-1.0078125,-0.125,-0.04296875,0
1861,-1.0078125,-0.109375,-0.05859375,0
1862,-1.015625,-0.1171875,-0.0546875,0
1863,-1.01171875,-0.09375,-0.0625,0
1864,-0.98046875,-0.1015625,-0.08203125,0
1865,-0.99609375,-0.08984375,-0.08203125,0
1866,-1.0,-0.08203125,-0.0859375,0
1867,-0.98828125,-0.078125,-0.078125,0
1868,-0.98046875,-0.07421875,-0.078125,0
1869,-0.984375,-0.07421875,-0.07421875,0
1870,-0.984375,-0.078125,-0.05859375,0
1871,-0.98046875,-0.07421875,-0.07421875,0
1872,-0.98828125,-0.078125,-0.0703125,0
1873,-0.97265625,-0.0625,-0.0703125,0
1874,-0.98046875,-0.0703125,-0.0546875,0
1875,-0.97265625,-0.078125,-0.05859375,0
1876,-0.9609375,-0.08203125,-0.06640625,0
1877,-0.97265625,-0.078125,-0.0390625,0
1878,-0.96875,-0.078125,-0.04296875,0
1879,-0.97265625,-0.0703125,-0.04296875,0
1880,-0.97265625,-0.05859375,-0.03125,0
1881,-0.98046875,-0.06640625,-0.0390625,0
1882,-0.9765625,-0.0625,-0.01953125,0
1883,-0.98046875,-0.06640625,-0.0390625,0
1884,-0.98828125,-0.0625,-0.03515625,0
1885,-0.9921875,-0.06640625,-0.01953125,0
1886,-0.984375,-0.05859375,-0.03515625,0
1887,-0.98828125,-0.078125,-0.01171875,0
1888,-0.98828125,-0.07421875,-0.01171875,0
1889,-0.9921875,-0.05859375,-0.02734375,0
1890,-0.99609375,-0.078125,-0.015625,0
1891,-0.98046875,-0.0859375,-0.0234375,0
1892,-0.98828125,-0.0859375,-0.02734375,0
1893,-0.9765625,-0.09765625,-0.02734375,0
1894,-0.98828125,-0.0859375,-0.04296875,0
1895,-0.98828125,-0.09765625,-0.04296875,0
1896,-0.99609375,-0.09765625,-0.0234375,0
1897,-1.0,-0.109375,-0.046875,0
1898,-1.00390625,-0.09765625,-0.0546875,0
1899,-1.00390625,-0.08203125,-0.0390625,0
1900,-1.015625,-0.0859375,-0.046875,0
1901,-1.0078125,-0.1015625,-0.046875,0
1902,-1.015625,-0.08203125,-0.05078125,0
1903,-1.0,-0.09765625,-0.046875,0
1904,-0.984375,-0.10546875,-0.04296875,0
1905,-1.0,-0.1015625,-0.0390625,0
1906,-0.98046875,-0.078125,-0.05078125,0
1907,-1.0,-0.08203125,-0.046875,0
1908,-1.00390625,-0.07421875,-0.04296875,0
1909,-1.00390625,-0.078125,-0.0390625,0
1910,-1.01171875,-0.078125,-0.046875,0
1911,-1.00390625,-0.078125,-0.04296875,0
1912,-1.01171875,-0.0859375,-0.046875,0
1913,-1.01953125,-0.078125,-0.0390625,0
1914,-1.02734375,-0.078125,-0.0390625,0
1915,-1.00390625,-0.07421875,-0.04296875,0
1916,-1.0078125,-0.0859375,-0.0234375,0
1917,-1.0,-0.078125,-0.0390625,0
1918,-0.99609375,-0.078125,-0.03125,0
1919,-1.0,-0.07421875,-0.03125,0
1920,-0.98828125,-0.078125,-0.04296875,0
1921,-0.984375,-0.07421875,-0.046875,0
1922,-0.98046875,-0.07421875,-0.03515625,0
1923,-0.98828125,-0.0859375,-0.046875,0
1924,-0.9921875,-0.08984375,-0.046875,0
1925,-0.9921875,-0.078125,-0.0390625,0
1926,-0.99609375,-0.08984375,-0.0234375,0
1927,-1.0,-0.09375,-0.0390625,0
1928,-0.99609375,-0.08203125,-0.04296875,0
1929,-1.00390625,-0.0859375,-0.03125,0
1930,-1.015625,-0.0859375,-0.01953125,0
1931,-1.015625,-0.09375,-0.015625,0
1932,-1.01953125,-0.08203125,-0.02734375,0
1933,-1.01953125,-0.08203125,-0.0234375,0
1934,-1.01171875,-0.08203125,-0.01953125,0
1935,-0.99609375,-0.08203125,-0.01953125,0
1936,-0.98828125,-0.07421875,-0.015625,0
1937,-0.98828125,-0.078125,0.0,0
1938,-0.9921875,-0.08984375,-0.00390625,0
1939,-1.00390625,-0.078125,0.0,0
1940,-0.99609375,-0.078125,-0.00390625,0
1941,-1.00390625,-0.09375,0.0078125,0
1942,-0.99609375,-0.078125,0.01171875,0
1943,-1.0078125,-0.078125,0.015625,0
1944,-0.99609375,-0.07421875,-0.015625,0
1945,-1.0,-0.08203125,-0.02734375,0
1946,-0.99609375,-0.08984375,-0.01171875,0
1947,-1.00390625,-0.078125,-0.03125,0
1948,-0.99609375,-0.08203125,-0.00390625,0
1949,-0.99609375,-0.078125,-0.0078125,0
1950,-0.9921875,-0.078125,-0.02734375,0
1951,-0.984375,-0.0859375,-0.03515625,0
1952,-0.98046875,-0.078125,-0.01953125,0
1953,-0.9765625,-0.078125,-0.03125,0
1954,-0.984375,-0.08984375,-0.015625,0
1955,-0.9921875,-0.078125,-0.0078125,0
1956,-0.99609375,-0.078125,-0.0078125,0
1957,-0.98046875,-0.08203125,-0.0078125,0
1958,-0.99609375,-0.0859375,-0.0078125,0
1959,-1.0078125,-0.078125,-0.00390625,0
1960,-1.0078125,-0.08984375,-0.01171875,0
1961,-1.0,-0.08984375,-0.00390625,0
1962,-0.99609375,-0.08203125,-0.01171875,0
1963,-1.01171875,-0.0859375,-0.0078125,0
1964,-1.01953125,-0.078125,-0.01953125,0
1965,-1.0,-0.07421875,-0.0234375,0
1966,-0.99609375,-0.078125,-0.02734375,0
1967,-1.00390625,-0.08984375,-0.01953125,0
1968,-1.0078125,-0.078125,-0.015625,0
1969,-1.0,-0.078125,-0.015625,0
1970,-1.0,-0.078125,-0.015625,0
1971,-1.0,-0.0703125,-0.03515625,0
1972,-0.984375,-0.078125,-0.03515625,0
1973,-1.01171875,-0.0703125,-0.02734375,0
1974,-1.00390625,-0.078125,-0.03515625,0
1975,-0.99609375,-0.078125,-0.02734375,0
1976,-1.00390625,-0.05859375,-0.03515625,0
1977,-1.0,-0.05859375,-0.02734375,0
1978,-0.9921875,-0.078125,-0.03125,0
1979,-1.00390625,-0.07421875,-0.03125,0
1980,-1.0,-0.0625,-0.04296875,0
1981,-1.0,-0.0703125,-0.05078125,0
1982,-1.00390625,-0.06640625,-0.04296875,0
1983,-0.9921875,-0.07421875,-0.04296875,0
1984,-1.00390625,-0.0703125,-0.04296875,0
1985,-0.99609375,-0.07421875,-0.04296875,0
1986,-1.0,-0.0703125,-0.05078125,0
1987,-0.98828125,-0.078125,-0.0546875,0
1988,-0.9921875,-0.06640625,-0.0390625,0
1989,-0.98828125,-0.078125,-0.05078125,0
1990,-1.0,-0.07421875,-0.05078125,0
1991,-1.0,-0.078125,-0.04296875,0
1992,-1.01171875,-0.078125,-0.04296875,0
1993,-1.0,-0.07421875,-0.0546875,0
1994,-1.01953125,-0.07421875,-0.03515625,0
1995,-1.0078125,-0.0703125,-0.0546875,0
1996,-1.015625,-0.05078125,-0.046875,0
1997,-1.0,-0.0703125,-0.046875,0
1998,-1.0,-0.0546875,-0.046875,0
1999,-0.9765625,-0.0703125,-0.05859375,0
2000,-0.96875,-0.06640625,-0.05859375,0
2001,-0.98828125,-0.07421875,-0.046875,0
2002,-0.96875,-0.078125,-0.05078125,0
2003,-0.98046875,-0.06640625,-0.046875,0
2004,-0.96875,-0.06640625,-0.03515625,0
2005,-0.984375,-0.06640625,-0.0390625,0
2006,-0.98046875,-0.0703125,-0.02734375,0
2007,-0.984375,-0.06640625,-0.03125,0
2008,-0.98828125,-0.06640625,-0.03125,0
2009,-0.9921875,-0.078125,-0.02734375,0
2010,-0.984375,-0.078125,-0.01953125,0
2011,-1.0,-0.0703125,-0.0234375,0
2012,-1.00390625,-0.08203125,-0.01953125,0
2013,-1.0,-0.07421875,-0.01171875,0
2014,-1.0078125,-0.07421875,-0.00390625,0
2015,-1.0234375,-0.0703125,-0.01953125,0
2016,-1.01171875,-0.06640625,-0.01953125,0
2017,-1.00390625,-0.06640625,-0.02734375,0
2018,-1.0,-0.07421875,-0.03515625,0
2019,-0.9921875,-0.07421875,-0.0390625,0
2020,-0.99609375,-0.05859375,-0.0390625,0
2021,-0.9921875,-0.06640625,-0.0390625,0
2022,-0.99609375,-0.07421875,-0.046875,0
2023,-0.99609375,-0.07421875,-0.04296875,0
2024,-0.98046875,-0.07421875,-0.04296875,0
2025,-0.984375,-0.046875,-0.046875,0
2026,-0.98046875,-0.07421875,-0.03125,0
2027,-0.9921875,-0.08203125,-0.05078125,0
2028,-0.9921875,-0.078125,-0.04296875,0
2029,-0.9921875,-0.078125,-0.02734375,0
2030,-0.9921875,-0.07421875,-0.05078125,0
2031,-1.0,-0.078125,-0.04296875,0
2032,-0.98828125,-0.078125,-0.0546875,0
2033,-1.0078125,-0.08984375,-0.046875,0
2034,-1.0078125,-0.09375,-0.046875,0
2035,-1.0078125,-0.09375,-0.03515625,0
2036,-1.00390625,-0.08984375,-0.046875,0
2037,-1.01171875,-0.0703125,-0.0390625,0
2038,-1.0078125,-0.078125,-0.03125,0
2039,-1.01171875,-0.08203125,-0.03125,0
2040,-1.0234375,-0.0859375,-0.03125,0
2041,-1.01171875,-0.0703125,-0.03125,0
2042,-1.00390625,-0.078125,-0.04296875,0
2043,-1.01171875,-0.07421875,-0.04296875,0
2044,-1.0078125,-0.07421875,-0.03125,0
2045,-1.0,-0.07421875,-0.02734375,0
2046,-0.9921875,-0.07421875,-0.046875,0
2047,-1.0,-0.078125,-0.03515625,0
2048,-0.99609375,-0.078125,-0.04296875,0
2049,-0.9921875,-0.078125,-0.02734375,0
2050,-0.99609375,-0.078125,-0.03125,0
2051,-1.0,-0.08984375,-0.0234375,0
2052,-1.00390625,-0.078125,-0.03515625,0
2053,-0.99609375,-0.078125,-0.02734375,0
2054,-1.0,-0.078125,-0.01953125,0
2055,-1.0,-0.078125,-0.0234375,0
2056,-1.0078125,-0.0703125,-0.01171875,0
2057,-1.01171875,-0.0625,0.0078125,0
2058,-1.0078125,-0.05859375,-0.01171875,0
2059,-1.0078125,-0.0703125,-0.0234375,0
2060,-1.0078125,-0.078125,-0.015625,0
2061,-1.0,-0.0703125,-0.01171875,0
2062,-0.99609375,-0.078125,-0.0078125,0
2063,-1.0078125,-0.0859375,0.0,0
2064,-0.9765625,-0.06640625,-0.0078125,0
2065,-1.00390625,-0.06640625,0.0,0
2066,-0.984375,-0.0703125,-0.00390625,0
2067,-0.9921875,-0.05859375,-0.015625,0
2068,-1.0078125,-0.07421875,-0.03515625,0
2069,-0.984375,-0.07421875,-0.01953125,0
2070,-0.98828125,-0.06640625,-0.015625,0
2071,-0.99609375,-0.0703125,-0.0234375,0
2072,-0.98828125,-0.05859375,-0.02734375,0
2073,-0.9921875,-0.0625,-0.0390625,0
2074,-0.98828125,-0.0546875,-0.04296875,0
2075,-0.9921875,-0.0546875,-0.04296875,0
2076,-1.0,-0.05078125,-0.05078125,0
2077,-0.99609375,-0.06640625,-0.03125,0
2078,-0.98046875,-0.07421875,-0.046875,0
2079,-0.98828125,-0.0625,-0.0390625,0
2080,-0.99609375,-0.07421875,-0.05078125,0
2081,-0.99609375,-0.078125,-0.046875,0
2082,-0.98046875,-0.07421875,-0.046875,0
2083,-1.00390625,-0.08203125,-0.0390625,0
2084,-0.98828125,-0.078125,-0.04296875,0
2085,-0.9921875,-0.078125,-0.03125,0
2086,-1.0,-0.0859375,-0.0390625,0
2087,-0.99609375,-0.078125,-0.0390625,0
2088,-0.99609375,-0.078125,-0.0390625,0
2089,-1.0,-0.07421875,-0.04296875,0
2090,-1.0,-0.0703125,-0.0234375,0
2091,-1.01171875,-0.07421875,-0.03125,0
2092,-0.99609375,-0.078125,-0.04296875,0
2093,-1.01171875,-0.0625,-0.046875,0
2094,-1.0,-0.0703125,-0.046875,0
2095,-1.0078125,-0.07421875,-0.046875,0
2096,-1.01171875,-0.078125,-0.04296875,0
2097,-1.00390625,-0.07421875,-0.046875,0
2098,-1.0,-0.08203125,-0.0234375,0
2099,-1.00390625,-0.06640625,-0.04296875,0
2100,-1.0,-0.078125,-0.03125,0
2101,-1.00390625,-0.06640625,-0.03515625,0
2102,-0.99609375,0.02734375,-0.05859375,0
2103,-0.99609375,-0.06640625,-0.03125,0
2104,-0.99609375,-0.0703125,-0.03125,0
2105,-1.0,-0.06640625,-0.02734375,0
2106,-1.0,-0.05859375,-0.02734375,0
2107,-0.98828125,-0.05078125,-0.0234375,0
2108,-0.99609375,-0.07421875,-0.02734375,0
2109,-1.0,-0.05859375,-0.03125,0
2110,-0.99609375,-0.06640625,-0.02734375,0
2111,-0.99609375,-0.0703125,-0.02734375,0
2112,-1.00390625,-0.0703125,-0.03125,0
2113,-0.99609375,-0.0625,-0.02734375,0
2114,-1.0,-0.0703125,-0.02734375,0
2115,-0.98828125,-0.07421875,-0.03515625,0
2116,-0.99609375,-0.08203125,-0.03515625,0
2117,-1.0,-0.06640625,-0.0390625,0
2118,-0.9921875,-0.05859375,-0.02734375,0
2119,-1.0,-0.0625,-0.03515625,0
2120,-0.984375,-0.0703125,-0.01171875,0
2121,-0.99609375,-0.046875,-0.0390625,0
2122,-1.00390625,-0.0625,-0.0390625,0
2123,-0.9921875,-0.07421875,-0.0625,0
2124,-0.984375,-0.06640625,-0.0546875,0
2125,-0.984375,0.0,-0.0625,0
2126,-0.98828125,-0.046875,-0.0390625,0
2127,-1.00390625,-0.0625,-0.0390625,0
2128,-1.00390625,-0.05859375,-0.03515625,0
2129,-0.98828125,-0.05078125,-0.04296875,0
2130,-1.0,-0.0546875,-0.03125,0
2131,-1.0,-0.046875,-0.04296875,0
2132,-1.0,-0.0546875,-0.0390625,0
2133,-0.99609375,-0.0390625,-0.046875,0
2134,-0.984375,-0.05859375,-0.0390625,0
2135,-0.98828125,-0.04296875,-0.01953125,0
2136,-1.00390625,-0.0625,-0.0234375,0
2137,-0.98828125,-0.0546875,-0.0078125,0
2138,-0.99609375,-0.0546875,-0.01953125,0
2139,-1.00390625,-0.0546875,-0.0078125,0
2140,-0.99609375,-0.05859375,-0.00390625,0
2141,-1.00390625,-0.0625,-0.0078125,0
2142,-0.99609375,-0.06640625,0.0,0
2143,-0.99609375,-0.06640625,0.0,0
2144,-1.00390625,-0.06640625,0.00390625,0
2145,-0.99609375,-0.07421875,-0.01171875,0
2146,-0.98828125,-0.06640625,-0.01171875,0
2147,-1.0,-0.06640625,-0.02734375,0
2148,-0.9921875,-0.06640625,-0.015625,0
2149,-0.9921875,-0.07421875,-0.03125,0
2150,-0.99609375,-0.078125,-0.0234375,0
2151,-1.0,-0.0703125,-0.03125,0
2152,-1.0,-0.06640625,-0.03515625,0
2153,-1.0,-0.0703125,-0.0390625,0
2154,-1.0078125,-0.046875,-0.046875,0
2155,-1.0,-0.0703125,-0.046875,0
2156,-1.00390625,-0.06640625,-0.03515625,0
2157,-1.0,-0.06640625,-0.04296875,0
2158,-1.00390625,-0.07421875,-0.04296875,0
2159,-0.98828125,-0.0703125,-0.02734375,0
2160,-0.984375,-0.0703125,-0.03515625,0
2161,-1.0,-0.078125,-0.02734375,0
2162,-0.9921875,-0.0703125,-0.0390625,0
2163,-0.98046875,-0.06640625,-0.03515625,0
2164,-0.99609375,-0.07421875,-0.02734375,0
2165,-1.0078125,-0.05859375,-0.03515625,0
2166,-1.0,-0.05078125,-0.03125,0
2167,-1.0,-0.06640625,-0.03125,0
2168,-0.9921875,-0.0625,-0.03515625,0
2169,-1.0078125,-0.05078125,-0.046875,0
2170,-0.9921875,-0.05859375,-0.04296875,0
2171,-1.0078125,-0.0703125,-0.0390625,0
2172,-1.0,-0.0625,-0.04296875,0
2173,-1.00390625,-0.0625,-0.0390625,0
2174,-0.9921875,-0.0703125,-0.046875,0
2175,-1.00390625,-0.1015625,-0.0390625,0
2176,-1.015625,-0.0703125,-0.0390625,0
2177,-1.00390625,-0.07421875,-0.0546875,0
2178,-1.01171875,-0.07421875,-0.05078125,0
2179,-1.00390625,-0.07421875,-0.05078125,0
2180,-1.015625,-0.0703125,-0.0546875,0
2181,-1.00390625,-0.07421875,-0.0390625,0
2182,-1.0078125,-0.078125,-0.04296875,0
2183,-1.0,-0.0703125,-0.01953125,0
2184,-0.98828125,-0.07421875,-0.04296875,0
2185,-0.98828125,-0.08203125,-0.02734375,0
2186,-0.98046875,-0.078125,-0.03125,0
2187,-0.984375,-0.078125,-0.03515625,0
2188,-0.9921875,-0.0703125,-0.03515625,0
2189,-0.984375,-0.0703125,-0.03515625,0
2190,-1.00390625,-0.06640625,-0.03125,0
2191,-0.9921875,-0.0703125,-0.02734375,0
2192,-1.0,-0.05859375,-0.046875,0
2193,-1.0,-0.0625,-0.03125,0
2194,-1.0,-0.05859375,-0.01953125,0
2195,-1.0078125,-0.046875,-0.03515625,0
2196,-0.99609375,-0.0546875,-0.01953125,0
2197,-0.984375,-0.04296875,-0.0234375,0
2198,-0.98046875,-0.09375,-0.04296875,0
2199,-0.984375,-0.046875,-0.0234375,0
2200,-0.984375,-0.0546875,-0.02734375,0
2201,-0.984375,-0.0625,-0.0078125,0
2202,-0.98828125,-0.05078125,-0.02734375,0
2203,-0.9921875,-0.04296875,-0.015625,0
2204,-0.98828125,-0.0546875,-0.0234375,0
2205,-1.00390625,-0.05859375,-0.0234375,0
2206,-1.01171875,-0.06640625,-0.0078125,0
2207,-1.01953125,-0.0703125,-0.0234375,0
2208,-1.0,-0.07421875,-0.01171875,0
2209,-1.0078125,-0.07421875,-0.01953125,0
2210,-1.015625,-0.0703125,-0.015625,0
2211,-1.0078125,-0.078125,-0.03515625,0
2212,-1.0,-0.0625,-0.03125,0
2213,-1.0078125,-0.078125,-0.03515625,0
2214,-0.99609375,-0.078125,-0.046875,0
2215,-1.01171875,-0.0859375,-0.04296875,0
2216,-0.99609375,-0.08984375,-0.046875,0
2217,-1.00390625,-0.09375,-0.03515625,0
2218,-1.0,-0.08984375,-0.03125,0
2219,-0.9921875,-0.0859375,-0.03125,0
2220,-1.01171875,-0.10546875,-0.0546875,0
2221,-0.99609375,-0.078125,-0.04296875,0
2222,-1.00390625,-0.07421875,-0.03125,0
2223,-1.0078125,-0.06640625,-0.02734375,0
2224,-1.0078125,-0.07421875,-0.0234375,0
2225,-1.0078125,-0.06640625,-0.015625,0
2226,-1.0,-0.078125,-0.02734375,0
2227,-1.015625,-0.07421875,-0.03515625,0
2228,-1.01171875,-0.0703125,-0.03125,0
2229,-1.01171875,-0.07421875,-0.03125,0
2230,-1.0,-0.0703125,-0.03515625,0
2231,-0.984375,-0.0703125,-0.046875,0
2232,-0.9921875,-0.0703125,-0.02734375,0
2233,-0.9921875,-0.05859375,-0.0390625,0
2234,-0.9921875,-0.06640625,-0.04296875,0
2235,-0.9921875,-0.06640625,-0.046875,0
2236,-0.98828125,-0.07421875,-0.046875,0
2237,-0.99609375,-0.0703125,-0.0546875,0
2238,-1.01171875,-0.05859375,-0.04296875,0
2239,-0.9921875,-0.0703125,-0.03515625,0
2240,-0.99609375,-0.0625,-0.03515625,0
2241,-0.98828125,-0.07421875,-0.0390625,0
2242,-0.9921875,-0.07421875,-0.03515625,0
2243,-0.98828125,-0.0703125,-0.04296875,0
2244,-1.00390625,-0.08203125,-0.0390625,0
2245,-0.99609375,-0.06640625,-0.04296875,0
2246,-1.0,-0.0703125,-0.03515625,0
2247,-0.99609375,-0.0625,-0.03515625,0
2248,-1.00390625,-0.078125,-0.03515625,0
2249,-1.0,-0.078125,-0.03515625,0
2250,-1.00390625,-0.078125,-0.0390625,0
2251,-0.98828125,-0.0859375,-0.046875,0
2252,-0.9921875,-0.0859375,-0.046875,0
2253,-0.99609375,-0.07421875,-0.0390625,0
2254,-0.98828125,-0.08203125,-0.046875,0
2255,-1.00390625,-0.07421875,-0.04296875,0
2256,-1.01171875,-0.078125,-0.03125,0
2257,-1.00390625,-0.0859375,-0.03515625,0
2258,-1.00390625,-0.0859375,-0.0390625,0
2259,-1.0078125,-0.078125,-0.03515625,0
2260,-0.99609375,-0.05859375,-0.0390625,0
2261,-1.01171875,-0.07421875,-0.0390625,0
2262,-1.0,-0.078125,-0.0390625,0
2263,-1.015625,-0.08203125,-0.05078125,0
2264,-1.00390625,-0.09375,-0.03515625,0
2265,-0.99609375,-0.078125,-0.04296875,0
2266,-0.99609375,-0.078125,-0.04296875,0
2267,-0.99609375,-0.078125,-0.046875,0
2268,-0.99609375,-0.0859375,-0.0390625,0
2269,-1.00390625,-0.078125,-0.05078125,0
2270,-1.0,-0.078125,-0.05859375,0
2271,-0.99609375,-0.0859375,-0.0390625,0
2272,-0.99609375,-0.07421875,-0.0546875,0
2273,-1.0,-0.08203125,-0.0390625,0
2274,-0.99609375,-0.07421875,-0.0546875,0
2275,-0.9921875,-0.07421875,-0.0546875,0
2276,-1.00390625,-0.07421875,-0.04296875,0
2277,-0.99609375,-0.0703125,-0.04296875,0
2278,-0.99609375,-0.0859375,-0.0390625,0
2279,-1.0,-0.0703125,-0.0390625,0
2280,-1.0078125,-0.078125,-0.046875,0
2281,-0.9921875,-0.06640625,-0.04296875,0
2282,-0.99609375,-0.07421875,-0.02734375,0
2283,-0.98828125,-0.07421875,-0.05078125,0
2284,-1.0,-0.078125,-0.046875,0
2285,-1.01171875,-0.08203125,-0.05078125,0
2286,-0.9921875,-0.078125,-0.05078125,0
2287,-1.00390625,-0.078125,-0.05078125,0
2288,-1.0,-0.078125,-0.05078125,0
2289,-0.99609375,-0.07421875,-0.046875,0
2290,-1.0,-0.07421875,-0.04296875,0
2291,-1.00390625,-0.078125,-0.046875,0
2292,-1.0,-0.078125,-0.0390625,0
2293,-1.0,-0.06640625,-0.05078125,0
2294,-0.9921875,-0.07421875,-0.05078125,0
2295,-1.0,-0.078125,-0.0390625,0
2296,-0.98828125,-0.06640625,-0.03515625,0
2297,-0.99609375,-0.08203125,-0.03515625,0
2298,-0.9921875,-0.0703125,-0.04296875,0
2299,-1.0,-0.0703125,-0.0390625,0
2300,-0.99609375,-0.07421875,-0.04296875,0
2301,-1.0078125,-0.078125,-0.03515625,0
2302,-0.9921875,-0.0703125,-0.05078125,0
2303,-1.00390625,-0.07421875,-0.04296875,0
2304,-0.9921875,-0.078125,-0.04296875,0
2305,-1.0078125,-0.07421875,-0.02734375,0
2306,-0.984375,-0.0703125,-0.03515625,0
2307,-1.00390625,-0.07421875,-0.03515625,0
2308,-0.99609375,-0.078125,-0.02734375,0
2309,-0.98828125,-0.06640625,-0.04296875,0
2310,-0.99609375,-0.06640625,-0.04296875,0
2311,-1.00390625,-0.078125,-0.03515625,0
2312,-1.0,-0.078125,-0.046875,0
2313,-1.0078125,-0.07421875,-0.03515625,0
2314,-1.0078125,-0.06640625,-0.046875,0
2315,-0.9921875,-0.06640625,-0.0546875,0
2316,-1.00390625,-0.078125,-0.03125,0
2317,-0.9921875,-0.0703125,-0.04296875,0
2318,-0.99609375,-0.08203125,-0.0390625,0
2319,-1.0,-0.06640625,-0.03515625,0
2320,-0.984375,-0.0625,-0.03515625,0
2321,-0.9921875,-0.06640625,-0.03515625,0
2322,-0.98828125,-0.0859375,-0.0390625,0
2323,-1.0,-0.0703125,-0.03125,0
2324,-0.98828125,-0.0703125,-0.03515625,0
2325,-0.99609375,-0.07421875,-0.03125,0
2326,-0.99609375,-0.06640625,-0.04296875,0
2327,-0.99609375,-0.10546875,-0.01953125,0
2328,-1.0,-0.08203125,-0.02734375,0
2329,-1.01171875,-0.0703125,-0.02734375,0
2330,-0.9921875,-0.07421875,-0.02734375,0
2331,-1.0078125,-0.08203125,-0.02734375,0
2332,-1.01171875,-0.078125,-0.02734375,0
2333,-0.99609375,-0.07421875,-0.02734375,0
2334,-0.9921875,-0.08203125,-0.03125,0
2335,-1.0,-0.0625,-0.03125,0
2336,-0.984375,-0.06640625,-0.03515625,0
2337,-0.99609375,-0.0703125,-0.02734375,0
2338,-1.0,-0.06640625,-0.03515625,0
2339,-1.0,-0.078125,-0.03125,0
2340,-1.0078125,-0.07421875,-0.02734375,0
2341,-1.00390625,-0.07421875,-0.01953125,0
2342,-1.01171875,-0.07421875,-0.02734375,0
2343,-0.99609375,-0.0625,-0.02734375,0
2344,-0.9921875,-0.078125,-0.0234375,0
2345,-0.99609375,-0.07421875,-0.03125,0
2346,-1.0078125,-0.06640625,-0.03125,0
2347,-1.0,-0.078125,-0.03515625,0
2348,-1.0,-0.0703125,-0.03515625,0
2349,-0.99609375,-0.07421875,-0.03125,0
2350,-0.984375,-0.078125,-0.046875,0
2351,-0.99609375,-0.07421875,-0.02734375,0
2352,-1.0078125,-0.07421875,-0.015625,0
2353,-1.0,-0.0625,-0.0234375,0
2354,-1.01171875,-0.05859375,-0.03125,0
2355,-1.0,-0.07421875,-0.02734375,0
2356,-1.0,-0.07421875,-0.0234375,0
2357,-1.0,-0.0703125,-0.0234375,0
2358,-0.98828125,-0.078125,-0.03515625,0
2359,-0.98828125,-0.07421875,-0.05078125,0
2360,-1.00390625,-0.078125,-0.04296875,0
2361,-1.00390625,-0.07421875,-0.0390625,0
2362,-1.015625,-0.07421875,-0.0390625,0
2363,-0.9921875,-0.078125,-0.046875,0
2364,-0.9921875,-0.078125,-0.046875,0
2365,-1.0,-0.078125,-0.046875,0
2366,-1.0,-0.08203125,-0.04296875,0
2367,-0.98828125,-0.078125,-0.0625,0
2368,-0.9921875,-0.0859375,-0.04296875,0
2369,-0.9921875,-0.078125,-0.04296875,0
2370,-1.0,-0.07421875,-0.04296875,0
2371,-1.0,-0.078125,-0.04296875,0
2372,-1.03125,-0.078125,-0.03515625,0
2373,-1.01953125,-0.0703125,-0.046875,0
2374,-1.01171875,-0.078125,-0.04296875,0
2375,-1.01171875,-0.078125,-0.046875,0
2376,-0.984375,-0.078125,-0.05078125,0
2377,-1.0078125,-0.08203125,-0.0390625,0
2378,-1.0078125,-0.078125,-0.0390625,0
2379,-1.0,-0.08203125,-0.05078125,0
2380,-0.98828125,-0.08203125,-0.04296875,0
2381,-0.9765625,-0.09765625,-0.05078125,0
2382,-0.99609375,-0.08984375,-0.05078125,0
2383,-0.99609375,-0.078125,-0.0546875,0
2384,-0.98046875,-0.078125,-0.0546875,0
2385,-0.98828125,-0.08984375,-0.046875,0
2386,-0.98828125,-0.078125,-0.04296875,0
2387,-0.984375,-0.06640625,-0.04296875,0
2388,-0.97265625,-0.0703125,-0.046875,0
2389,-0.98046875,-0.0703125,-0.03515625,0
2390,-0.984375,-0.0625,-0.046875,0
2391,-0.984375,-0.0703125,-0.03125,0
2392,-0.98828125,-0.0625,-0.03125,0
2393,-0.96484375,-0.05859375,-0.0234375,0
2394,-0.99609375,-0.07421875,-0.01171875,0
2395,-0.99609375,-0.06640625,-0.02734375,0
2396,-1.00390625,-0.08984375,-0.0078125,0
2397,-0.9921875,-0.07421875,-0.01953125,0
2398,-1.0,-0.05859375,-0.01171875,0
2399,-1.0,-0.0703125,-0.01953125,0
