,accelerometerAccelerationX(G),accelerometerAccelerationY(G),accelerometerAccelerationZ(G)
0,0.0546875,-0.80078125,0.1796875
1,0.05859375,-0.796875,0.16796875
2,0.0625,-0.7890625,0.18359375
3,0.07421875,-0.78125,0.1875
4,0.0703125,-0.78125,0.20703125
5,0.09375,-0.78125,0.1796875
6,0.078125,-0.82421875,0.19921875
7,0.03515625,-0.828125,0.1953125
8,0.04296875,-0.84765625,0.19140625
9,0.01171875,-0.86328125,0.1875
10,0.0,-0.88671875,0.1796875
11,-0.04296875,-0.8984375,0.15234375
12,-0.02734375,-0.92578125,0.171875
13,-0.03125,-0.9453125,0.16796875
14,-0.06640625,-0.98828125,0.1328125
15,-0.0703125,-0.98828125,0.16015625
16,-0.078125,-1.015625,0.17578125
17,-0.0703125,-1.04296875,0.1875
18,-0.078125,-1.05078125,0.203125
19,-0.07421875,-1.06640625,0.2265625
20,-0.0625,-1.08984375,0.26171875
21,-0.0625,-1.1171875,0.2734375
22,-0.0546875,-1.13671875,0.30859375
23,-0.04296875,-1.140625,0.35546875
24,-0.0078125,-1.12890625,0.39453125
25,0.0,-1.125,0.38671875
26,0.0390625,-1.1484375,0.4140625
27,0.0859375,-1.08984375,0.4140625
28,0.14453125,-1.05859375,0.41796875
29,0.16796875,-1.01953125,0.43359375
30,0.19140625,-0.9921875,0.4375
31,0.21484375,-0.9609375,0.4453125
32,0.2421875,-0.95703125,0.43359375
33,0.27734375,-0.97265625,0.4140625
34,0.328125,-1.015625,0.328125
35,0.3203125,-1.0546875,0.26171875
36,0.29296875,-1.12890625,0.1953125
37,0.2578125,-1.20703125,0.08984375
38,0.234375,-1.265625,0.0234375
39,0.22265625,-1.31640625,-0.05859375
40,0.1875,-1.37890625,-0.125
41,0.140625,-1.44921875,-0.15625
42,0.0859375,-1.484375,-0.19140625
43,0.08984375,-1.53125,-0.21484375
44,0.0859375,-1.53125,-0.2578125
45,0.08984375,-1.50390625,-0.2734375
46,0.06640625,-1.4375,-0.28125
47,0.06640625,-1.36328125,-0.29296875
48,0.04296875,-1.27734375,-0.3125
49,0.08203125,-1.19921875,-0.265625
50,0.07421875,-1.09375,-0.24609375
51,0.09375,-0.98828125,-0.23828125
52,0.1171875,-0.87109375,-0.21875
53,0.140625,-0.75,-0.23046875
54,0.1640625,-0.66796875,-0.24609375
55,0.1953125,-0.625,-0.28515625
56,0.19921875,-0.609375,-0.3046875
57,0.1875,-0.63671875,-0.328125
58,0.20703125,-0.69140625,-0.3046875
59,0.15234375,-0.73046875,-0.265625
60,0.14453125,-0.796875,-0.23046875
61,0.1171875,-0.87109375,-0.18359375
62,0.0859375,-0.93359375,-0.13671875
63,0.0703125,-1.01953125,-0.08984375
64,0.04296875,-1.10546875,-0.0390625
65,0.0078125,-1.18359375,-0.0078125
66,0.0,-1.23828125,0.015625
67,-0.0390625,-1.27734375,0.03515625
68,-0.07421875,-1.3046875,0.046875
69,-0.10546875,-1.33203125,0.04296875
70,-0.17578125,-1.3046875,0.015625
71,-0.21484375,-1.25390625,-0.00390625
72,-0.23046875,-1.203125,-0.00390625
73,-0.24609375,-1.1171875,-0.00390625
74,-0.25390625,-1.0703125,-0.01953125
75,-0.265625,-1.00390625,-0.02734375
76,-0.2578125,-0.94921875,-0.01953125
77,-0.25,-0.890625,-0.05078125
78,-0.25,-0.85546875,-0.0234375
79,-0.2421875,-0.828125,-0.0546875
80,-0.22265625,-0.76953125,-0.046875
81,-0.18359375,-0.7578125,-0.078125
82,-0.15625,-0.7421875,-0.078125
83,-0.1171875,-0.73046875,-0.078125
84,-0.078125,-0.7109375,-0.1171875
85,-0.0625,-0.70703125,-0.09765625
86,-0.015625,-0.71875,-0.0859375
87,0.0,-0.72265625,-0.0546875
88,0.04296875,-0.734375,-0.0234375
89,0.05859375,-0.734375,-0.01171875
90,0.0625,-0.73828125,0.0234375
91,0.078125,-0.8046875,0.05078125
92,0.08984375,-0.80078125,0.046875
93,0.08203125,-0.8203125,0.04296875
94,0.09765625,-0.83203125,0.07421875
95,0.08984375,-0.8359375,0.078125
96,0.08203125,-0.83984375,0.05859375
97,0.08203125,-0.8515625,0.04296875
98,0.08203125,-0.84375,0.0390625
99,0.09375,-0.8203125,0.03515625
100,0.09765625,-0.828125,0.0234375
101,0.109375,-0.80859375,0.03515625
102,0.1015625,-0.78515625,0.046875
103,0.11328125,-0.77734375,0.04296875
104,0.1171875,-0.7578125,0.0390625
105,0.15234375,-0.76953125,0.04296875
106,0.171875,-0.7578125,0.05078125
107,0.17578125,-0.75390625,0.05859375
108,0.18359375,-0.76171875,0.09765625
109,0.18359375,-0.78515625,0.07421875
110,0.17578125,-0.796875,0.08984375
111,0.171875,-0.828125,0.125
112,0.17578125,-0.82421875,0.1328125
113,0.15625,-0.83203125,0.13671875
114,0.1484375,-0.84375,0.16015625
115,0.12890625,-0.83984375,0.15625
116,0.1328125,-0.8515625,0.1484375
117,0.1171875,-0.83984375,0.16015625
118,0.1015625,-0.81640625,0.15625
119,0.09375,-0.8046875,0.16015625
120,0.08984375,-0.77734375,0.1484375
121,0.1015625,-0.76953125,0.18359375
122,0.07421875,-0.76171875,0.171875
123,0.046875,-0.75390625,0.1640625
124,0.03125,-0.74609375,0.17578125
125,0.01171875,-0.75390625,0.1796875
126,-0.01171875,-0.75,0.1875
127,0.00390625,-0.7734375,0.21484375
128,-0.00390625,-0.796875,0.2109375
129,-0.015625,-0.81640625,0.20703125
130,0.0078125,-0.875,0.22265625
131,0.015625,-0.90234375,0.2265625
132,0.02734375,-0.9453125,0.23046875
133,0.0546875,-0.97265625,0.234375
134,0.0703125,-0.99609375,0.26953125
135,0.12109375,-1.0390625,0.23828125
136,0.14453125,-1.0625,0.25
137,0.1875,-1.0859375,0.2265625
138,0.21875,-1.12890625,0.22265625
139,0.28125,-1.14453125,0.22265625
140,0.3125,-1.16796875,0.234375
141,0.359375,-1.1953125,0.234375
142,0.37890625,-1.18359375,0.28125
143,0.359375,-1.1875,0.30078125
144,0.32421875,-1.171875,0.33203125
145,0.3046875,-1.171875,0.37109375
146,0.26171875,-1.12890625,0.3984375
147,0.2265625,-1.08984375,0.421875
148,0.17578125,-1.0546875,0.41796875
149,0.14453125,-1.02734375,0.3984375
150,0.09765625,-1.0,0.359375
151,0.02734375,-1.01171875,0.296875
152,0.00390625,-1.0546875,0.234375
153,0.015625,-1.11328125,0.14453125
154,0.03125,-1.1953125,0.046875
155,0.0234375,-1.26171875,-0.03125
156,0.0546875,-1.34375,-0.046875
157,0.05859375,-1.40234375,-0.0859375
158,0.09765625,-1.453125,-0.06640625
159,0.15234375,-1.484375,0.0078125
160,0.19140625,-1.4921875,0.05859375
161,0.19921875,-1.4921875,0.09765625
162,0.18359375,-1.4609375,0.1015625
163,0.16796875,-1.4375,0.10546875
164,0.15234375,-1.38671875,0.125
165,0.125,-1.359375,0.046875
166,0.05859375,-1.296875,0.0
167,0.00390625,-1.2421875,-0.109375
168,-0.0546875,-1.17578125,-0.1953125
169,-0.078125,-1.09375,-0.25390625
170,-0.078125,-1.02734375,-0.30859375
171,-0.08203125,-0.97265625,-0.34765625
172,-0.078125,-0.91015625,-0.3515625
173,-0.0703125,-0.83203125,-0.34375
174,-0.0546875,-0.796875,-0.30859375
175,-0.0546875,-0.76171875,-0.30859375
176,-0.0625,-0.77734375,-0.27734375
177,-0.05078125,-0.82421875,-0.26953125
178,-0.078125,-0.89453125,-0.25390625
179,-0.078125,-0.953125,-0.23046875
180,-0.11328125,-0.96875,-0.19921875
181,-0.12109375,-0.9765625,-0.1953125
182,-0.1171875,-0.984375,-0.19921875
183,-0.10546875,-0.98046875,-0.1796875
184,-0.078125,-0.97265625,-0.171875
185,-0.0390625,-0.96484375,-0.15234375
186,0.00390625,-0.9609375,-0.125
187,0.08203125,-0.96875,-0.09765625
188,0.1640625,-0.9453125,-0.07421875
189,0.2109375,-0.9453125,-0.04296875
190,0.30078125,-0.94921875,-0.01953125
191,0.33984375,-0.921875,-0.01953125
192,0.3984375,-0.9140625,-0.04296875
193,0.43359375,-0.91015625,-0.0390625
194,0.453125,-0.9140625,-0.0234375
195,0.45703125,-0.9140625,-0.05078125
196,0.45703125,-0.90625,-0.05078125
197,0.41796875,-0.91015625,-0.0390625
198,0.37890625,-0.90625,-0.04296875
199,0.35546875,-0.88671875,-0.015625
200,0.29296875,-0.8828125,-0.02734375
201,0.23828125,-0.87109375,-0.01953125
202,0.1640625,-0.875,-0.0390625
203,0.09765625,-0.87109375,-0.04296875
204,0.03125,-0.84765625,-0.0390625
205,-0.0078125,-0.828125,-0.015625
206,-0.0546875,-0.828125,-0.0390625
207,-0.0703125,-0.83203125,-0.02734375
208,-0.07421875,-0.83203125,-0.01171875
209,-0.078125,-0.828125,0.015625
210,-0.11328125,-0.7890625,0.02734375
211,-0.109375,-0.78515625,0.03515625
212,-0.12109375,-0.78515625,0.0390625
213,-0.1015625,-0.796875,0.046875
214,-0.078125,-0.796875,0.046875
215,-0.0703125,-0.765625,0.046875
216,-0.0390625,-0.78515625,0.046875
217,-0.01953125,-0.76171875,0.0390625
218,-0.01953125,-0.75390625,0.05078125
219,0.01171875,-0.7578125,0.046875
220,0.03125,-0.78515625,0.04296875
221,0.08203125,-0.8046875,0.05078125
222,0.0546875,-0.8125,0.046875
223,0.05078125,-0.83984375,0.0546875
224,0.046875,-0.85546875,0.07421875
225,0.046875,-0.87109375,0.0859375
226,0.0390625,-0.8828125,0.09765625
227,0.0234375,-0.91796875,0.140625
228,0.00390625,-0.93359375,0.14453125
229,-0.015625,-0.9453125,0.15234375
230,-0.01953125,-0.93359375,0.14453125
231,-0.03515625,-0.9375,0.13671875
232,-0.03125,-0.921875,0.140625
233,-0.05078125,-0.9140625,0.15234375
234,-0.03515625,-0.8984375,0.14453125
235,-0.0390625,-0.87109375,0.1640625
236,-0.03125,-0.84765625,0.15625
237,-0.03515625,-0.8203125,0.15234375
238,-0.015625,-0.81640625,0.19140625
239,-0.01171875,-0.77734375,0.17578125
240,0.0390625,-0.77734375,0.19921875
241,0.0546875,-0.75390625,0.21484375
242,0.06640625,-0.7578125,0.2109375
243,0.0859375,-0.7421875,0.2578125
244,0.09765625,-0.734375,0.24609375
245,0.12109375,-0.73046875,0.24609375
246,0.13671875,-0.75,0.265625
247,0.13671875,-0.75390625,0.234375
248,0.15234375,-0.7578125,0.234375
249,0.15625,-0.796875,0.21484375
250,0.140625,-0.80859375,0.22265625
251,0.11328125,-0.83203125,0.22265625
252,0.10546875,-0.84375,0.2109375
253,0.078125,-0.8828125,0.19140625
254,0.0703125,-0.91796875,0.19921875
255,0.05078125,-0.94921875,0.203125
256,0.01953125,-0.9765625,0.19921875
257,-0.0078125,-0.99609375,0.20703125
258,-0.0078125,-1.02734375,0.23046875
259,-0.0390625,-1.05078125,0.25
260,-0.05859375,-1.08203125,0.28515625
261,-0.078125,-1.109375,0.2890625
262,-0.08984375,-1.1171875,0.32421875
263,-0.078125,-1.14453125,0.33203125
264,-0.0859375,-1.16015625,0.390625
265,-0.08984375,-1.16015625,0.40625
266,-0.078125,-1.14453125,0.44921875
267,-0.0625,-1.1328125,0.453125
268,-0.046875,-1.1015625,0.44140625
269,-0.0234375,-1.08984375,0.43359375
270,0.01953125,-1.10546875,0.40234375
271,0.06640625,-1.1171875,0.33984375
272,0.1015625,-1.14453125,0.296875
273,0.1015625,-1.2109375,0.22265625
274,0.1171875,-1.27734375,0.16015625
275,0.13671875,-1.3359375,0.0703125
276,0.17578125,-1.38671875,0.01171875
277,0.171875,-1.42578125,-0.0234375
278,0.15234375,-1.45703125,-0.05078125
279,0.12890625,-1.47265625,-0.06640625
280,0.109375,-1.5,-0.09765625
281,0.09375,-1.5078125,-0.14453125
282,0.1171875,-1.47265625,-0.171875
283,0.1171875,-1.42578125,-0.2109375
284,0.13671875,-1.359375,-0.21875
285,0.1328125,-1.265625,-0.234375
286,0.109375,-1.1875,-0.22265625
287,0.12109375,-1.0703125,-0.23046875
288,0.10546875,-0.9609375,-0.24609375
289,0.10546875,-0.83984375,-0.2421875
290,0.1171875,-0.71484375,-0.2578125
291,0.16015625,-0.6328125,-0.30078125
292,0.171875,-0.6015625,-0.3515625
293,0.18359375,-0.5859375,-0.38671875
294,0.1875,-0.609375,-0.3828125
295,0.15625,-0.65625,-0.359375
296,0.140625,-0.76171875,-0.32421875
297,0.12890625,-0.81640625,-0.2421875
298,0.109375,-0.90625,-0.16796875
299,0.09765625,-0.984375,-0.12109375
300,0.078125,-1.0625,-0.05859375
301,0.05078125,-1.15625,0.00390625
302,0.0390625,-1.234375,0.03515625
303,0.0234375,-1.28515625,0.0703125
304,0.01171875,-1.3203125,0.078125
305,-0.01171875,-1.35546875,0.0546875
306,-0.046875,-1.34765625,0.0234375
307,-0.08984375,-1.3203125,0.03515625
308,-0.14453125,-1.2421875,0.00390625
309,-0.171875,-1.19140625,-0.03125
310,-0.203125,-1.1171875,-0.02734375
311,-0.23046875,-1.05078125,-0.0625
312,-0.25390625,-0.9921875,-0.06640625
313,-0.26171875,-0.96484375,-0.05859375
314,-0.28515625,-0.93359375,-0.05859375
315,-0.29296875,-0.87109375,-0.04296875
316,-0.27734375,-0.83203125,-0.03515625
317,-0.26953125,-0.8046875,-0.0078125
318,-0.23828125,-0.765625,-0.01171875
319,-0.234375,-0.72265625,-0.01171875
320,-0.19140625,-0.69921875,-0.01171875
321,-0.15234375,-0.69921875,-0.03125
322,-0.11328125,-0.69921875,-0.04296875
323,-0.0546875,-0.71484375,-0.0546875
324,-0.01953125,-0.7109375,-0.03515625
325,0.0078125,-0.70703125,-0.01953125
326,0.03125,-0.71875,-0.00390625
327,0.06640625,-0.73828125,-0.0078125
328,0.10546875,-0.7578125,0.0078125
329,0.1015625,-0.75390625,0.0234375
330,0.10546875,-0.77734375,0.02734375
331,0.08984375,-0.80078125,0.046875
332,0.09375,-0.81640625,0.05078125
333,0.0859375,-0.8046875,0.05078125
334,0.0859375,-0.80859375,0.07421875
335,0.08984375,-0.80859375,0.06640625
336,0.08203125,-0.80078125,0.08984375
337,0.08203125,-0.79296875,0.09765625
338,0.09375,-0.79296875,0.09375
339,0.10546875,-0.79296875,0.08984375
340,0.1015625,-0.7890625,0.07421875
341,0.12109375,-0.7890625,0.08203125
342,0.1484375,-0.80078125,0.07421875
343,0.16796875,-0.80078125,0.0859375
344,0.18359375,-0.8125,0.109375
345,0.1875,-0.81640625,0.109375
346,0.1796875,-0.82421875,0.109375
347,0.1796875,-0.80859375,0.12109375
348,0.16796875,-0.82421875,0.11328125
349,0.171875,-0.81640625,0.1640625
350,0.16015625,-0.828125,0.140625
351,0.15234375,-0.82421875,0.15234375
352,0.12890625,-0.8203125,0.1796875
353,0.109375,-0.8125,0.17578125
354,0.0859375,-0.765625,0.17578125
355,0.0625,-0.7734375,0.1640625
356,0.03125,-0.73828125,0.17578125
357,0.015625,-0.71484375,0.171875
358,-0.01171875,-0.7109375,0.16015625
359,-0.03125,-0.71484375,0.16796875
360,-0.0546875,-0.7109375,0.16015625
361,-0.05859375,-0.7265625,0.1484375
362,-0.078125,-0.74609375,0.1328125
363,-0.06640625,-0.76953125,0.14453125
364,-0.04296875,-0.81640625,0.12109375
365,-0.05078125,-0.859375,0.125
366,-0.0234375,-0.91015625,0.125
367,0.0078125,-0.9453125,0.1328125
368,0.03515625,-0.9609375,0.14453125
369,0.05859375,-0.98828125,0.109375
370,0.1015625,-1.015625,0.1171875
371,0.16796875,-1.0546875,0.12109375
372,0.21875,-1.0625,0.1015625
373,0.25390625,-1.1171875,0.125
374,0.3046875,-1.16015625,0.15625
375,0.31640625,-1.20703125,0.2109375
376,0.33203125,-1.2578125,0.26953125
377,0.3515625,-1.3046875,0.3125
378,0.33984375,-1.33203125,0.375
379,0.3125,-1.33984375,0.42578125
380,0.28125,-1.30859375,0.4609375
381,0.234375,-1.26171875,0.4609375
382,0.171875,-1.18359375,0.46484375
383,0.08984375,-1.078125,0.46484375
384,0.04296875,-1.0,0.4921875
385,-0.015625,-0.9140625,0.4921875
386,-0.0625,-0.83984375,0.46875
387,-0.109375,-0.7734375,0.4609375
388,-0.12109375,-0.75390625,0.4375
389,-0.13671875,-0.7890625,0.3828125
390,-0.12109375,-0.8515625,0.33984375
391,-0.078125,-0.953125,0.29296875
392,-0.01953125,-1.0625,0.22265625
393,0.03125,-1.1875,0.140625
394,0.0859375,-1.26171875,0.10546875
395,0.1015625,-1.34375,0.046875
396,0.140625,-1.3671875,0.01171875
397,0.18359375,-1.37890625,-0.00390625
398,0.23046875,-1.3828125,-0.00390625
399,0.25390625,-1.40234375,-0.01171875
400,0.25390625,-1.40625,-0.02734375
401,0.2421875,-1.3671875,-0.05078125
402,0.24609375,-1.32421875,-0.1015625
403,0.21484375,-1.2890625,-0.1484375
404,0.203125,-1.21875,-0.125
405,0.17578125,-1.22265625,-0.17578125
406,0.16796875,-1.19140625,-0.18359375
407,0.16796875,-1.1796875,-0.1875
408,0.14453125,-1.12109375,-0.19921875
409,0.140625,-1.09765625,-0.20703125
410,0.11328125,-1.05078125,-0.23828125
411,0.07421875,-1.0078125,-0.25
412,0.0546875,-0.92578125,-0.26171875
413,0.01171875,-0.875,-0.27734375
414,-0.0625,-0.83203125,-0.30859375
415,-0.12890625,-0.8359375,-0.3046875
416,-0.15234375,-0.86328125,-0.32421875
417,-0.1953125,-0.88671875,-0.33203125
418,-0.21875,-0.90234375,-0.3046875
419,-0.24609375,-0.89453125,-0.26171875
420,-0.23046875,-0.8984375,-0.22265625
421,-0.234375,-0.8984375,-0.203125
422,-0.203125,-0.890625,-0.15625
423,-0.15625,-0.87890625,-0.1171875
424,-0.0859375,-0.8984375,-0.08984375
425,-0.04296875,-0.88671875,-0.05078125
426,0.01171875,-0.91015625,-0.04296875
427,0.11328125,-0.921875,0.0
428,0.1875,-0.92578125,0.03125
429,0.25390625,-0.9453125,0.046875
430,0.32421875,-0.953125,0.046875
431,0.37109375,-0.9453125,0.0546875
432,0.40234375,-0.9609375,0.04296875
433,0.421875,-0.97265625,0.03125
434,0.44140625,-0.98828125,0.0234375
435,0.4375,-0.9921875,0.02734375
436,0.4140625,-0.984375,0.03515625
437,0.421875,-1.0,0.0078125
438,0.36328125,-0.95703125,0.015625
439,0.32421875,-0.9453125,0.03125
440,0.30078125,-0.9140625,0.0234375
441,0.25390625,-0.87890625,0.01171875
442,0.203125,-0.8671875,0.03515625
443,0.13671875,-0.83203125,0.03515625
444,0.06640625,-0.80859375,0.03515625
445,0.02734375,-0.78515625,0.04296875
446,0.015625,-0.78515625,0.046875
447,-0.01171875,-0.80078125,0.0390625
448,-0.0234375,-0.77734375,0.05078125
449,-0.04296875,-0.77734375,0.04296875
450,-0.02734375,-0.7890625,0.05078125
451,-0.0234375,-0.78125,0.0703125
452,-0.015625,-0.76953125,0.08203125
453,-0.00390625,-0.78125,0.07421875
454,-0.0078125,-0.796875,0.0859375
455,-0.00390625,-0.79296875,0.08984375
456,0.0078125,-0.81640625,0.1015625
457,0.015625,-0.80859375,0.10546875
458,0.0234375,-0.81640625,0.078125
459,0.0,-0.79296875,0.0703125
460,0.0078125,-0.80859375,0.07421875
461,0.0078125,-0.8046875,0.07421875
462,0.0078125,-0.8203125,0.07421875
463,-0.0078125,-0.828125,0.0703125
464,-0.03515625,-0.8125,0.0703125
465,-0.046875,-0.828125,0.078125
466,-0.05859375,-0.83203125,0.1171875
467,-0.0703125,-0.84765625,0.10546875
468,-0.0859375,-0.85546875,0.11328125
469,-0.078125,-0.859375,0.12890625
470,-0.08984375,-0.83984375,0.140625
471,-0.09765625,-0.84375,0.16015625
472,-0.09375,-0.8359375,0.17578125
473,-0.08984375,-0.828125,0.18359375
474,-0.08203125,-0.8046875,0.1953125
475,-0.07421875,-0.796875,0.19921875
476,-0.05859375,-0.76953125,0.19921875
477,-0.046875,-0.7421875,0.21484375
478,-0.01171875,-0.73828125,0.20703125
479,0.01953125,-0.73828125,0.21484375
480,0.0625,-0.6875,0.23046875
481,0.07421875,-0.70703125,0.2109375
482,0.09375,-0.68359375,0.20703125
483,0.109375,-0.68359375,0.21875
484,0.14453125,-0.69921875,0.20703125
485,0.15234375,-0.7265625,0.21875
486,0.16015625,-0.734375,0.203125
487,0.14453125,-0.76953125,0.1953125
488,0.140625,-0.8125,0.19140625
489,0.12109375,-0.86328125,0.1875
490,0.1015625,-0.90625,0.2109375
491,0.07421875,-0.953125,0.203125
492,0.046875,-0.99609375,0.19921875
493,0.02734375,-1.02734375,0.21875
494,0.0,-1.046875,0.21484375
495,-0.0234375,-1.0625,0.23046875
496,-0.046875,-1.078125,0.24609375
497,-0.06640625,-1.11328125,0.2578125
498,-0.0859375,-1.1328125,0.29296875
499,-0.1171875,-1.12890625,0.30859375
500,-0.14453125,-1.13671875,0.3203125
501,-0.15234375,-1.1171875,0.328125
502,-0.1796875,-1.1171875,0.34765625
503,-0.1875,-1.12109375,0.37109375
504,-0.171875,-1.109375,0.38671875
505,-0.16015625,-1.07421875,0.4140625
506,-0.13671875,-1.06640625,0.41015625
507,-0.1015625,-1.046875,0.40625
508,-0.05859375,-1.05078125,0.35546875
509,-0.0234375,-1.046875,0.30859375
510,-0.00390625,-1.09375,0.2578125
511,0.0,-1.13671875,0.20703125
512,0.0,-1.20703125,0.125
513,0.03125,-1.2578125,0.05078125
514,0.078125,-1.33984375,0.0390625
515,0.10546875,-1.37890625,0.01171875
516,0.109375,-1.44921875,0.0
517,0.0625,-1.48828125,0.01171875
518,0.0390625,-1.53125,0.0234375
519,0.05078125,-1.53515625,0.0390625
520,0.08203125,-1.546875,0.01171875
521,0.08984375,-1.4921875,0.015625
522,0.10546875,-1.4453125,0.01171875
523,0.1484375,-1.40625,-0.00390625
524,0.1484375,-1.36328125,-0.015625
525,0.19140625,-1.31640625,-0.06640625
526,0.1953125,-1.23828125,-0.11328125
527,0.19921875,-1.1484375,-0.171875
528,0.19921875,-1.01953125,-0.25390625
529,0.203125,-0.921875,-0.32421875
530,0.17578125,-0.8046875,-0.3828125
531,0.15625,-0.69921875,-0.4296875
532,0.16015625,-0.640625,-0.43359375
533,0.15234375,-0.6171875,-0.41015625
534,0.1328125,-0.63671875,-0.359375
535,0.12890625,-0.6640625,-0.296875
536,0.13671875,-0.74609375,-0.24609375
537,0.12890625,-0.8203125,-0.19140625
538,0.1171875,-0.8984375,-0.15234375
539,0.125,-0.9765625,-0.125
540,0.109375,-1.05859375,-0.1015625
541,0.08984375,-1.11328125,-0.05078125
542,0.05078125,-1.140625,-0.015625
543,0.04296875,-1.1640625,-0.00390625
544,-0.00390625,-1.1796875,0.015625
545,-0.0234375,-1.1953125,0.01171875
546,-0.05859375,-1.15234375,0.03125
547,-0.0703125,-1.1328125,0.01953125
548,-0.13671875,-1.07421875,0.00390625
549,-0.1640625,-1.0546875,-0.015625
550,-0.203125,-1.04296875,-0.0078125
551,-0.2109375,-0.9921875,0.0
552,-0.23828125,-0.9765625,-0.00390625
553,-0.234375,-0.9609375,-0.01953125
554,-0.24609375,-0.9375,-0.00390625
555,-0.2109375,-0.91015625,0.0078125
556,-0.21484375,-0.87109375,-0.01171875
557,-0.1953125,-0.8515625,-0.01171875
558,-0.16796875,-0.8046875,-0.01953125
559,-0.140625,-0.77734375,-0.00390625
560,-0.0859375,-0.77734375,-0.03125
561,-0.05859375,-0.74609375,-0.00390625
562,-0.05859375,-0.73046875,0.00390625
563,-0.01953125,-0.7265625,-0.01171875
564,0.00390625,-0.703125,0.01953125
565,0.0234375,-0.70703125,0.0390625
566,0.05078125,-0.69921875,0.046875
567,0.05859375,-0.69921875,0.05859375
568,0.05859375,-0.70703125,0.06640625
569,0.05859375,-0.734375,0.08203125
570,0.03515625,-0.734375,0.07421875
571,0.02734375,-0.71875,0.08203125
572,0.015625,-0.72265625,0.0859375
573,0.00390625,-0.73828125,0.07421875
574,0.0078125,-0.74609375,0.0625
575,-0.01171875,-0.7421875,0.046875
576,0.0,-0.75390625,0.02734375
577,-0.01171875,-0.76171875,0.01171875
578,0.02734375,-0.796875,0.03125
579,0.03125,-0.79296875,0.04296875
580,0.0625,-0.82421875,0.04296875
581,0.08203125,-0.82421875,0.0546875
582,0.11328125,-0.8359375,0.0546875
583,0.16015625,-0.83203125,0.06640625
584,0.16796875,-0.82421875,0.05859375
585,0.18359375,-0.828125,0.0625
586,0.19921875,-0.82421875,0.0625
587,0.1875,-0.81640625,0.08203125
588,0.17578125,-0.828125,0.05859375
589,0.17578125,-0.82421875,0.05078125
590,0.171875,-0.8125,0.0625
591,0.16796875,-0.81640625,0.046875
592,0.15625,-0.81640625,0.05859375
593,0.125,-0.796875,0.046875
594,0.12109375,-0.80078125,0.0390625
595,0.1171875,-0.79296875,0.02734375
596,0.12109375,-0.796875,0.0234375
597,0.125,-0.78515625,0.03125
598,0.109375,-0.7890625,0.0234375
599,0.1171875,-0.78515625,0.0390625
600,0.11328125,-0.81640625,0.0390625
601,0.1015625,-0.84375,0.04296875
602,0.09765625,-0.87890625,0.05078125
603,0.0859375,-0.89453125,0.0703125
604,0.0546875,-0.921875,0.10546875
605,0.0625,-0.94921875,0.1171875
606,0.0625,-0.96484375,0.12890625
607,0.0703125,-0.9765625,0.15625
608,0.08984375,-0.99609375,0.15234375
609,0.0859375,-0.99609375,0.16796875
610,0.10546875,-0.9921875,0.17578125
611,0.13671875,-1.0,0.1640625
612,0.140625,-0.99609375,0.171875
613,0.171875,-0.98046875,0.15625
614,0.20703125,-0.97265625,0.1484375
615,0.23828125,-0.96875,0.12890625
616,0.24609375,-0.97265625,0.140625
617,0.23828125,-0.96875,0.1484375
618,0.26171875,-0.99609375,0.17578125
619,0.22265625,-0.99609375,0.1875
620,0.18359375,-0.9921875,0.2109375
621,0.1484375,-1.03515625,0.21484375
622,0.12109375,-1.05078125,0.25
623,0.08203125,-1.0546875,0.2578125
624,0.06640625,-1.08984375,0.25390625
625,0.046875,-1.09375,0.25390625
626,0.03515625,-1.09375,0.2578125
627,0.0390625,-1.08984375,0.23828125
628,0.0546875,-1.1015625,0.2265625
629,0.05078125,-1.08203125,0.21875
630,0.0546875,-1.078125,0.23828125
631,0.046875,-1.07421875,0.22265625
632,0.0859375,-1.07421875,0.2578125
633,0.07421875,-1.07421875,0.19921875
634,0.07421875,-1.08984375,0.1328125
635,0.10546875,-1.11328125,0.08984375
636,0.15625,-1.14453125,0.05078125
637,0.21484375,-1.19140625,0.0078125
638,0.26171875,-1.21484375,-0.05859375
639,0.28125,-1.26171875,-0.10546875
640,0.28515625,-1.2734375,-0.11328125
641,0.27734375,-1.30078125,-0.1171875
642,0.265625,-1.30859375,-0.08984375
643,0.25390625,-1.3359375,-0.1015625
644,0.2109375,-1.36328125,-0.1015625
645,0.17578125,-1.3671875,-0.12890625
646,0.125,-1.359375,-0.1484375
647,0.06640625,-1.33984375,-0.1796875
648,0.0390625,-1.31640625,-0.20703125
649,0.03125,-1.26953125,-0.25
650,0.02734375,-1.22265625,-0.26953125
651,0.01171875,-1.17578125,-0.3046875
652,0.0234375,-1.10546875,-0.32421875
653,0.03125,-0.99609375,-0.3359375
654,0.06640625,-0.91015625,-0.33984375
655,0.0859375,-0.80859375,-0.359375
656,0.1015625,-0.734375,-0.3828125
657,0.12109375,-0.67578125,-0.39453125
658,0.125,-0.63671875,-0.421875
659,0.09375,-0.62109375,-0.4140625
660,0.0703125,-0.6171875,-0.41015625
661,0.046875,-0.6328125,-0.40234375
662,0.05078125,-0.65625,-0.39453125
663,0.046875,-0.66796875,-0.359375
664,0.05859375,-0.73046875,-0.30859375
665,0.05859375,-0.77734375,-0.27734375
666,0.09375,-0.86328125,-0.23828125
667,0.12109375,-0.93359375,-0.19921875
668,0.140625,-0.98828125,-0.16796875
669,0.15625,-1.02734375,-0.15625
670,0.171875,-1.05078125,-0.15625
671,0.17578125,-1.03515625,-0.1640625
672,0.1796875,-1.03515625,-0.2109375
673,0.16015625,-0.9765625,-0.203125
674,0.14453125,-0.9296875,-0.234375
675,0.1171875,-0.85546875,-0.265625
676,0.08203125,-0.8125,-0.28515625
677,0.0625,-0.74609375,-0.27734375
678,0.03125,-0.6953125,-0.27734375
679,0.02734375,-0.6640625,-0.27734375
680,-0.00390625,-0.62890625,-0.296875
681,-0.01171875,-0.60546875,-0.28125
682,-0.01171875,-0.58984375,-0.29296875
683,-0.03515625,-0.5703125,-0.265625
684,-0.0546875,-0.5625,-0.26953125
685,-0.0703125,-0.5859375,-0.2734375
686,-0.06640625,-0.58203125,-0.26953125
687,-0.078125,-0.609375,-0.3359375
688,-0.06640625,-0.625,-0.33984375
689,-0.109375,-0.66015625,-0.22265625
690,-0.12890625,-0.6796875,-0.2109375
691,-0.04296875,-0.7109375,-0.23046875
692,0.04296875,-0.734375,-0.20703125
693,0.0859375,-0.75390625,-0.203125
694,0.09765625,-0.80078125,-0.15625
695,0.1015625,-0.8203125,-0.14453125
696,0.10546875,-0.8671875,-0.14453125
697,0.140625,-0.92578125,-0.17578125
698,0.171875,-0.95703125,-0.1953125
699,0.171875,-0.984375,-0.21484375
700,0.1640625,-1.01171875,-0.24609375
701,0.10546875,-1.02734375,-0.25390625
702,0.0625,-1.046875,-0.25390625
703,0.02734375,-1.0625,-0.234375
704,0.0,-1.109375,-0.21875
705,-0.0234375,-1.1953125,-0.18359375
706,-0.01953125,-1.296875,-0.11328125
707,-0.01953125,-1.421875,-0.02734375
708,-0.03515625,-1.54296875,0.01171875
709,-0.07421875,-1.62890625,0.0390625
710,-0.06640625,-1.70703125,0.03515625
711,-0.078125,-1.7734375,-0.00390625
712,-0.078125,-1.82421875,-0.0234375
713,-0.05078125,-1.87109375,-0.03515625
714,-0.01171875,-1.9296875,-0.01953125
715,0.0390625,-1.96484375,0.01953125
716,0.078125,-1.9921875,0.0703125
717,0.1484375,-1.98828125,0.10546875
718,0.21484375,-1.96875,0.12109375
719,0.23828125,-1.90625,0.203125
720,0.2890625,-1.9140625,0.18359375
721,0.328125,-1.90625,0.171875
722,0.33203125,-1.890625,0.15625
723,0.30078125,-1.91015625,0.14453125
724,0.26953125,-1.91015625,0.140625
725,0.24609375,-1.92578125,0.1328125
726,0.18359375,-1.93359375,0.11328125
727,0.125,-1.8984375,0.1015625
728,0.0234375,-1.890625,0.05078125
729,0.0234375,-1.8203125,0.01953125
730,-0.03515625,-1.7578125,0.0078125
731,-0.1015625,-1.6796875,-0.0390625
732,-0.1640625,-1.5390625,-0.11328125
733,-0.18359375,-1.40625,-0.1640625
734,-0.19140625,-1.2734375,-0.1953125
735,-0.203125,-1.15234375,-0.25390625
736,-0.140625,-1.03515625,-0.2421875
737,-0.140625,-0.890625,-0.21484375
738,-0.1171875,-0.75390625,-0.17578125
739,-0.078125,-0.6171875,-0.07421875
740,-0.02734375,-0.49609375,-0.00390625
741,0.02734375,-0.37890625,0.06640625
742,0.0703125,-0.24609375,0.1015625
743,0.125,-0.1328125,0.11328125
744,0.17578125,-0.01953125,0.10546875
745,0.21484375,0.1015625,0.1015625
746,0.2109375,0.21875,0.06640625
747,0.171875,0.3046875,0.04296875
748,0.0859375,0.40625,-0.0234375
749,0.0078125,0.4375,-0.06640625
750,-0.07421875,0.45703125,-0.140625
751,-0.1171875,0.4296875,-0.1796875
752,-0.08984375,0.34375,-0.203125
753,-0.05859375,0.26953125,-0.20703125
754,-0.02734375,0.1484375,-0.2109375
755,0.01171875,0.0390625,-0.1796875
756,0.05078125,-0.0859375,-0.15625
757,0.09765625,-0.17578125,-0.12890625
758,0.1640625,-0.25,-0.1015625
759,0.20703125,-0.30078125,-0.125
760,0.2109375,-0.34375,-0.12890625
761,0.23828125,-0.375,-0.17578125
762,0.20703125,-0.3671875,-0.15625
763,0.171875,-0.36328125,-0.140625
764,0.12109375,-0.33984375,-0.12890625
765,0.07421875,-0.31640625,-0.109375
766,0.03125,-0.28515625,-0.08984375
767,0.0078125,-0.2578125,-0.0859375
768,-0.03125,-0.21875,-0.0625
769,-0.04296875,-0.16796875,-0.0390625
770,-0.01953125,-0.1328125,-0.078125
771,0.03515625,-0.05078125,-0.12890625
772,0.12109375,0.00390625,-0.26953125
773,0.08984375,0.0546875,-0.390625
774,-0.046875,0.08203125,-0.49609375
775,-0.16015625,0.06640625,-0.57421875
776,-0.22265625,0.046875,-0.71484375
777,-0.2265625,0.00390625,-0.890625
778,-0.24609375,-0.0546875,-1.1015625
779,-0.32421875,-0.10546875,-1.328125
780,-0.390625,-0.1953125,-1.5546875
781,-0.45703125,-0.3203125,-1.73828125
782,-0.5234375,-0.515625,-1.8984375
783,-0.60546875,-0.80078125,-1.9140625
784,-0.703125,-1.171875,-1.7578125
785,-0.765625,-1.62109375,-1.4296875
786,-0.79296875,-2.1953125,-1.1171875
787,-0.69140625,-2.81640625,-0.90234375
788,-0.390625,-3.4453125,-0.69140625
789,0.01171875,-3.91796875,-0.5859375
790,0.4296875,-4.07421875,-0.64453125
791,0.7265625,-3.91796875,-0.9609375
792,0.9453125,-3.53125,-1.23828125
793,0.92578125,-3.0546875,-1.41796875
794,0.80078125,-2.6015625,-1.3359375
795,0.6640625,-2.2109375,-1.2421875
796,0.51171875,-1.94921875,-1.1015625
797,0.328125,-1.73828125,-0.953125
798,0.18359375,-1.59375,-0.85546875
799,0.078125,-1.45703125,-0.75390625
800,-0.015625,-1.3515625,-0.72265625
801,-0.06640625,-1.24609375,-0.66015625
802,-0.19921875,-1.1640625,-0.63671875
803,-0.3359375,-1.08984375,-0.6328125
804,-0.5,-1.078125,-0.59375
805,-0.58984375,-1.046875,-0.51953125
806,-0.6328125,-1.0546875,-0.5
807,-0.640625,-1.08984375,-0.4921875
808,-0.59375,-1.1875,-0.48828125
809,-0.51171875,-1.2734375,-0.43359375
810,-0.46484375,-1.328125,-0.36328125
811,-0.39453125,-1.40625,-0.31640625
812,-0.32421875,-1.4765625,-0.27734375
813,-0.234375,-1.5234375,-0.23828125
814,-0.15625,-1.51953125,-0.17578125
815,-0.1328125,-1.4921875,-0.1953125
816,-0.05859375,-1.42578125,-0.1875
817,0.01953125,-1.35546875,-0.18359375
818,0.07421875,-1.265625,-0.18359375
819,0.11328125,-1.16796875,-0.1484375
820,0.140625,-1.0390625,-0.1171875
821,0.171875,-0.94140625,-0.09375
822,0.1875,-0.8359375,-0.0546875
823,0.19140625,-0.7265625,-0.0546875
824,0.1875,-0.65234375,-0.05859375
825,0.171875,-0.5703125,-0.0625
826,0.16796875,-0.44140625,-0.04296875
827,0.125,-0.40234375,-0.0546875
828,0.08984375,-0.3515625,-0.05078125
829,0.05078125,-0.3046875,-0.05078125
830,0.03515625,-0.27734375,-0.05078125
831,0.0234375,-0.22265625,-0.0234375
832,0.015625,-0.20703125,-0.0078125
833,0.0,-0.21484375,-0.0546875
834,-0.0390625,-0.20703125,-0.08203125
835,0.0078125,-0.16796875,-0.05859375
836,0.0390625,-0.171875,-0.109375
837,0.09765625,-0.203125,-0.0546875
838,0.125,-0.2109375,-0.00390625
839,0.1015625,-0.20703125,-0.01171875
840,0.15234375,-0.234375,0.01953125
841,0.16796875,-0.26953125,0.0390625
842,0.19140625,-0.32421875,0.0546875
843,0.1875,-0.3828125,0.05859375
844,0.19921875,-0.46875,0.0859375
845,0.2109375,-0.53125,0.09765625
846,0.234375,-0.60546875,0.12109375
847,0.28125,-0.66015625,0.16015625
848,0.2890625,-0.7265625,0.19140625
849,0.3359375,-0.77734375,0.22265625
850,0.3671875,-0.8125,0.2578125
851,0.39453125,-0.8203125,0.27734375
852,0.41015625,-0.8125,0.2890625
853,0.37890625,-0.76171875,0.23828125
854,0.33984375,-0.7109375,0.171875
855,0.328125,-0.640625,0.08984375
856,0.3515625,-0.54296875,0.01953125
857,0.34765625,-0.4453125,-0.078125
858,0.3203125,-0.35546875,-0.1796875
859,0.30078125,-0.265625,-0.26171875
860,0.25,-0.21484375,-0.37890625
861,0.21484375,-0.20703125,-0.515625
862,0.15625,-0.2578125,-0.69140625
863,0.1484375,-0.33984375,-0.859375
864,0.21875,-0.48046875,-0.9609375
865,0.33984375,-0.65234375,-1.171875
866,0.4921875,-0.85546875,-1.4609375
867,0.671875,-1.09375,-1.6875
868,0.7890625,-1.33984375,-1.7734375
869,0.80859375,-1.65625,-1.5703125
870,0.7421875,-2.0703125,-0.9453125
871,0.625,-2.57421875,-0.25
872,0.4140625,-3.0390625,0.2578125
873,0.0859375,-3.29296875,0.3828125
874,-0.28515625,-3.2734375,0.15625
875,-0.61328125,-2.9296875,-0.23046875
876,-1.01171875,-2.453125,-0.53125
877,-1.23828125,-2.03515625,-0.75390625
878,-1.28515625,-1.70703125,-0.921875
879,-1.19140625,-1.4453125,-1.078125
880,-1.07421875,-1.28515625,-1.19921875
881,-0.90234375,-1.22265625,-1.30078125
882,-0.74609375,-1.1953125,-1.2578125
883,-0.62890625,-1.16015625,-1.13671875
884,-0.4765625,-1.17578125,-0.9375
885,-0.296875,-1.1875,-0.72265625
886,-0.08984375,-1.2109375,-0.578125
887,0.140625,-1.296875,-0.48046875
888,0.3046875,-1.375,-0.41015625
889,0.421875,-1.421875,-0.42578125
890,0.4921875,-1.4453125,-0.37109375
891,0.5390625,-1.4453125,-0.39453125
892,0.546875,-1.42578125,-0.4296875
893,0.5546875,-1.40234375,-0.44140625
894,0.5390625,-1.3671875,-0.4375
895,0.5078125,-1.31640625,-0.421875
896,0.4765625,-1.23046875,-0.40234375
897,0.41796875,-1.19921875,-0.37890625
898,0.3671875,-1.16796875,-0.3359375
899,0.33984375,-1.12890625,-0.296875
900,0.328125,-1.1015625,-0.2265625
901,0.296875,-1.0390625,-0.203125
902,0.2890625,-1.0078125,-0.16796875
903,0.25,-0.9609375,-0.140625
904,0.21484375,-0.9375,-0.12890625
905,0.16015625,-0.88671875,-0.1328125
906,0.12109375,-0.83984375,-0.13671875
907,0.07421875,-0.80859375,-0.16796875
908,0.046875,-0.8046875,-0.15625
909,0.00390625,-0.78515625,-0.12109375
910,-0.05078125,-0.765625,-0.1015625
911,-0.078125,-0.75390625,-0.05078125
912,-0.11328125,-0.7109375,-0.05859375
913,-0.109375,-0.69921875,-0.04296875
914,-0.1015625,-0.69140625,-0.05859375
915,-0.08203125,-0.66796875,-0.0390625
916,-0.07421875,-0.625,-0.04296875
917,-0.03515625,-0.6171875,-0.06640625
918,-0.00390625,-0.59375,-0.08203125
919,0.046875,-0.57421875,-0.0703125
920,0.09375,-0.58203125,-0.0859375
921,0.15234375,-0.55078125,-0.0703125
922,0.16015625,-0.546875,-0.08203125
923,0.171875,-0.53515625,-0.06640625
924,0.1875,-0.53125,-0.0546875
925,0.1875,-0.5625,-0.04296875
926,0.1953125,-0.58984375,-0.046875
927,0.171875,-0.59375,-0.04296875
928,0.1640625,-0.6171875,-0.0234375
929,0.1328125,-0.63671875,-0.01953125
930,0.10546875,-0.6328125,-0.0078125
931,0.0859375,-0.65234375,0.02734375
932,0.05859375,-0.65625,0.05078125
933,0.03125,-0.6796875,0.046875
934,0.00390625,-0.6875,0.06640625
935,-0.02734375,-0.6875,0.06640625
936,-0.046875,-0.68359375,0.0859375
937,-0.046875,-0.67578125,0.08203125
938,-0.05078125,-0.6953125,0.0859375
939,-0.06640625,-0.6796875,0.10546875
940,-0.0546875,-0.69921875,0.08984375
941,-0.05078125,-0.703125,0.13671875
942,-0.0703125,-0.7109375,0.140625
943,-0.05078125,-0.72265625,0.14453125
944,-0.07421875,-0.7421875,0.1875
945,-0.0703125,-0.76953125,0.21484375
946,-0.06640625,-0.7890625,0.23828125
947,-0.07421875,-0.79296875,0.2421875
948,-0.078125,-0.78515625,0.265625
949,-0.08203125,-0.76953125,0.28515625
950,-0.109375,-0.75,0.28125
951,-0.13671875,-0.7109375,0.28515625
952,-0.12890625,-0.66796875,0.26171875
953,-0.109375,-0.62890625,0.2421875
954,-0.078125,-0.578125,0.23828125
955,-0.046875,-0.5390625,0.18359375
956,-0.01171875,-0.5078125,0.16796875
957,0.01171875,-0.47265625,0.1328125
958,0.05859375,-0.47265625,0.125
959,0.08203125,-0.50390625,0.12109375
960,0.12109375,-0.55078125,0.125
961,0.11328125,-0.62109375,0.16796875
962,0.125,-0.703125,0.203125
963,0.11328125,-0.80859375,0.2578125
964,0.10546875,-0.94921875,0.3125
965,0.08984375,-1.08203125,0.34375
966,0.06640625,-1.16796875,0.3203125
967,0.05859375,-1.28515625,0.29296875
968,0.05078125,-1.37890625,0.18359375
969,0.04296875,-1.4609375,0.0703125
970,0.01953125,-1.5234375,-0.05078125
971,-0.02734375,-1.59765625,-0.203125
972,-0.09375,-1.66015625,-0.3671875
973,-0.1796875,-1.73046875,-0.50390625
974,-0.2734375,-1.828125,-0.5703125
975,-0.32421875,-1.9375,-0.5546875
976,-0.36328125,-2.0078125,-0.42578125
977,-0.19921875,-2.0859375,-0.26171875
978,-0.01953125,-2.08984375,-0.1171875
979,0.11328125,-2.0390625,-0.02734375
980,0.203125,-1.94140625,-0.02734375
981,0.296875,-1.796875,-0.07421875
982,0.44140625,-1.5546875,-0.22265625
983,0.58203125,-1.3359375,-0.30078125
984,0.69140625,-1.1015625,-0.39453125
985,0.73828125,-0.859375,-0.453125
986,0.77734375,-0.69921875,-0.50390625
987,0.7578125,-0.57421875,-0.54296875
988,0.66015625,-0.515625,-0.515625
989,0.51171875,-0.55078125,-0.44921875
990,0.36328125,-0.6328125,-0.3359375
991,0.26171875,-0.7265625,-0.23828125
992,0.16796875,-0.8125,-0.13671875
993,0.09765625,-0.91796875,-0.06640625
994,0.01171875,-0.94921875,-0.03125
995,-0.06640625,-1.0,-0.0390625
996,-0.140625,-1.0390625,-0.046875
997,-0.2109375,-1.1015625,-0.046875
998,-0.28125,-1.1171875,-0.046875
999,-0.3125,-1.1328125,-0.05078125
1000,-0.31640625,-1.1328125,-0.0546875
1001,-0.3125,-1.140625,-0.0390625
1002,-0.32421875,-1.14453125,-0.015625
1003,-0.328125,-1.1328125,-0.01171875
1004,-0.32421875,-1.1015625,0.015625
1005,-0.36328125,-1.0546875,0.02734375
1006,-0.359375,-1.03515625,0.01171875
1007,-0.3359375,-0.984375,0.01953125
1008,-0.32421875,-0.94921875,0.015625
1009,-0.26171875,-0.90234375,0.03515625
1010,-0.2109375,-0.84765625,0.0078125
1011,-0.16796875,-0.8203125,-0.015625
1012,-0.125,-0.7890625,-0.02734375
1013,-0.09375,-0.76953125,-0.03515625
1014,-0.0546875,-0.734375,-0.03515625
1015,-0.015625,-0.72265625,-0.0625
1016,0.04296875,-0.703125,-0.0390625
1017,0.0703125,-0.69921875,-0.02734375
1018,0.07421875,-0.66796875,-0.015625
1019,0.1015625,-0.68359375,-0.03515625
1020,0.1328125,-0.6953125,-0.01171875
1021,0.12890625,-0.703125,0.0078125
1022,0.1328125,-0.72265625,0.02734375
1023,0.125,-0.7578125,0.02734375
1024,0.1171875,-0.78515625,0.0546875
1025,0.12109375,-0.8046875,0.07421875
1026,0.109375,-0.83203125,0.078125
1027,0.0703125,-0.83984375,0.09375
1028,0.04296875,-0.83203125,0.12890625
1029,0.01953125,-0.85546875,0.1484375
1030,-0.00390625,-0.84375,0.125
1031,0.00390625,-0.85546875,0.12890625
1032,-0.01171875,-0.859375,0.11328125
1033,-0.00390625,-0.83984375,0.09375
1034,0.01171875,-0.8203125,0.078125
1035,0.03125,-0.828125,0.046875
1036,0.046875,-0.796875,0.0546875
1037,0.0703125,-0.8203125,0.05859375
1038,0.0859375,-0.83203125,0.08203125
1039,0.08984375,-0.8515625,0.0859375
1040,0.08203125,-0.859375,0.0859375
1041,0.109375,-0.86328125,0.12890625
1042,0.1015625,-0.875,0.12890625
1043,0.08984375,-0.8984375,0.13671875
1044,0.0703125,-0.8828125,0.140625
1045,0.05078125,-0.88671875,0.12890625
1046,0.05078125,-0.89453125,0.125
1047,0.05078125,-0.87109375,0.1484375
1048,0.046875,-0.87890625,0.14453125
1049,0.0546875,-0.87109375,0.1484375
1050,0.0546875,-0.86328125,0.14453125
1051,0.046875,-0.84765625,0.171875
1052,0.046875,-0.84375,0.2109375
1053,0.05859375,-0.890625,0.21875
1054,0.0390625,-0.83984375,0.22265625
1055,0.04296875,-0.828125,0.2265625
1056,0.0390625,-0.80859375,0.234375
1057,0.04296875,-0.796875,0.21875
1058,0.04296875,-0.7890625,0.23046875
1059,0.03125,-0.78125,0.1953125
1060,0.03125,-0.77734375,0.21875
1061,0.06640625,-0.78515625,0.19921875
1062,0.03125,-0.76953125,0.19921875
1063,0.05078125,-0.79296875,0.20703125
1064,0.06640625,-0.84375,0.20703125
1065,0.09765625,-0.875,0.21484375
1066,0.1171875,-0.9140625,0.2109375
1067,0.16015625,-0.94921875,0.23828125
1068,0.18359375,-0.97265625,0.26953125
1069,0.22265625,-1.0078125,0.265625
1070,0.265625,-1.04296875,0.26953125
1071,0.296875,-1.06640625,0.28125
1072,0.31640625,-1.1015625,0.296875
1073,0.34765625,-1.109375,0.33203125
1074,0.33203125,-1.125,0.3359375
1075,0.32421875,-1.12109375,0.34765625
1076,0.3203125,-1.12890625,0.36328125
1077,0.28515625,-1.109375,0.3671875
1078,0.2578125,-1.08984375,0.34375
1079,0.23828125,-1.0859375,0.3046875
1080,0.19140625,-1.07421875,0.28125
1081,0.1484375,-1.078125,0.23046875
1082,0.140625,-1.09765625,0.16796875
1083,0.1640625,-1.12109375,0.125
1084,0.1875,-1.1640625,0.0703125
1085,0.20703125,-1.203125,0.06640625
1086,0.234375,-1.26953125,0.046875
1087,0.2265625,-1.32421875,0.0234375
1088,0.2265625,-1.375,0.03515625
1089,0.2265625,-1.42578125,0.08203125
1090,0.21484375,-1.421875,0.10546875
1091,0.17578125,-1.4296875,0.10546875
1092,0.14453125,-1.421875,0.12890625
1093,0.0859375,-1.41015625,0.09765625
1094,0.0390625,-1.375,0.0546875
1095,-0.0234375,-1.3125,0.0078125
1096,-0.078125,-1.3125,-0.03515625
1097,-0.1484375,-1.26171875,-0.11328125
1098,-0.19140625,-1.21875,-0.1875
1099,-0.21875,-1.17578125,-0.25
1100,-0.1953125,-1.11328125,-0.3046875
1101,-0.140625,-1.03515625,-0.328125
1102,-0.07421875,-0.98828125,-0.33984375
1103,-0.02734375,-0.9453125,-0.35546875
1104,0.0,-0.89453125,-0.32421875
1105,0.03125,-0.84375,-0.33203125
1106,0.03515625,-0.8359375,-0.2890625
1107,0.03515625,-0.84375,-0.26953125
1108,0.03125,-0.8515625,-0.2734375
1109,0.0078125,-0.8828125,-0.234375
1110,-0.015625,-0.91796875,-0.2421875
1111,-0.04296875,-0.9453125,-0.23828125
1112,-0.0546875,-0.94921875,-0.26953125
1113,-0.0546875,-0.94921875,-0.265625
1114,-0.078125,-0.921875,-0.2578125
1115,-0.07421875,-0.89453125,-0.265625
1116,-0.04296875,-0.88671875,-0.23828125
1117,-0.02734375,-0.8671875,-0.21875
1118,0.01953125,-0.8515625,-0.1953125
1119,0.0625,-0.83984375,-0.1484375
1120,0.10546875,-0.84375,-0.09765625
1121,0.171875,-0.86328125,-0.08984375
1122,0.21484375,-0.88671875,-0.0546875
1123,0.28515625,-0.9140625,-0.02734375
1124,0.31640625,-0.9296875,-0.0234375
1125,0.35546875,-0.9375,0.0
1126,0.3984375,-0.96484375,-0.015625
1127,0.46484375,-0.98046875,-0.015625
1128,0.4375,-0.984375,0.0
1129,0.4296875,-0.97265625,0.0
1130,0.4375,-0.97265625,-0.01953125
1131,0.42578125,-0.96484375,-0.03515625
1132,0.40625,-0.95703125,-0.02734375
1133,0.375,-0.9375,-0.0234375
1134,0.30859375,-0.921875,-0.01953125
1135,0.26171875,-0.90625,-0.01171875
1136,0.18359375,-0.87890625,-0.015625
1137,0.12109375,-0.83203125,0.02734375
1138,0.1015625,-0.8203125,0.02734375
1139,0.0,-0.8125,0.00390625
1140,-0.03125,-0.8046875,-0.00390625
1141,-0.05078125,-0.7890625,0.0
1142,-0.07421875,-0.77734375,0.00390625
1143,-0.10546875,-0.7734375,0.00390625
1144,-0.12109375,-0.76953125,0.015625
1145,-0.1171875,-0.7578125,0.01953125
1146,-0.1015625,-0.78125,0.01171875
1147,-0.1015625,-0.79296875,0.04296875
1148,-0.0625,-0.8046875,0.03125
1149,-0.05078125,-0.8359375,0.03125
1150,-0.0546875,-0.82421875,0.046875
1151,-0.046875,-0.83203125,0.05859375
1152,-0.03515625,-0.83984375,0.05859375
1153,0.0,-0.86328125,0.06640625
1154,0.0,-0.8828125,0.08203125
1155,0.00390625,-0.90234375,0.09765625
1156,0.0078125,-0.90625,0.1171875
1157,0.015625,-0.93359375,0.1171875
1158,0.01953125,-0.9375,0.125
1159,0.0,-0.92578125,0.1640625
1160,-0.00390625,-0.94140625,0.1484375
1161,-0.00390625,-0.9375,0.1484375
1162,-0.0078125,-0.92578125,0.15234375
1163,0.00390625,-0.9140625,0.14453125
1164,0.03125,-0.90625,0.12890625
1165,0.03515625,-0.88671875,0.125
1166,0.04296875,-0.87109375,0.1171875
1167,0.0546875,-0.85546875,0.14453125
1168,0.05859375,-0.828125,0.14453125
1169,0.1015625,-0.8046875,0.16796875
1170,0.10546875,-0.7890625,0.171875
1171,0.10546875,-0.76171875,0.20703125
1172,0.13671875,-0.75390625,0.1875
1173,0.15625,-0.7421875,0.17578125
1174,0.171875,-0.7421875,0.1953125
1175,0.1796875,-0.73046875,0.19921875
1176,0.19921875,-0.74609375,0.19140625
1177,0.19921875,-0.74609375,0.1953125
1178,0.1953125,-0.75390625,0.203125
1179,0.203125,-0.76953125,0.2109375
1180,0.1953125,-0.77734375,0.203125
1181,0.171875,-0.80078125,0.203125
1182,0.15234375,-0.84765625,0.20703125
1183,0.125,-0.87109375,0.23046875
1184,0.08203125,-0.91015625,0.2109375
1185,0.04296875,-0.94140625,0.23046875
1186,-0.015625,-0.95703125,0.2265625
1187,-0.0703125,-0.98046875,0.234375
1188,-0.09765625,-1.0234375,0.234375
1189,-0.125,-1.0390625,0.234375
1190,-0.15625,-1.0703125,0.23046875
1191,-0.17578125,-1.0859375,0.25
1192,-0.23046875,-1.08984375,0.22265625
1193,-0.234375,-1.125,0.23828125
1194,-0.24609375,-1.15625,0.2578125
1195,-0.23046875,-1.1484375,0.265625
1196,-0.19921875,-1.13671875,0.28125
1197,-0.1640625,-1.12890625,0.29296875
1198,-0.140625,-1.08203125,0.3046875
1199,-0.07421875,-1.078125,0.30859375
1200,-0.03125,-1.04296875,0.33984375
1201,0.0390625,-1.05078125,0.32421875
1202,0.0859375,-1.05859375,0.30078125
1203,0.14453125,-1.078125,0.30078125
1204,0.1796875,-1.109375,0.23828125
1205,0.2109375,-1.16796875,0.19921875
1206,0.234375,-1.203125,0.1171875
1207,0.28125,-1.28125,0.05859375
1208,0.29296875,-1.33984375,-0.03125
1209,0.27734375,-1.375,-0.0703125
1210,0.2265625,-1.42578125,-0.06640625
1211,0.16015625,-1.453125,-0.0703125
1212,0.140625,-1.48046875,-0.0859375
1213,0.140625,-1.45703125,-0.0859375
1214,0.16015625,-1.44140625,-0.0859375
1215,0.12109375,-1.40234375,-0.08984375
1216,0.1171875,-1.33203125,-0.09375
1217,0.11328125,-1.2578125,-0.08203125
1218,0.109375,-1.17578125,-0.09375
1219,0.1171875,-1.08984375,-0.12109375
1220,0.1171875,-0.9921875,-0.1484375
1221,0.1484375,-0.91015625,-0.1953125
1222,0.1484375,-0.79296875,-0.2265625
1223,0.15234375,-0.6875,-0.24609375
1224,0.1640625,-0.62109375,-0.30078125
1225,0.18359375,-0.58984375,-0.34375
1226,0.19140625,-0.58984375,-0.34765625
1227,0.203125,-0.6328125,-0.33203125
1228,0.18359375,-0.6953125,-0.28125
1229,0.1796875,-0.80078125,-0.234375
1230,0.15234375,-0.89453125,-0.15234375
1231,0.140625,-0.97265625,-0.09765625
1232,0.125,-1.07421875,-0.0625
1233,0.10546875,-1.1484375,-0.0234375
1234,0.1015625,-1.22265625,-0.01171875
1235,0.078125,-1.28515625,0.01171875
1236,0.0625,-1.3203125,0.04296875
1237,0.0390625,-1.34375,0.015625
1238,0.01171875,-1.32421875,0.01953125
1239,-0.0234375,-1.28515625,0.0078125
1240,-0.07421875,-1.2265625,0.0
1241,-0.10546875,-1.171875,0.01171875
1242,-0.12890625,-1.1171875,-0.01953125
1243,-0.16015625,-1.04296875,-0.015625
1244,-0.19140625,-0.98828125,-0.00390625
1245,-0.203125,-0.953125,0.0078125
1246,-0.22265625,-0.89453125,0.0078125
1247,-0.203125,-0.87109375,-0.01171875
1248,-0.19140625,-0.828125,-0.01953125
1249,-0.1640625,-0.82421875,-0.0546875
1250,-0.15625,-0.796875,-0.0390625
1251,-0.14453125,-0.78515625,-0.0390625
1252,-0.13671875,-0.765625,-0.0234375
1253,-0.11328125,-0.765625,-0.03515625
1254,-0.08984375,-0.765625,-0.02734375
1255,-0.07421875,-0.765625,-0.0234375
1256,-0.01953125,-0.76953125,-0.0078125
1257,-0.0234375,-0.77734375,0.0
1258,-0.00390625,-0.796875,0.0
1259,-0.00390625,-0.80078125,0.02734375
1260,-0.0078125,-0.8046875,0.04296875
1261,0.0078125,-0.81640625,0.04296875
1262,0.0234375,-0.8125,0.05078125
1263,0.015625,-0.8046875,0.04296875
1264,0.01953125,-0.81640625,0.046875
1265,0.03125,-0.8125,0.05078125
1266,0.03125,-0.828125,0.0625
1267,0.04296875,-0.80859375,0.0625
1268,0.08203125,-0.8125,0.05078125
1269,0.0703125,-0.80859375,0.0546875
1270,0.078125,-0.80078125,0.0625
1271,0.09765625,-0.7890625,0.0625
1272,0.0859375,-0.77734375,0.046875
1273,0.0859375,-0.7578125,0.0546875
1274,0.1015625,-0.76171875,0.0546875
1275,0.11328125,-0.7421875,0.05078125
1276,0.12890625,-0.74609375,0.0546875
1277,0.14453125,-0.75390625,0.046875
1278,0.16015625,-0.796875,0.0546875
1279,0.18359375,-0.8125,0.0859375
1280,0.171875,-0.82421875,0.08203125
1281,0.171875,-0.8359375,0.08984375
1282,0.17578125,-0.83984375,0.09375
1283,0.171875,-0.859375,0.10546875
1284,0.16015625,-0.84375,0.11328125
1285,0.171875,-0.83203125,0.1328125
1286,0.15234375,-0.8359375,0.12109375
1287,0.140625,-0.80859375,0.1484375
1288,0.14453125,-0.8046875,0.125
1289,0.14453125,-0.796875,0.1328125
1290,0.140625,-0.7890625,0.14453125
1291,0.1328125,-0.78515625,0.1484375
1292,0.1015625,-0.76171875,0.1640625
1293,0.07421875,-0.75,0.17578125
1294,0.05859375,-0.734375,0.18359375
1295,0.04296875,-0.73828125,0.19921875
1296,0.01171875,-0.734375,0.203125
1297,-0.015625,-0.73828125,0.19140625
1298,-0.0234375,-0.75,0.22265625
1299,-0.0234375,-0.765625,0.20703125
1300,-0.00390625,-0.7890625,0.20703125
1301,-0.01953125,-0.8359375,0.19921875
1302,-0.00390625,-0.88671875,0.17578125
1303,0.03515625,-0.93359375,0.18359375
1304,0.078125,-0.98828125,0.1796875
1305,0.125,-1.0078125,0.1875
1306,0.16796875,-1.0625,0.1875
1307,0.20703125,-1.07421875,0.19140625
1308,0.24609375,-1.09765625,0.1796875
1309,0.2890625,-1.11328125,0.17578125
1310,0.296875,-1.12109375,0.1875
1311,0.3125,-1.15625,0.19140625
1312,0.31640625,-1.14453125,0.2109375
1313,0.30078125,-1.15234375,0.26953125
1314,0.265625,-1.1640625,0.30078125
1315,0.22265625,-1.17578125,0.34375
1316,0.171875,-1.1640625,0.38671875
1317,0.1171875,-1.14453125,0.42578125
1318,0.0546875,-1.12109375,0.44140625
1319,0.0234375,-1.11328125,0.4140625
1320,-0.046875,-1.078125,0.38671875
1321,-0.0859375,-1.078125,0.33984375
1322,-0.109375,-1.109375,0.296875
1323,-0.12109375,-1.13671875,0.2265625
1324,-0.11328125,-1.1953125,0.15625
1325,-0.078125,-1.265625,0.08203125
1326,-0.06640625,-1.33203125,0.02734375
1327,-0.00390625,-1.421875,-0.0078125
1328,0.0625,-1.48046875,0.03125
1329,0.125,-1.5546875,0.05078125
1330,0.1484375,-1.56640625,0.08984375
1331,0.17578125,-1.55859375,0.10546875
1332,0.203125,-1.51953125,0.09375
1333,0.19921875,-1.46484375,0.07421875
1334,0.21484375,-1.40234375,0.0703125
1335,0.21484375,-1.33203125,0.03125
1336,0.18359375,-1.26953125,-0.0234375
1337,0.15234375,-1.20703125,-0.05859375
1338,0.08984375,-1.125,-0.10546875
1339,0.05078125,-1.04296875,-0.140625
1340,-0.015625,-0.94921875,-0.17578125
1341,-0.0546875,-0.859375,-0.2109375
1342,-0.0546875,-0.80078125,-0.24609375
1343,-0.0625,-0.67578125,-0.265625
1344,-0.0859375,-0.66015625,-0.28515625
1345,-0.09375,-0.6484375,-0.30078125
1346,-0.11328125,-0.65625,-0.31640625
1347,-0.09765625,-0.7109375,-0.3203125
1348,-0.09375,-0.76953125,-0.28515625
1349,-0.078125,-0.84375,-0.28125
1350,-0.08203125,-0.8984375,-0.25390625
1351,-0.078125,-0.953125,-0.234375
1352,-0.06640625,-0.9921875,-0.23046875
1353,-0.05859375,-1.01171875,-0.2109375
1354,-0.0546875,-1.06640625,-0.23046875
1355,-0.03515625,-1.08203125,-0.203125
1356,0.01953125,-1.08984375,-0.19140625
1357,0.08203125,-1.10546875,-0.15234375
1358,0.14453125,-1.09375,-0.12109375
1359,0.19921875,-1.078125,-0.078125
1360,0.25,-1.04296875,-0.078125
1361,0.32421875,-0.98828125,-0.04296875
1362,0.3828125,-0.98046875,-0.046875
1363,0.42578125,-0.96484375,-0.046875
1364,0.44921875,-0.94140625,-0.05859375
1365,0.47265625,-0.953125,-0.078125
1366,0.484375,-0.9296875,-0.06640625
1367,0.4765625,-0.9453125,-0.05078125
1368,0.45703125,-0.93359375,-0.0390625
1369,0.421875,-0.91015625,-0.06640625
1370,0.37890625,-0.8984375,-0.0546875
1371,0.3515625,-0.875,-0.03515625
1372,0.265625,-0.84765625,-0.06640625
1373,0.19140625,-0.8359375,-0.05859375
1374,0.15234375,-0.83203125,-0.06640625
1375,0.09375,-0.81640625,-0.04296875
1376,0.046875,-0.80859375,-0.046875
1377,-0.00390625,-0.8203125,-0.01171875
1378,-0.0546875,-0.81640625,-0.0078125
1379,-0.08203125,-0.8125,-0.0078125
1380,-0.11328125,-0.81640625,0.00390625
1381,-0.12890625,-0.81640625,0.01953125
1382,-0.12890625,-0.80859375,0.0390625
1383,-0.1171875,-0.7890625,0.0390625
1384,-0.109375,-0.7890625,0.03515625
1385,-0.0859375,-0.79296875,0.0546875
1386,-0.06640625,-0.7890625,0.05078125
1387,-0.03125,-0.78515625,0.078125
1388,0.00390625,-0.7890625,0.0625
1389,0.0390625,-0.80078125,0.078125
1390,0.0703125,-0.80859375,0.06640625
1391,0.078125,-0.828125,0.07421875
1392,0.0859375,-0.83203125,0.08984375
1393,0.1015625,-0.83203125,0.08984375
1394,0.1171875,-0.86328125,0.109375
1395,0.109375,-0.859375,0.109375
1396,0.09375,-0.86328125,0.10546875
1397,0.07421875,-0.8828125,0.14453125
1398,0.06640625,-0.90234375,0.1328125
1399,0.046875,-0.90625,0.14453125
1400,0.03515625,-0.91015625,0.14453125
1401,0.02734375,-0.91015625,0.15234375
1402,0.01953125,-0.921875,0.171875
1403,0.0078125,-0.89453125,0.16796875
1404,-0.015625,-0.85546875,0.18359375
1405,-0.0078125,-0.82421875,0.171875
1406,-0.00390625,-0.7890625,0.1796875
1407,0.0234375,-0.765625,0.1953125
1408,0.00390625,-0.73046875,0.18359375
1409,0.0390625,-0.7109375,0.1796875
1410,0.0546875,-0.6875,0.18359375
1411,0.0703125,-0.67578125,0.1796875
1412,0.0859375,-0.64453125,0.18359375
1413,0.11328125,-0.6328125,0.18359375
1414,0.140625,-0.640625,0.2109375
1415,0.171875,-0.671875,0.18359375
1416,0.18359375,-0.6796875,0.1953125
1417,0.18359375,-0.703125,0.2109375
1418,0.17578125,-0.734375,0.22265625
1419,0.16796875,-0.78125,0.23046875
1420,0.12890625,-0.83203125,0.20703125
1421,0.0859375,-0.88671875,0.20703125
1422,0.046875,-0.921875,0.23046875
1423,0.0234375,-0.9609375,0.1953125
1424,-0.01953125,-1.01171875,0.19921875
1425,-0.04296875,-1.046875,0.19921875
1426,-0.06640625,-1.09375,0.18359375
1427,-0.109375,-1.12109375,0.1875
1428,-0.14453125,-1.15625,0.20703125
1429,-0.13671875,-1.17578125,0.2265625
1430,-0.171875,-1.19921875,0.1875
1431,-0.16796875,-1.203125,0.24609375
1432,-0.16796875,-1.20703125,0.2734375
1433,-0.16015625,-1.2109375,0.28125
1434,-0.1484375,-1.203125,0.28515625
1435,-0.140625,-1.203125,0.2890625
1436,-0.109375,-1.203125,0.2890625
1437,-0.0703125,-1.21875,0.26171875
1438,-0.0625,-1.23828125,0.23828125
1439,-0.05078125,-1.2578125,0.19140625
1440,-0.05078125,-1.2890625,0.16015625
1441,-0.0234375,-1.33984375,0.1484375
1442,-0.0078125,-1.3671875,0.08984375
1443,0.03125,-1.4140625,0.05078125
1444,0.078125,-1.453125,0.05078125
1445,0.1015625,-1.484375,0.0078125
1446,0.109375,-1.50390625,0.046875
1447,0.1328125,-1.51171875,0.04296875
1448,0.19140625,-1.48046875,0.0546875
1449,0.23046875,-1.42578125,0.05078125
1450,0.234375,-1.390625,0.03125
1451,0.2265625,-1.265625,0.0
1452,0.25390625,-1.1953125,0.00390625
1453,0.265625,-1.12890625,-0.02734375
1454,0.26953125,-1.03125,-0.0703125
1455,0.26953125,-0.953125,-0.1015625
1456,0.23828125,-0.859375,-0.15234375
1457,0.1875,-0.73828125,-0.20703125
1458,0.16015625,-0.66015625,-0.265625
1459,0.140625,-0.609375,-0.31640625
1460,0.140625,-0.5625,-0.3359375
1461,0.10546875,-0.51953125,-0.34765625
1462,0.09765625,-0.51171875,-0.32421875
1463,0.12890625,-0.546875,-0.30859375
1464,0.12890625,-0.59765625,-0.265625
1465,0.1484375,-0.68359375,-0.21484375
1466,0.16015625,-0.76171875,-0.1875
1467,0.1484375,-0.87109375,-0.16015625
1468,0.16015625,-0.94921875,-0.1171875
1469,0.16015625,-1.01953125,-0.08203125
1470,0.1640625,-1.1328125,-0.0625
1471,0.15234375,-1.2109375,-0.0078125
1472,0.109375,-1.25390625,0.0234375
1473,0.05078125,-1.30078125,0.05859375
1474,0.00390625,-1.28125,0.05078125
1475,-0.03515625,-1.26171875,0.0625
1476,-0.078125,-1.2109375,0.05078125
1477,-0.13671875,-1.1796875,0.046875
1478,-0.1796875,-1.11328125,0.046875
1479,-0.23046875,-1.05859375,0.03125
1480,-0.25,-1.0,0.03515625
1481,-0.25390625,-0.96875,0.0234375
1482,-0.2421875,-0.9453125,0.0078125
1483,-0.24609375,-0.8984375,-0.00390625
1484,-0.23828125,-0.86328125,0.01171875
1485,-0.1875,-0.8671875,-0.01171875
1486,-0.14453125,-0.86328125,-0.00390625
1487,-0.12109375,-0.8203125,-0.01953125
1488,-0.078125,-0.80859375,-0.02734375
1489,-0.046875,-0.80859375,-0.0078125
1490,-0.03125,-0.796875,-0.0234375
1491,0.01171875,-0.77734375,-0.01171875
1492,0.0390625,-0.76953125,-0.01171875
1493,0.1171875,-0.79296875,0.0078125
1494,0.11328125,-0.7734375,0.01171875
1495,0.14453125,-0.80078125,0.04296875
1496,0.14453125,-0.8125,0.05078125
1497,0.1328125,-0.83203125,0.0625
1498,0.1484375,-0.84375,0.08203125
1499,0.125,-0.8359375,0.0859375
1500,0.11328125,-0.85546875,0.078125
1501,0.10546875,-0.84375,0.08984375
1502,0.09375,-0.83984375,0.078125
1503,0.09765625,-0.83984375,0.09765625
1504,0.07421875,-0.84765625,0.0703125
1505,0.04296875,-0.82421875,0.08984375
1506,0.05078125,-0.82421875,0.0703125
1507,0.05859375,-0.8203125,0.06640625
1508,0.0703125,-0.80859375,0.078125
1509,0.06640625,-0.796875,0.0625
1510,0.07421875,-0.79296875,0.07421875
1511,0.09765625,-0.8125,0.0703125
1512,0.11328125,-0.8203125,0.08984375
1513,0.12890625,-0.82421875,0.08203125
1514,0.1640625,-0.84765625,0.0859375
1515,0.171875,-0.82421875,0.09375
1516,0.17578125,-0.84375,0.08203125
1517,0.19140625,-0.81640625,0.09765625
1518,0.18359375,-0.81640625,0.09765625
1519,0.17578125,-0.80078125,0.11328125
1520,0.16015625,-0.7890625,0.109375
1521,0.14453125,-0.7890625,0.1171875
1522,0.12890625,-0.78515625,0.1328125
1523,0.08984375,-0.78125,0.12109375
1524,0.078125,-0.78515625,0.12109375
1525,0.0546875,-0.76953125,0.15234375
1526,0.05078125,-0.75,0.16796875
1527,0.03515625,-0.72265625,0.203125
1528,0.01953125,-0.734375,0.19921875
1529,0.0,-0.73046875,0.1796875
1530,-0.03125,-0.7265625,0.1640625
1531,-0.03515625,-0.72265625,0.1640625
1532,-0.05078125,-0.7265625,0.1640625
1533,-0.05859375,-0.73046875,0.16796875
1534,-0.05078125,-0.76171875,0.1796875
1535,-0.06640625,-0.79296875,0.16015625
1536,-0.05859375,-0.8359375,0.1484375
1537,-0.03515625,-0.890625,0.13671875
1538,0.0,-0.953125,0.18359375
1539,0.01953125,-0.99609375,0.171875
1540,0.046875,-1.03125,0.1875
1541,0.08203125,-1.0546875,0.1875
1542,0.09765625,-1.078125,0.16796875
1543,0.1484375,-1.1015625,0.1640625
1544,0.1796875,-1.11328125,0.14453125
1545,0.22265625,-1.140625,0.1328125
1546,0.27734375,-1.1484375,0.11328125
1547,0.3046875,-1.16015625,0.11328125
1548,0.32421875,-1.1640625,0.12109375
1549,0.3359375,-1.18359375,0.171875
1550,0.3515625,-1.18359375,0.19140625
1551,0.33203125,-1.1796875,0.23828125
1552,0.30859375,-1.1875,0.27734375
1553,0.265625,-1.16796875,0.32421875
1554,0.2109375,-1.15625,0.36328125
1555,0.16015625,-1.125,0.41015625
1556,0.1171875,-1.1171875,0.41796875
1557,0.04296875,-1.09375,0.41015625
1558,-0.00390625,-1.0859375,0.375
1559,-0.05078125,-1.11328125,0.33984375
1560,-0.06640625,-1.15234375,0.30859375
1561,-0.0546875,-1.19140625,0.22265625
1562,-0.06640625,-1.2265625,0.16015625
1563,-0.05078125,-1.26953125,0.1171875
1564,-0.04296875,-1.30859375,0.12109375
1565,0.00390625,-1.35546875,0.14453125
1566,0.03125,-1.37890625,0.1640625
1567,0.046875,-1.3828125,0.19140625
1568,0.06640625,-1.3671875,0.18359375
1569,0.08203125,-1.34375,0.15625
1570,0.06640625,-1.30859375,0.0703125
1571,0.109375,-1.25390625,0.0234375
1572,0.13671875,-1.21484375,-0.03515625
1573,0.13671875,-1.1875,-0.109375
1574,0.1484375,-1.15234375,-0.1484375
1575,0.14453125,-1.109375,-0.171875
1576,0.12890625,-1.078125,-0.1953125
1577,0.109375,-1.02734375,-0.1953125
1578,0.1015625,-0.98828125,-0.2109375
1579,0.09765625,-0.94140625,-0.203125
1580,0.078125,-0.87109375,-0.1953125
1581,0.05859375,-0.8203125,-0.21484375
1582,0.02734375,-0.7578125,-0.24609375
1583,0.00390625,-0.75,-0.25
1584,-0.0234375,-0.78515625,-0.2734375
1585,-0.0234375,-0.828125,-0.30078125
1586,-0.01953125,-0.8515625,-0.23828125
1587,-0.03125,-0.90234375,-0.25
1588,-0.03125,-0.96875,-0.1875
1589,-0.046875,-1.0,-0.23828125
1590,-0.05859375,-0.98828125,-0.14453125
1591,-0.03125,-0.98828125,-0.10546875
1592,-0.04296875,-1.05859375,-0.0625
1593,-0.0390625,-1.0625,-0.046875
1594,0.00390625,-1.08203125,-0.0546875
1595,0.0234375,-1.0546875,-0.046875
1596,0.05078125,-1.02734375,-0.0703125
1597,0.1484375,-1.02734375,-0.07421875
1598,0.19921875,-0.99609375,-0.05859375
1599,0.23046875,-0.98046875,-0.1015625
1600,0.29296875,-0.94921875,-0.078125
1601,0.34765625,-0.92578125,-0.0703125
1602,0.37109375,-0.9140625,-0.05859375
1603,0.40234375,-0.921875,-0.0546875
1604,0.3671875,-0.921875,-0.02734375
1605,0.390625,-0.8984375,-0.01953125
1606,0.35546875,-0.921875,0.015625
1607,0.32421875,-0.91796875,0.0234375
1608,0.28515625,-0.90234375,0.01171875
1609,0.25,-0.87890625,0.01953125
1610,0.20703125,-0.859375,0.00390625
1611,0.14453125,-0.8203125,-0.00390625
1612,0.09765625,-0.83203125,-0.02734375
1613,0.0546875,-0.8046875,-0.015625
1614,0.0078125,-0.8125,0.0078125
1615,-0.0234375,-0.80859375,0.0078125
1616,-0.0546875,-0.80078125,0.0078125
1617,-0.0625,-0.80078125,0.015625
1618,-0.08203125,-0.828125,0.0078125
1619,-0.08984375,-0.80859375,-0.015625
1620,-0.07421875,-0.83203125,0.0
1621,-0.05859375,-0.828125,0.01171875
1622,-0.0546875,-0.83984375,0.02734375
1623,-0.02734375,-0.83203125,0.04296875
1624,-0.00390625,-0.83984375,0.0234375
1625,0.0,-0.82421875,0.046875
1626,0.00390625,-0.83203125,0.05078125
1627,0.0078125,-0.8203125,0.04296875
1628,0.0546875,-0.80859375,0.0546875
1629,0.0234375,-0.82421875,0.046875
1630,0.015625,-0.8046875,0.03515625
1631,0.00390625,-0.8125,0.0546875
1632,-0.00390625,-0.82421875,0.046875
1633,-0.015625,-0.84375,0.0625
1634,-0.015625,-0.85546875,0.0625
1635,-0.01953125,-0.87109375,0.07421875
1636,-0.046875,-0.87890625,0.09375
1637,-0.05078125,-0.9140625,0.1015625
1638,-0.0703125,-0.90625,0.1015625
1639,-0.07421875,-0.90625,0.109375
1640,-0.0703125,-0.89453125,0.13671875
1641,-0.07421875,-0.87109375,0.10546875
1642,-0.06640625,-0.87890625,0.109375
1643,-0.05859375,-0.859375,0.12109375
1644,-0.03515625,-0.85546875,0.1171875
1645,-0.0234375,-0.82421875,0.109375
1646,-0.0078125,-0.80078125,0.11328125
1647,0.01171875,-0.80078125,0.125
1648,0.03515625,-0.7734375,0.13671875
1649,0.06640625,-0.7734375,0.13671875
1650,0.09765625,-0.75,0.1484375
1651,0.125,-0.75390625,0.16796875
1652,0.1484375,-0.73046875,0.1796875
1653,0.171875,-0.73828125,0.2109375
1654,0.1796875,-0.734375,0.2265625
1655,0.19921875,-0.765625,0.23046875
1656,0.1875,-0.7734375,0.23828125
1657,0.1796875,-0.78125,0.21484375
1658,0.17578125,-0.8203125,0.1953125
1659,0.140625,-0.8515625,0.203125
1660,0.11328125,-0.890625,0.18359375
1661,0.078125,-0.9140625,0.17578125
1662,0.0546875,-0.953125,0.18359375
1663,0.02734375,-0.98828125,0.16796875
1664,-0.02734375,-1.01171875,0.171875
1665,-0.04296875,-1.05078125,0.171875
1666,-0.05859375,-1.078125,0.18359375
1667,-0.05078125,-1.11328125,0.203125
1668,-0.05859375,-1.13671875,0.234375
1669,-0.07421875,-1.1328125,0.26953125
1670,-0.0703125,-1.16796875,0.28515625
1671,-0.0703125,-1.17578125,0.296875
1672,-0.05859375,-1.18359375,0.296875
1673,-0.0390625,-1.203125,0.30078125
1674,-0.015625,-1.19921875,0.28515625
1675,-0.00390625,-1.2265625,0.25
1676,0.0078125,-1.25390625,0.2265625
1677,0.0,-1.27734375,0.1796875
1678,-0.01171875,-1.3203125,0.12109375
1679,-0.015625,-1.35546875,0.06640625
1680,0.00390625,-1.40625,0.015625
1681,0.00390625,-1.44921875,-0.01171875
1682,0.0,-1.51953125,-0.02734375
1683,-0.01171875,-1.5390625,-0.01171875
1684,-0.0390625,-1.5625,-0.0234375
1685,0.02734375,-1.546875,-0.015625
1686,0.1015625,-1.50390625,-0.03515625
1687,0.12890625,-1.453125,-0.04296875
1688,0.1484375,-1.39453125,-0.05078125
1689,0.14453125,-1.30078125,-0.0703125
1690,0.15625,-1.17578125,-0.07421875
1691,0.16015625,-1.06640625,-0.109375
1692,0.16796875,-0.9453125,-0.140625
1693,0.171875,-0.83203125,-0.18359375
1694,0.16796875,-0.71875,-0.21875
1695,0.17578125,-0.63671875,-0.26171875
1696,0.16796875,-0.578125,-0.30859375
1697,0.171875,-0.5234375,-0.3359375
1698,0.1796875,-0.50390625,-0.33984375
1699,0.1875,-0.52734375,-0.3125
1700,0.18359375,-0.625,-0.2734375
1701,0.15625,-0.6953125,-0.21875
1702,0.15234375,-0.80078125,-0.1953125
1703,0.125,-0.9140625,-0.1328125
1704,0.11328125,-1.0078125,-0.08203125
1705,0.09765625,-1.12109375,-0.04296875
1706,0.07421875,-1.20703125,-0.015625
1707,0.04296875,-1.26171875,-0.00390625
1708,0.0078125,-1.296875,0.03125
1709,-0.01953125,-1.3203125,0.0078125
1710,-0.0625,-1.3046875,0.0234375
1711,-0.10546875,-1.26171875,0.01171875
1712,-0.11328125,-1.2265625,0.015625
1713,-0.13671875,-1.171875,-0.01171875
1714,-0.16015625,-1.125,-0.0234375
1715,-0.18359375,-1.0546875,-0.0234375
1716,-0.18359375,-1.0078125,-0.03125
1717,-0.21484375,-0.94921875,-0.03125
1718,-0.203125,-0.89453125,-0.0234375
1719,-0.1875,-0.8515625,-0.0390625
1720,-0.1640625,-0.8515625,-0.04296875
1721,-0.12890625,-0.82421875,-0.03125
1722,-0.09765625,-0.8046875,-0.046875
1723,-0.078125,-0.80078125,-0.0546875
1724,-0.05078125,-0.77734375,-0.03515625
1725,-0.01171875,-0.78125,-0.02734375
1726,0.01171875,-0.8125,-0.00390625
1727,0.03515625,-0.81640625,0.0078125
1728,0.0625,-0.84375,0.01953125
1729,0.07421875,-0.83203125,0.05859375
1730,0.07421875,-0.83203125,0.04296875
1731,0.05859375,-0.86328125,0.0546875
1732,0.07421875,-0.8515625,0.08203125
1733,0.08203125,-0.85546875,0.09375
1734,0.07421875,-0.83984375,0.1171875
1735,0.0625,-0.8515625,0.12109375
1736,0.06640625,-0.85546875,0.125
1737,0.05078125,-0.83984375,0.13671875
1738,0.04296875,-0.83984375,0.12109375
1739,0.0546875,-0.81640625,0.140625
1740,0.046875,-0.80859375,0.12109375
1741,0.0390625,-0.796875,0.1171875
1742,0.04296875,-0.796875,0.09375
1743,0.01171875,-0.76953125,0.09765625
1744,0.04296875,-0.74609375,0.09375
1745,0.06640625,-0.734375,0.08984375
1746,0.0703125,-0.73828125,0.07421875
1747,0.0859375,-0.74609375,0.08203125
1748,0.12109375,-0.75,0.1015625
1749,0.140625,-0.7578125,0.125
1750,0.1640625,-0.7578125,0.125
1751,0.171875,-0.77734375,0.125
1752,0.17578125,-0.78125,0.1328125
1753,0.18359375,-0.78515625,0.12890625
1754,0.22265625,-0.77734375,0.10546875
1755,0.1875,-0.79296875,0.13671875
1756,0.19140625,-0.796875,0.15234375
1757,0.171875,-0.7890625,0.1640625
1758,0.1640625,-0.796875,0.1640625
1759,0.15625,-0.796875,0.19140625
1760,0.1484375,-0.78125,0.1953125
1761,0.1328125,-0.7734375,0.20703125
1762,0.1015625,-0.7578125,0.2109375
1763,0.1015625,-0.75390625,0.20703125
1764,0.0625,-0.73046875,0.203125
1765,0.03515625,-0.71484375,0.19921875
1766,0.02734375,-0.71484375,0.21875
1767,-0.0078125,-0.70703125,0.21484375
1768,0.015625,-0.7265625,0.21875
1769,-0.01171875,-0.7421875,0.2109375
1770,-0.00390625,-0.77734375,0.21484375
1771,0.0,-0.80859375,0.1953125
1772,0.046875,-0.86328125,0.1796875
1773,0.08984375,-0.890625,0.17578125
1774,0.11328125,-0.9140625,0.18359375
1775,0.15625,-0.96484375,0.1953125
1776,0.15625,-1.00390625,0.19140625
1777,0.18359375,-1.02734375,0.1953125
1778,0.18359375,-1.05078125,0.17578125
1779,0.19921875,-1.0703125,0.16015625
1780,0.23046875,-1.10546875,0.140625
1781,0.23828125,-1.125,0.17578125
1782,0.26171875,-1.14453125,0.16796875
1783,0.2734375,-1.14453125,0.21875
1784,0.265625,-1.15234375,0.2421875
1785,0.26171875,-1.16015625,0.2890625
1786,0.23046875,-1.1484375,0.3203125
1787,0.23046875,-1.14453125,0.39453125
1788,0.18359375,-1.12890625,0.40625
1789,0.1640625,-1.109375,0.4296875
1790,0.11328125,-1.06640625,0.43359375
1791,0.07421875,-1.0390625,0.42578125
1792,0.03125,-1.01171875,0.40234375
1793,-0.02734375,-1.0390625,0.3828125
1794,-0.078125,-1.06640625,0.3125
1795,-0.1171875,-1.11328125,0.27734375
1796,-0.140625,-1.171875,0.1953125
1797,-0.1640625,-1.21875,0.13671875
1798,-0.14453125,-1.2890625,0.11328125
1799,-0.1015625,-1.33203125,0.1484375
1800,-0.046875,-1.37109375,0.15234375
1801,0.0078125,-1.39453125,0.1328125
1802,0.0625,-1.41015625,0.1015625
1803,0.09765625,-1.42578125,0.03515625
1804,0.1328125,-1.390625,-0.04296875
1805,0.15625,-1.3515625,-0.09375
1806,0.1796875,-1.3046875,-0.13671875
1807,0.19140625,-1.26171875,-0.1484375
1808,0.1875,-1.2421875,-0.1640625
1809,0.19921875,-1.17578125,-0.171875
1810,0.1953125,-1.125,-0.16015625
1811,0.1796875,-1.046875,-0.1640625
1812,0.16796875,-0.98828125,-0.16796875
1813,0.11328125,-0.91796875,-0.1875
1814,0.06640625,-0.84765625,-0.203125
1815,0.03515625,-0.8046875,-0.2265625
1816,0.01953125,-0.765625,-0.23046875
1817,-0.01171875,-0.74609375,-0.2734375
1818,-0.05078125,-0.76953125,-0.26953125
1819,-0.06640625,-0.7890625,-0.2734375
1820,-0.078125,-0.85546875,-0.203125
1821,-0.07421875,-0.90234375,-0.20703125
1822,-0.078125,-0.95703125,-0.171875
1823,-0.0859375,-0.9921875,-0.15234375
1824,-0.0859375,-1.0078125,-0.109375
1825,-0.07421875,-1.01953125,-0.0859375
1826,-0.0703125,-1.03515625,-0.08203125
1827,-0.0234375,-1.05859375,-0.0703125
1828,0.01953125,-1.06640625,-0.0625
1829,0.078125,-1.06640625,-0.0703125
1830,0.171875,-1.08203125,-0.0625
1831,0.18359375,-1.046875,-0.04296875
1832,0.234375,-1.01953125,-0.046875
1833,0.2890625,-0.99609375,-0.04296875
1834,0.32421875,-0.9609375,-0.0390625
1835,0.359375,-0.93359375,-0.04296875
1836,0.38671875,-0.9296875,-0.0390625
1837,0.40234375,-0.93359375,-0.02734375
1838,0.40234375,-0.890625,-0.01171875
1839,0.390625,-0.875,0.0078125
1840,0.36328125,-0.85546875,0.03125
1841,0.32421875,-0.84375,0.00390625
1842,0.2890625,-0.8203125,0.01171875
1843,0.234375,-0.80859375,-0.00390625
1844,0.18359375,-0.7890625,-0.01171875
1845,0.15625,-0.7734375,-0.01953125
1846,0.1015625,-0.7578125,-0.0078125
1847,0.046875,-0.73046875,0.0078125
1848,0.015625,-0.734375,0.01953125
1849,-0.0078125,-0.73828125,0.0390625
1850,-0.0625,-0.7421875,0.046875
1851,-0.078125,-0.76953125,0.046875
1852,-0.078125,-0.79296875,0.0546875
1853,-0.0703125,-0.81640625,0.05859375
1854,-0.078125,-0.8359375,0.046875
1855,-0.0546875,-0.84765625,0.03125
1856,-0.0390625,-0.859375,0.03515625
1857,-0.03125,-0.86328125,0.02734375
1858,0.0,-0.85546875,0.04296875
1859,0.01171875,-0.85546875,0.03515625
1860,0.03515625,-0.84765625,0.0390625
1861,0.0625,-0.84765625,0.0390625
1862,0.08203125,-0.859375,0.03515625
1863,0.08984375,-0.85546875,0.0546875
1864,0.10546875,-0.8515625,0.0703125
1865,0.10546875,-0.84375,0.0703125
1866,0.1015625,-0.828125,0.08203125
1867,0.0859375,-0.828125,0.0859375
1868,0.08203125,-0.84375,0.09765625
1869,0.0546875,-0.859375,0.109375
1870,0.03515625,-0.85546875,0.09375
1871,0.015625,-0.85546875,0.125
1872,-0.00390625,-0.8671875,0.12890625
1873,-0.015625,-0.84765625,0.15234375
1874,-0.0234375,-0.82421875,0.125
1875,-0.03125,-0.828125,0.1328125
1876,-0.0234375,-0.8125,0.140625
1877,-0.02734375,-0.7890625,0.11328125
1878,-0.015625,-0.7734375,0.10546875
1879,-0.0234375,-0.75390625,0.125
1880,-0.015625,-0.73828125,0.11328125
1881,0.0078125,-0.73046875,0.109375
1882,0.04296875,-0.72265625,0.12109375
1883,0.0703125,-0.734375,0.1328125
1884,0.109375,-0.75,0.16796875
1885,0.109375,-0.76953125,0.13671875
1886,0.1328125,-0.80078125,0.16796875
1887,0.15625,-0.83203125,0.171875
1888,0.16015625,-0.8671875,0.171875
1889,0.140625,-0.8984375,0.19140625
1890,0.12890625,-0.94140625,0.19921875
1891,0.1015625,-0.97265625,0.19140625
1892,0.07421875,-1.01171875,0.203125
1893,0.05078125,-1.0390625,0.19140625
1894,0.00390625,-1.07421875,0.19140625
1895,-0.03125,-1.09375,0.140625
1896,-0.05859375,-1.1171875,0.1796875
1897,-0.08203125,-1.1328125,0.19140625
1898,-0.140625,-1.15625,0.21484375
1899,-0.1796875,-1.1875,0.23828125
1900,-0.2109375,-1.19921875,0.25390625
1901,-0.23828125,-1.22265625,0.2734375
1902,-0.23046875,-1.2421875,0.28515625
1903,-0.2265625,-1.2578125,0.2734375
1904,-0.19140625,-1.26171875,0.26953125
1905,-0.15625,-1.2734375,0.22265625
1906,-0.14453125,-1.29296875,0.1875
1907,-0.10546875,-1.3203125,0.16796875
1908,-0.08984375,-1.3359375,0.1015625
1909,-0.078125,-1.375,0.08203125
1910,-0.078125,-1.3984375,0.0546875
1911,-0.0390625,-1.42578125,0.046875
1912,0.0,-1.4609375,0.0234375
1913,0.0234375,-1.48046875,0.02734375
1914,0.04296875,-1.46875,0.0390625
1915,0.09375,-1.4609375,0.03515625
1916,0.16796875,-1.421875,0.0078125
1917,0.2109375,-1.37890625,0.00390625
1918,0.25,-1.35546875,-0.01171875
1919,0.23828125,-1.28515625,-0.02734375
1920,0.26171875,-1.234375,-0.0234375
1921,0.28125,-1.171875,-0.04296875
1922,0.29296875,-1.0859375,-0.06640625
1923,0.28125,-0.98828125,-0.1171875
1924,0.2734375,-0.91796875,-0.16796875
1925,0.22265625,-0.796875,-0.19921875
1926,0.2109375,-0.70703125,-0.2421875
1927,0.1875,-0.6171875,-0.2734375
1928,0.19140625,-0.5703125,-0.30078125
1929,0.17578125,-0.55859375,-0.30859375
1930,0.16796875,-0.5703125,-0.26171875
1931,0.13671875,-0.6328125,-0.2578125
1932,0.1328125,-0.7265625,-0.19921875
1933,0.08984375,-0.828125,-0.15234375
1934,0.08203125,-0.92578125,-0.0859375
1935,0.0546875,-0.99609375,-0.01953125
1936,0.01953125,-1.06640625,0.01171875
1937,0.0078125,-1.15234375,0.03515625
1938,-0.0078125,-1.19921875,0.0234375
1939,-0.015625,-1.23046875,-0.02734375
1940,-0.03515625,-1.23828125,-0.0390625
1941,-0.03125,-1.234375,-0.0703125
1942,-0.046875,-1.19921875,-0.078125
1943,-0.0625,-1.1484375,-0.08203125
1944,-0.0546875,-1.09375,-0.08203125
1945,-0.04296875,-1.0234375,-0.0546875
1946,-0.04296875,-0.953125,-0.04296875
1947,-0.0390625,-0.91015625,-0.0546875
1948,-0.01953125,-0.8515625,-0.0078125
1949,-0.01171875,-0.8359375,-0.02734375
1950,-0.015625,-0.8203125,-0.03515625
1951,-0.01171875,-0.80859375,-0.01953125
1952,0.0078125,-0.79296875,-0.015625
1953,0.0078125,-0.78515625,-0.0078125
1954,0.0078125,-0.8125,-0.015625
1955,0.03125,-0.8125,0.00390625
1956,0.0234375,-0.84375,0.0
1957,0.05078125,-0.84375,0.01953125
1958,0.046875,-0.85546875,0.0390625
1959,0.0625,-0.859375,0.04296875
1960,0.06640625,-0.8671875,0.03125
1961,0.08203125,-0.875,0.05078125
1962,0.06640625,-0.859375,0.0703125
1963,0.06640625,-0.84375,0.05859375
1964,0.0546875,-0.859375,0.078125
1965,0.04296875,-0.83984375,0.07421875
1966,0.02734375,-0.828125,0.0703125
1967,0.01953125,-0.83203125,0.05859375
1968,0.00390625,-0.81640625,0.0625
1969,-0.0078125,-0.8046875,0.06640625
1970,-0.01171875,-0.8125,0.0703125
1971,-0.03125,-0.7890625,0.06640625
1972,-0.04296875,-0.765625,0.06640625
1973,-0.02734375,-0.75390625,0.06640625
1974,-0.015625,-0.75,0.046875
1975,0.00390625,-0.7578125,0.05078125
1976,0.0078125,-0.75390625,0.0390625
1977,0.03125,-0.78125,0.05859375
1978,0.0625,-0.78125,0.0625
1979,0.1015625,-0.78515625,0.0625
1980,0.125,-0.7578125,0.0859375
1981,0.14453125,-0.796875,0.08203125
1982,0.1640625,-0.80859375,0.078125
1983,0.17578125,-0.8125,0.08203125
1984,0.18359375,-0.82421875,0.07421875
1985,0.18359375,-0.8203125,0.09375
1986,0.1796875,-0.8203125,0.09375
1987,0.1953125,-0.81640625,0.1171875
1988,0.1875,-0.80859375,0.109375
1989,0.1875,-0.8125,0.11328125
1990,0.1640625,-0.7890625,0.12109375
1991,0.15625,-0.796875,0.140625
1992,0.13671875,-0.8125,0.13671875
1993,0.1171875,-0.79296875,0.16015625
1994,0.0859375,-0.79296875,0.171875
1995,0.078125,-0.796875,0.16796875
1996,0.0546875,-0.80078125,0.16015625
1997,0.0390625,-0.828125,0.15625
1998,0.03515625,-0.8359375,0.14453125
1999,0.015625,-0.83984375,0.1484375
2000,0.02734375,-0.87109375,0.13671875
2001,0.0625,-0.89453125,0.171875
2002,0.0625,-0.92578125,0.15625
2003,0.1015625,-0.9453125,0.1796875
2004,0.1171875,-0.98046875,0.1875
2005,0.12890625,-1.015625,0.1796875
2006,0.1328125,-1.05078125,0.21484375
2007,0.140625,-1.08984375,0.234375
2008,0.13671875,-1.125,0.2734375
2009,0.140625,-1.1484375,0.28515625
2010,0.16015625,-1.171875,0.3046875
2011,0.19140625,-1.17578125,0.296875
2012,0.21875,-1.1953125,0.3359375
2013,0.24609375,-1.1953125,0.3515625
2014,0.2734375,-1.19921875,0.328125
2015,0.28515625,-1.18359375,0.34765625
2016,0.2890625,-1.16796875,0.36328125
2017,0.296875,-1.13671875,0.3671875
2018,0.28125,-1.08984375,0.3828125
2019,0.26953125,-1.0625,0.390625
2020,0.2421875,-1.0546875,0.40234375
2021,0.1953125,-1.015625,0.40234375
2022,0.109375,-0.99609375,0.3984375
2023,0.0390625,-1.0,0.359375
2024,-0.0390625,-1.0546875,0.3046875
2025,-0.07421875,-1.109375,0.234375
2026,-0.11328125,-1.16796875,0.12890625
2027,-0.1328125,-1.203125,0.0703125
2028,-0.1171875,-1.23046875,0.0546875
2029,-0.0859375,-1.26953125,0.0390625
2030,-0.03515625,-1.296875,0.015625
2031,0.0390625,-1.33203125,0.0
2032,0.09765625,-1.34765625,-0.0546875
2033,0.12890625,-1.359375,-0.10546875
2034,0.16015625,-1.34765625,-0.1328125
2035,0.171875,-1.30859375,-0.1640625
2036,0.17578125,-1.26171875,-0.16796875
2037,0.1875,-1.21484375,-0.16796875
2038,0.17578125,-1.1796875,-0.15234375
2039,0.15625,-1.12109375,-0.15625
2040,0.140625,-1.0546875,-0.171875
2041,0.12109375,-0.9921875,-0.171875
2042,0.125,-0.95703125,-0.16796875
2043,0.1015625,-0.84765625,-0.1640625
2044,0.04296875,-0.74609375,-0.1875
2045,-0.015625,-0.69921875,-0.21875
2046,-0.078125,-0.64453125,-0.24609375
2047,-0.1171875,-0.66015625,-0.25390625
2048,-0.1484375,-0.67578125,-0.24609375
2049,-0.15234375,-0.734375,-0.234375
2050,-0.1640625,-0.796875,-0.2109375
2051,-0.15625,-0.8671875,-0.17578125
2052,-0.1640625,-0.9140625,-0.15234375
2053,-0.1484375,-0.9453125,-0.12109375
2054,-0.1484375,-0.98828125,-0.109375
2055,-0.15234375,-1.0234375,-0.09375
2056,-0.12109375,-1.0625,-0.078125
2057,-0.08203125,-1.09375,-0.05078125
2058,-0.07421875,-1.12109375,-0.06640625
2059,-0.03515625,-1.11328125,-0.05859375
2060,0.046875,-1.109375,-0.06640625
2061,0.08203125,-1.078125,-0.0390625
2062,0.15234375,-1.0703125,-0.01953125
2063,0.20703125,-1.046875,0.00390625
2064,0.22265625,-1.01171875,0.03515625
2065,0.28515625,-1.01171875,0.03515625
2066,0.3046875,-0.98046875,0.046875
2067,0.30859375,-0.98046875,0.0078125
2068,0.31640625,-0.96484375,0.0078125
2069,0.3125,-0.953125,0.03125
2070,0.2890625,-0.92578125,0.0390625
2071,0.2578125,-0.90234375,0.0390625
2072,0.23046875,-0.8828125,0.05859375
2073,0.1796875,-0.85546875,0.06640625
2074,0.15625,-0.8359375,0.08984375
2075,0.12890625,-0.8125,0.09375
2076,0.08984375,-0.80859375,0.10546875
2077,0.046875,-0.8203125,0.07421875
2078,0.02734375,-0.84375,0.0859375
2079,-0.00390625,-0.8515625,0.09765625
2080,-0.03515625,-0.859375,0.1015625
2081,-0.02734375,-0.8671875,0.10546875
2082,-0.04296875,-0.88671875,0.11328125
2083,-0.0390625,-0.90234375,0.10546875
2084,-0.04296875,-0.8984375,0.1171875
2085,-0.03515625,-0.91015625,0.109375
2086,-0.02734375,-0.89453125,0.09765625
2087,-0.015625,-0.87890625,0.109375
2088,0.0,-0.8515625,0.10546875
2089,0.03125,-0.83984375,0.09375
2090,0.0625,-0.83984375,0.109375
2091,0.0625,-0.82421875,0.06640625
2092,0.06640625,-0.8125,0.06640625
2093,0.08203125,-0.8203125,0.0625
2094,0.0703125,-0.8203125,0.0625
2095,0.05078125,-0.79296875,0.07421875
2096,0.046875,-0.80078125,0.08984375
2097,0.03125,-0.80859375,0.09765625
2098,0.015625,-0.82421875,0.09375
2099,0.00390625,-0.828125,0.1171875
2100,-0.015625,-0.83203125,0.08984375
2101,-0.03125,-0.82421875,0.1171875
2102,-0.046875,-0.828125,0.13671875
2103,-0.04296875,-0.82421875,0.1328125
2104,-0.04296875,-0.81640625,0.15234375
2105,-0.0390625,-0.81640625,0.140625
2106,-0.0234375,-0.80859375,0.15234375
2107,-0.015625,-0.80859375,0.15625
2108,-0.00390625,-0.8046875,0.16015625
2109,0.03515625,-0.796875,0.17578125
2110,0.05859375,-0.80078125,0.1875
2111,0.0703125,-0.765625,0.19921875
2112,0.09765625,-0.7734375,0.1953125
2113,0.11328125,-0.7578125,0.18359375
2114,0.13671875,-0.74609375,0.19921875
2115,0.16015625,-0.74609375,0.1875
2116,0.16796875,-0.765625,0.18359375
2117,0.171875,-0.765625,0.1875
2118,0.1640625,-0.79296875,0.19921875
2119,0.16015625,-0.796875,0.19921875
2120,0.140625,-0.8125,0.203125
2121,0.12109375,-0.85546875,0.1953125
2122,0.08203125,-0.86328125,0.19140625
2123,0.03515625,-0.89453125,0.171875
2124,0.01171875,-0.92578125,0.16796875
2125,-0.015625,-0.953125,0.1640625
2126,-0.03515625,-0.98828125,0.15234375
2127,-0.0625,-1.0078125,0.1640625
2128,-0.09765625,-1.0390625,0.1796875
2129,-0.11328125,-1.09765625,0.2265625
2130,-0.15625,-1.109375,0.25390625
2131,-0.16015625,-1.140625,0.2578125
2132,-0.1796875,-1.16796875,0.2734375
2133,-0.17578125,-1.17578125,0.29296875
2134,-0.18359375,-1.1484375,0.296875
2135,-0.18359375,-1.140625,0.2890625
2136,-0.171875,-1.11328125,0.28125
2137,-0.1484375,-1.08984375,0.30078125
2138,-0.11328125,-1.0625,0.3046875
2139,-0.07421875,-1.03125,0.296875
2140,-0.05078125,-1.00390625,0.3203125
2141,-0.02734375,-0.98046875,0.3359375
2142,0.0,-1.0,0.33984375
2143,0.04296875,-1.0234375,0.3359375
2144,0.0859375,-1.07421875,0.3203125
2145,0.0859375,-1.13671875,0.25390625
2146,0.08203125,-1.203125,0.1796875
2147,0.08203125,-1.2734375,0.10546875
2148,0.078125,-1.31640625,0.05859375
2149,0.0703125,-1.359375,0.0546875
2150,0.03515625,-1.39453125,0.04296875
2151,0.01171875,-1.41796875,0.03515625
2152,0.02734375,-1.42578125,-0.00390625
2153,0.03515625,-1.39453125,-0.03125
2154,0.046875,-1.39453125,-0.0703125
2155,0.01953125,-1.328125,-0.125
2156,0.00390625,-1.29296875,-0.1015625
2157,-0.03125,-1.21484375,-0.08984375
2158,-0.05078125,-1.16796875,-0.1015625
2159,-0.08984375,-1.08203125,-0.08984375
2160,-0.109375,-1.0078125,-0.08203125
2161,-0.08984375,-0.953125,-0.0859375
2162,-0.08203125,-0.86328125,-0.11328125
2163,-0.0859375,-0.7578125,-0.15234375
2164,-0.09375,-0.63671875,-0.171875
2165,-0.05078125,-0.59375,-0.19140625
2166,-0.03125,-0.5,-0.203125
2167,-0.015625,-0.4765625,-0.20703125
2168,-0.01953125,-0.484375,-0.20703125
2169,0.0,-0.52734375,-0.1875
2170,-0.01171875,-0.6171875,-0.16015625
2171,0.01171875,-0.71484375,-0.12109375
2172,-0.00390625,-0.80859375,-0.12109375
2173,0.0,-0.8984375,-0.08984375
2174,0.03515625,-0.984375,-0.09375
2175,0.046875,-1.078125,-0.08203125
2176,0.03515625,-1.140625,-0.09375
2177,0.03515625,-1.19921875,-0.07421875
2178,0.03125,-1.21875,-0.06640625
2179,0.01171875,-1.21875,-0.046875
2180,0.00390625,-1.22265625,-0.03125
2181,-0.0234375,-1.2109375,-0.0078125
2182,-0.06640625,-1.2109375,-0.01171875
2183,-0.07421875,-1.18359375,0.0234375
2184,-0.08203125,-1.14453125,0.01953125
2185,-0.11328125,-1.11328125,0.01953125
2186,-0.1328125,-1.0703125,0.015625
2187,-0.13671875,-1.046875,0.00390625
2188,-0.11328125,-1.0,0.0390625
2189,-0.1171875,-0.984375,0.04296875
2190,-0.09765625,-0.96484375,0.046875
2191,-0.078125,-0.9375,0.046875
2192,-0.07421875,-0.90625,0.0703125
2193,-0.046875,-0.88671875,0.0703125
2194,-0.0234375,-0.87109375,0.08203125
2195,0.0,-0.84765625,0.078125
2196,0.015625,-0.828125,0.078125
2197,0.02734375,-0.8046875,0.109375
2198,0.07421875,-0.82421875,0.08984375
2199,0.06640625,-0.8203125,0.1015625
2200,0.07421875,-0.828125,0.1015625
2201,0.09375,-0.84765625,0.09375
2202,0.09765625,-0.84765625,0.0703125
2203,0.08203125,-0.859375,0.07421875
2204,0.07421875,-0.87890625,0.0859375
2205,0.05859375,-0.890625,0.08203125
2206,0.05859375,-0.921875,0.078125
2207,0.04296875,-0.9140625,0.1015625
2208,0.0,-0.921875,0.08203125
2209,-0.00390625,-0.91015625,0.078125
2210,-0.01171875,-0.8984375,0.078125
2211,-0.03515625,-0.87890625,0.06640625
2212,-0.0234375,-0.87890625,0.0703125
2213,-0.03125,-0.83984375,0.07421875
2214,-0.015625,-0.83203125,0.078125
2215,0.0,-0.8125,0.09375
2216,0.02734375,-0.80859375,0.09375
2217,0.06640625,-0.80078125,0.12890625
2218,0.08203125,-0.796875,0.140625
2219,0.09765625,-0.8046875,0.11328125
2220,0.125,-0.82421875,0.1171875
2221,0.1328125,-0.8125,0.12890625
2222,0.140625,-0.828125,0.13671875
2223,0.125,-0.8359375,0.13671875
2224,0.12109375,-0.8203125,0.16796875
2225,0.10546875,-0.8359375,0.18359375
2226,0.10546875,-0.82421875,0.17578125
2227,0.0546875,-0.796875,0.16796875
2228,0.04296875,-0.78125,0.17578125
2229,0.015625,-0.78125,0.171875
2230,-0.0234375,-0.76953125,0.18359375
2231,-0.01171875,-0.75390625,0.18359375
2232,-0.0390625,-0.75,0.1953125
2233,-0.05078125,-0.7421875,0.1953125
2234,-0.07421875,-0.75390625,0.1875
2235,-0.078125,-0.7578125,0.20703125
2236,-0.09375,-0.7734375,0.23046875
2237,-0.11328125,-0.80078125,0.234375
2238,-0.12890625,-0.84765625,0.21484375
2239,-0.109375,-0.90234375,0.2109375
2240,-0.07421875,-0.953125,0.21484375
2241,-0.05078125,-0.95703125,0.22265625
2242,-0.01953125,-0.984375,0.23828125
2243,0.0078125,-0.98046875,0.25
2244,0.01953125,-0.99609375,0.25390625
2245,0.0234375,-1.01171875,0.25390625
2246,0.02734375,-1.015625,0.25
2247,0.046875,-0.99609375,0.21875
2248,0.0625,-1.0234375,0.203125
2249,0.06640625,-0.984375,0.19921875
2250,0.05078125,-1.00390625,0.20703125
2251,0.09375,-1.0,0.2421875
2252,0.09375,-1.03125,0.25
2253,0.12890625,-1.046875,0.26953125
2254,0.1640625,-1.07421875,0.296875
2255,0.17578125,-1.08984375,0.32421875
2256,0.19140625,-1.0859375,0.34765625
2257,0.203125,-1.0859375,0.36328125
2258,0.19921875,-1.078125,0.359375
2259,0.1796875,-1.0390625,0.33984375
2260,0.1640625,-1.03515625,0.33984375
2261,0.1328125,-1.0390625,0.30859375
2262,0.0703125,-1.07421875,0.3046875
2263,0.01953125,-1.12890625,0.25
2264,-0.015625,-1.203125,0.22265625
2265,-0.0546875,-1.265625,0.1953125
2266,-0.08984375,-1.30078125,0.19140625
2267,-0.09765625,-1.34375,0.2109375
2268,-0.07421875,-1.36328125,0.23828125
2269,-0.01953125,-1.38671875,0.23046875
2270,0.0,-1.3828125,0.19921875
2271,0.02734375,-1.3671875,0.1484375
2272,0.06640625,-1.32421875,0.11328125
2273,0.046875,-1.28125,0.02734375
2274,0.0390625,-1.2265625,-0.00390625
2275,0.0234375,-1.19140625,-0.0390625
2276,0.0234375,-1.171875,-0.0859375
2277,0.015625,-1.140625,-0.109375
2278,0.00390625,-1.109375,-0.13671875
2279,-0.01953125,-1.078125,-0.12890625
2280,-0.0390625,-1.0546875,-0.125
2281,-0.0546875,-1.015625,-0.1328125
2282,-0.0546875,-0.96875,-0.1328125
2283,-0.0625,-0.9296875,-0.1640625
2284,-0.0625,-0.8828125,-0.1640625
2285,-0.05078125,-0.828125,-0.171875
2286,-0.0390625,-0.79296875,-0.171875
2287,-0.03125,-0.734375,-0.1796875
2288,-0.01171875,-0.6953125,-0.17578125
2289,-0.015625,-0.671875,-0.1953125
2290,-0.0078125,-0.6796875,-0.1953125
2291,-0.03515625,-0.703125,-0.19140625
2292,-0.0234375,-0.76171875,-0.18359375
2293,-0.02734375,-0.8046875,-0.16796875
2294,-0.01953125,-0.84375,-0.14453125
2295,0.01171875,-0.859375,-0.125
2296,0.03515625,-0.875,-0.1171875
2297,0.046875,-0.90625,-0.10546875
2298,0.06640625,-0.92578125,-0.09765625
2299,0.08984375,-0.953125,-0.078125
2300,0.13671875,-0.953125,-0.0546875
2301,0.14453125,-0.95703125,-0.05078125
2302,0.18359375,-0.96484375,-0.01171875
2303,0.19921875,-0.9765625,-0.01171875
2304,0.21484375,-1.0,-0.015625
2305,0.1953125,-1.0,-0.015625
2306,0.19921875,-1.0,0.00390625
2307,0.17578125,-1.0,0.01953125
2308,0.16796875,-1.0,0.015625
2309,0.140625,-1.0078125,0.0390625
2310,0.109375,-0.99609375,0.05078125
2311,0.09375,-0.99609375,0.0546875
2312,0.07421875,-0.98828125,0.0703125
2313,0.046875,-0.984375,0.0703125
2314,0.015625,-0.9609375,0.0703125
2315,-0.01171875,-0.953125,0.08984375
2316,-0.04296875,-0.9375,0.05859375
2317,-0.05859375,-0.9296875,0.0859375
2318,-0.078125,-0.92578125,0.08203125
2319,-0.0625,-0.92578125,0.08203125
2320,-0.07421875,-0.9140625,0.09375
2321,-0.09765625,-0.88671875,0.08984375
2322,-0.078125,-0.8828125,0.07421875
2323,-0.08203125,-0.87890625,0.078125
2324,-0.0625,-0.88671875,0.0546875
2325,-0.0625,-0.87890625,0.08203125
2326,-0.05859375,-0.875,0.05078125
2327,-0.04296875,-0.90625,0.0390625
2328,-0.0234375,-0.87890625,0.046875
2329,0.0,-0.87109375,0.0390625
2330,0.0,-0.83984375,0.03515625
2331,0.0,-0.84765625,0.046875
2332,-0.01953125,-0.8515625,0.0546875
2333,-0.015625,-0.8515625,0.06640625
2334,-0.0234375,-0.8671875,0.09765625
2335,-0.015625,-0.8828125,0.09765625
2336,-0.0390625,-0.890625,0.1171875
2337,-0.0390625,-0.89453125,0.12109375
2338,-0.0703125,-0.890625,0.1328125
2339,-0.0546875,-0.91015625,0.125
2340,-0.0703125,-0.91796875,0.1171875
2341,-0.05859375,-0.89453125,0.11328125
2342,-0.05859375,-0.88671875,0.1015625
2343,-0.05078125,-0.88671875,0.109375
2344,-0.046875,-0.87109375,0.10546875
2345,-0.02734375,-0.84765625,0.12109375
2346,-0.01953125,-0.8671875,0.125
2347,-0.02734375,-0.84765625,0.11328125
2348,-0.0078125,-0.8359375,0.1484375
2349,0.00390625,-0.80859375,0.1640625
2350,0.0078125,-0.8046875,0.15625
2351,0.0390625,-0.81640625,0.15625
2352,0.04296875,-0.81640625,0.1640625
2353,0.0625,-0.81640625,0.1953125
2354,0.0546875,-0.78515625,0.19140625
2355,0.06640625,-0.796875,0.203125
2356,0.07421875,-0.78515625,0.203125
2357,0.07421875,-0.80078125,0.20703125
2358,0.1015625,-0.7890625,0.19921875
2359,0.09375,-0.80859375,0.1953125
2360,0.11328125,-0.8203125,0.21484375
2361,0.1015625,-0.8359375,0.20703125
2362,0.08203125,-0.8203125,0.1953125
2363,0.07421875,-0.84765625,0.19140625
2364,0.046875,-0.8671875,0.1953125
2365,0.0234375,-0.890625,0.19140625
2366,-0.02734375,-0.91015625,0.19921875
2367,-0.04296875,-0.92578125,0.20703125
2368,-0.078125,-0.953125,0.18359375
2369,-0.109375,-0.96875,0.1796875
2370,-0.1171875,-1.0,0.18359375
2371,-0.15234375,-1.0,0.171875
2372,-0.17578125,-1.0234375,0.1796875
2373,-0.171875,-1.046875,0.1796875
2374,-0.171875,-1.0546875,0.19140625
2375,-0.1640625,-1.05859375,0.21875
2376,-0.1328125,-1.08984375,0.234375
2377,-0.08984375,-1.11328125,0.25390625
2378,-0.0703125,-1.12109375,0.29296875
2379,-0.02734375,-1.1171875,0.29296875
2380,-0.00390625,-1.10546875,0.30859375
2381,0.01953125,-1.0625,0.3515625
2382,0.0546875,-1.03515625,0.34765625
2383,0.09375,-1.0078125,0.35546875
2384,0.11328125,-0.98828125,0.36328125
2385,0.1328125,-0.94921875,0.375
2386,0.15234375,-0.9453125,0.3828125
2387,0.16796875,-0.92578125,0.37890625
2388,0.17578125,-0.91796875,0.390625
2389,0.1796875,-0.90625,0.39453125
2390,0.1796875,-0.91796875,0.37890625
2391,0.16796875,-0.953125,0.3515625
2392,0.1640625,-1.0,0.37109375
2393,0.15234375,-1.05078125,0.2734375
2394,0.1484375,-1.09765625,0.2109375
2395,0.125,-1.1328125,0.16015625
2396,0.1015625,-1.1640625,0.1484375
2397,0.0625,-1.17578125,0.17578125
2398,0.02734375,-1.16796875,0.16796875
2399,-0.00390625,-1.18359375,0.16015625
