,accelerometerAccelerationX(G),accelerometerAccelerationY(G),accelerometerAccelerationZ(G)
0,-19.2,-533.3333333333334,-128.0
1,-17.066666666666666,-541.8666666666667,-125.86666666666666
2,-14.933333333333334,-537.6,-115.2
3,-14.933333333333334,-535.4666666666667,-125.86666666666666
4,-21.333333333333332,-539.7333333333333,-123.73333333333333
5,-19.2,-544.0,-151.46666666666667
6,-23.466666666666665,-539.7333333333333,-123.73333333333333
7,-32.0,-531.2,-121.6
8,-27.733333333333334,-529.0666666666666,-119.46666666666667
9,-23.466666666666665,-531.2,-123.73333333333333
10,-34.13333333333333,-529.0666666666666,-125.86666666666666
11,-17.066666666666666,-531.2,-128.0
12,-23.466666666666665,-533.3333333333334,-115.2
13,-25.6,-531.2,-128.0
14,-32.0,-524.8,-113.06666666666666
15,-34.13333333333333,-524.8,-119.46666666666667
16,-36.266666666666666,-531.2,-117.33333333333333
17,-36.266666666666666,-529.0666666666666,-117.33333333333333
18,-36.266666666666666,-529.0666666666666,-119.46666666666667
19,-29.866666666666667,-526.9333333333333,-123.73333333333333
20,-27.733333333333334,-526.9333333333333,-123.73333333333333
21,-29.866666666666667,-529.0666666666666,-130.13333333333333
22,-34.13333333333333,-531.2,-128.0
23,-23.466666666666665,-529.0666666666666,-121.6
24,-25.6,-526.9333333333333,-128.0
25,-27.733333333333334,-535.4666666666667,-125.86666666666666
26,-32.0,-531.2,-117.33333333333333
27,-23.466666666666665,-531.2,-121.6
28,-29.866666666666667,-531.2,-121.6
29,-32.0,-533.3333333333334,-119.46666666666667
30,-25.6,-539.7333333333333,-119.46666666666667
31,-23.466666666666665,-541.8666666666667,-123.73333333333333
32,-27.733333333333334,-537.6,-136.53333333333333
33,-34.13333333333333,-546.1333333333333,-132.26666666666665
34,-29.866666666666667,-541.8666666666667,-140.8
35,-44.8,-537.6,-151.46666666666667
36,-40.53333333333333,-550.4,-136.53333333333333
37,-40.53333333333333,-541.8666666666667,-142.93333333333334
38,-46.93333333333333,-544.0,-140.8
39,-44.8,-535.4666666666667,-134.4
40,-42.666666666666664,-548.2666666666667,-128.0
41,-51.2,-539.7333333333333,-121.6
42,-40.53333333333333,-548.2666666666667,-130.13333333333333
43,-42.666666666666664,-535.4666666666667,-132.26666666666665
44,-40.53333333333333,-541.8666666666667,-123.73333333333333
45,-38.4,-539.7333333333333,-132.26666666666665
46,-46.93333333333333,-535.4666666666667,-130.13333333333333
47,-44.8,-529.0666666666666,-125.86666666666666
48,-38.4,-526.9333333333333,-123.73333333333333
49,-42.666666666666664,-529.0666666666666,-136.53333333333333
50,-38.4,-529.0666666666666,-138.66666666666666
51,-40.53333333333333,-524.8,-132.26666666666665
52,-36.266666666666666,-531.2,-128.0
53,-36.266666666666666,-533.3333333333334,-125.86666666666666
54,-40.53333333333333,-531.2,-128.0
55,-29.866666666666667,-541.8666666666667,-125.86666666666666
56,-40.53333333333333,-537.6,-121.6
57,-38.4,-541.8666666666667,-119.46666666666667
58,-36.266666666666666,-544.0,-132.26666666666665
59,-38.4,-539.7333333333333,-130.13333333333333
60,-32.0,-539.7333333333333,-136.53333333333333
61,-40.53333333333333,-531.2,-134.4
62,-40.53333333333333,-524.8,-136.53333333333333
63,-32.0,-533.3333333333334,-136.53333333333333
64,-40.53333333333333,-522.6666666666666,-138.66666666666666
65,-32.0,-526.9333333333333,-138.66666666666666
66,-34.13333333333333,-526.9333333333333,-136.53333333333333
67,-36.266666666666666,-529.0666666666666,-145.06666666666666
68,-42.666666666666664,-522.6666666666666,-140.8
69,-38.4,-531.2,-140.8
70,-49.06666666666666,-526.9333333333333,-155.73333333333332
71,-51.2,-529.0666666666666,-157.86666666666667
72,-44.8,-526.9333333333333,-160.0
73,-46.93333333333333,-529.0666666666666,-166.4
74,-44.8,-529.0666666666666,-162.13333333333333
75,-49.06666666666666,-518.4,-162.13333333333333
76,-34.13333333333333,-516.2666666666667,-172.8
77,-19.2,-524.8,-170.66666666666666
78,-12.8,-520.5333333333333,-177.06666666666666
79,2.1333333333333333,-516.2666666666667,-189.86666666666667
80,2.1333333333333333,-503.46666666666664,-211.2
81,6.4,-484.26666666666665,-228.26666666666665
82,0.0,-460.8,-245.33333333333334
83,10.666666666666666,-443.73333333333335,-262.4
84,21.333333333333332,-433.06666666666666,-281.6
85,38.4,-407.46666666666664,-292.26666666666665
86,57.6,-396.8,-296.5333333333333
87,74.66666666666667,-386.1333333333333,-288.0
88,89.6,-373.3333333333333,-258.1333333333333
89,106.66666666666667,-369.06666666666666,-211.2
90,121.6,-371.2,-170.66666666666666
91,134.4,-396.8,-128.0
92,153.6,-430.93333333333334,-81.06666666666666
93,136.53333333333333,-475.73333333333335,-42.666666666666664
94,125.86666666666666,-535.4666666666667,-40.53333333333333
95,102.4,-612.2666666666667,-53.333333333333336
96,83.2,-665.6,-96.0
97,55.46666666666667,-723.2,-117.33333333333333
98,19.2,-750.9333333333333,-125.86666666666666
99,-4.266666666666667,-765.8666666666667,-113.06666666666666
100,-4.266666666666667,-770.1333333333333,-121.6
101,-14.933333333333334,-770.1333333333333,-123.73333333333333
102,-17.066666666666666,-744.5333333333333,-157.86666666666667
103,-27.733333333333334,-712.5333333333333,-174.93333333333334
104,-29.866666666666667,-678.4,-172.8
105,-46.93333333333333,-637.8666666666667,-145.06666666666666
106,-70.4,-597.3333333333334,-106.66666666666667
107,-74.66666666666667,-576.0,-74.66666666666667
108,-78.93333333333334,-539.7333333333333,-51.2
109,-61.86666666666667,-524.8,-42.666666666666664
110,-66.13333333333333,-494.93333333333334,-44.8
111,-49.06666666666666,-477.8666666666667,-70.4
112,-46.93333333333333,-460.8,-74.66666666666667
113,-27.733333333333334,-433.06666666666666,-128.0
114,-10.666666666666666,-445.8666666666667,-121.6
115,6.4,-445.8666666666667,-147.2
116,25.6,-452.26666666666665,-160.0
117,38.4,-458.6666666666667,-172.8
118,51.2,-460.8,-172.8
119,61.86666666666667,-480.0,-172.8
120,61.86666666666667,-488.5333333333333,-170.66666666666666
121,68.26666666666667,-509.8666666666667,-153.6
122,59.733333333333334,-526.9333333333333,-160.0
123,57.6,-533.3333333333334,-162.13333333333333
124,40.53333333333333,-546.1333333333333,-153.6
125,34.13333333333333,-558.9333333333333,-164.26666666666665
126,25.6,-565.3333333333334,-177.06666666666666
127,10.666666666666666,-567.4666666666667,-179.2
128,6.4,-573.8666666666667,-185.6
129,0.0,-576.0,-187.73333333333332
130,-8.533333333333333,-565.3333333333334,-187.73333333333332
131,0.0,-578.1333333333333,-177.06666666666666
132,-10.666666666666666,-569.6,-168.53333333333333
133,-6.4,-565.3333333333334,-166.4
134,21.333333333333332,-563.2,-147.2
135,14.933333333333334,-552.5333333333333,-147.2
136,27.733333333333334,-535.4666666666667,-138.66666666666666
137,38.4,-524.8,-136.53333333333333
138,64.0,-514.1333333333333,-132.26666666666665
139,68.26666666666667,-501.3333333333333,-130.13333333333333
140,85.33333333333333,-494.93333333333334,-134.4
141,89.6,-484.26666666666665,-115.2
142,96.0,-490.6666666666667,-115.2
143,100.26666666666667,-490.6666666666667,-110.93333333333334
144,87.46666666666667,-482.1333333333333,-104.53333333333333
145,83.2,-480.0,-117.33333333333333
146,83.2,-486.4,-128.0
147,72.53333333333333,-473.59999999999997,-136.53333333333333
148,70.4,-482.1333333333333,-140.8
149,64.0,-473.59999999999997,-145.06666666666666
150,57.6,-471.46666666666664,-145.06666666666666
151,57.6,-484.26666666666665,-149.33333333333334
152,51.2,-480.0,-157.86666666666667
153,46.93333333333333,-482.1333333333333,-138.66666666666666
154,53.333333333333336,-488.5333333333333,-147.2
155,51.2,-499.2,-153.6
156,59.733333333333334,-501.3333333333333,-153.6
157,55.46666666666667,-509.8666666666667,-140.8
158,57.6,-518.4,-142.93333333333334
159,68.26666666666667,-526.9333333333333,-140.8
160,78.93333333333334,-533.3333333333334,-134.4
161,83.2,-539.7333333333333,-128.0
162,100.26666666666667,-539.7333333333333,-130.13333333333333
163,104.53333333333333,-541.8666666666667,-121.6
164,113.06666666666666,-548.2666666666667,-117.33333333333333
165,121.6,-554.6666666666666,-108.8
166,117.33333333333333,-558.9333333333333,-110.93333333333334
167,117.33333333333333,-565.3333333333334,-104.53333333333333
168,108.8,-563.2,-102.4
169,106.66666666666667,-563.2,-110.93333333333334
170,98.13333333333333,-552.5333333333333,-113.06666666666666
171,96.0,-556.8,-117.33333333333333
172,85.33333333333333,-541.8666666666667,-115.2
173,78.93333333333334,-541.8666666666667,-115.2
174,78.93333333333334,-533.3333333333334,-117.33333333333333
175,76.8,-526.9333333333333,-123.73333333333333
176,74.66666666666667,-512.0,-113.06666666666666
177,70.4,-514.1333333333333,-134.4
178,70.4,-514.1333333333333,-147.2
179,61.86666666666667,-509.8666666666667,-153.6
180,57.6,-514.1333333333333,-172.8
181,49.06666666666666,-514.1333333333333,-174.93333333333334
182,49.06666666666666,-518.4,-196.26666666666665
183,44.8,-505.59999999999997,-226.13333333333333
184,59.733333333333334,-507.73333333333335,-262.4
185,61.86666666666667,-509.8666666666667,-285.8666666666667
186,74.66666666666667,-503.46666666666664,-320.0
187,81.06666666666666,-516.2666666666667,-343.46666666666664
188,106.66666666666667,-526.9333333333333,-379.73333333333335
189,115.2,-546.1333333333333,-403.2
190,136.53333333333333,-580.2666666666667,-403.2
191,168.53333333333333,-633.6,-390.4
192,185.6,-689.0666666666666,-364.8
193,206.93333333333334,-761.6,-322.1333333333333
194,206.93333333333334,-817.0666666666666,-298.6666666666667
195,200.53333333333333,-864.0,-302.93333333333334
196,181.33333333333334,-874.6666666666666,-345.6
197,149.33333333333334,-872.5333333333333,-416.0
198,130.13333333333333,-849.0666666666666,-484.26666666666665
199,110.93333333333334,-806.4,-544.0
200,81.06666666666666,-761.6,-571.7333333333333
201,36.266666666666666,-708.2666666666667,-567.4666666666667
202,10.666666666666666,-669.8666666666667,-533.3333333333334
203,-29.866666666666667,-637.8666666666667,-490.6666666666667
204,-44.8,-610.1333333333333,-462.93333333333334
205,-57.6,-590.9333333333333,-454.4
206,-68.26666666666667,-578.1333333333333,-435.2
207,-76.8,-563.2,-422.4
208,-87.46666666666667,-548.2666666666667,-413.8666666666667
209,-78.93333333333334,-529.0666666666666,-403.2
210,-68.26666666666667,-518.4,-394.6666666666667
211,-64.0,-494.93333333333334,-386.1333333333333
212,-51.2,-471.46666666666664,-371.2
213,-40.53333333333333,-465.06666666666666,-349.8666666666667
214,-29.866666666666667,-469.3333333333333,-332.8
215,-21.333333333333332,-467.2,-322.1333333333333
216,0.0,-475.73333333333335,-324.26666666666665
217,14.933333333333334,-503.46666666666664,-326.4
218,38.4,-514.1333333333333,-334.93333333333334
219,55.46666666666667,-529.0666666666666,-360.5333333333333
220,61.86666666666667,-537.6,-375.46666666666664
221,61.86666666666667,-558.9333333333333,-375.46666666666664
222,66.13333333333333,-554.6666666666666,-381.8666666666667
223,61.86666666666667,-556.8,-366.93333333333334
224,55.46666666666667,-563.2,-354.1333333333333
225,53.333333333333336,-554.6666666666666,-330.6666666666667
226,57.6,-539.7333333333333,-307.2
227,57.6,-531.2,-305.06666666666666
228,51.2,-514.1333333333333,-298.6666666666667
229,55.46666666666667,-488.5333333333333,-288.0
230,49.06666666666666,-458.6666666666667,-290.1333333333333
231,42.666666666666664,-435.2,-283.73333333333335
232,29.866666666666667,-398.93333333333334,-266.6666666666667
233,23.466666666666665,-390.4,-262.4
234,27.733333333333334,-390.4,-249.6
235,17.066666666666666,-388.26666666666665,-249.6
236,0.0,-384.0,-232.53333333333333
237,-12.8,-384.0,-241.06666666666666
238,-27.733333333333334,-390.4,-247.46666666666667
239,-51.2,-386.1333333333333,-247.46666666666667
240,-66.13333333333333,-392.5333333333333,-268.8
241,-74.66666666666667,-401.06666666666666,-258.1333333333333
242,-89.6,-401.06666666666666,-260.26666666666665
243,-68.26666666666667,-416.0,-258.1333333333333
244,-106.66666666666667,-413.8666666666667,-258.1333333333333
245,-115.2,-413.8666666666667,-249.6
246,-121.6,-426.6666666666667,-249.6
247,-130.13333333333333,-420.26666666666665,-253.86666666666667
248,-119.46666666666667,-428.8,-241.06666666666666
249,-117.33333333333333,-420.26666666666665,-236.79999999999998
250,-108.8,-407.46666666666664,-236.79999999999998
251,-102.4,-398.93333333333334,-241.06666666666666
252,-76.8,-392.5333333333333,-236.79999999999998
253,-59.733333333333334,-373.3333333333333,-238.93333333333334
254,-38.4,-366.93333333333334,-241.06666666666666
255,-34.13333333333333,-352.0,-245.33333333333334
256,-12.8,-339.2,-241.06666666666666
257,0.0,-328.5333333333333,-236.79999999999998
258,4.266666666666667,-324.26666666666665,-213.33333333333334
259,6.4,-311.46666666666664,-211.2
260,12.8,-313.6,-206.93333333333334
261,12.8,-300.8,-204.8
262,17.066666666666666,-307.2,-192.0
263,27.733333333333334,-309.3333333333333,-192.0
264,14.933333333333334,-309.3333333333333,-187.73333333333332
265,14.933333333333334,-324.26666666666665,-172.8
266,0.0,-311.46666666666664,-174.93333333333334
267,-17.066666666666666,-324.26666666666665,-179.2
268,-34.13333333333333,-332.8,-177.06666666666666
269,-42.666666666666664,-339.2,-172.8
270,-49.06666666666666,-354.1333333333333,-179.2
271,-55.46666666666667,-362.6666666666667,-177.06666666666666
272,-53.333333333333336,-371.2,-189.86666666666667
273,-55.46666666666667,-373.3333333333333,-181.33333333333334
274,-51.2,-381.8666666666667,-187.73333333333332
275,-59.733333333333334,-396.8,-181.33333333333334
276,-57.6,-401.06666666666666,-187.73333333333332
277,-51.2,-411.73333333333335,-185.6
278,-59.733333333333334,-420.26666666666665,-179.2
279,-59.733333333333334,-424.5333333333333,-177.06666666666666
280,-64.0,-430.93333333333334,-187.73333333333332
281,-68.26666666666667,-433.06666666666666,-185.6
282,-68.26666666666667,-439.46666666666664,-192.0
283,-74.66666666666667,-445.8666666666667,-196.26666666666665
284,-83.2,-443.73333333333335,-196.26666666666665
285,-87.46666666666667,-450.1333333333333,-194.13333333333333
286,-110.93333333333334,-443.73333333333335,-183.46666666666667
287,-104.53333333333333,-441.59999999999997,-179.2
288,-108.8,-456.5333333333333,-196.26666666666665
289,-125.86666666666666,-454.4,-189.86666666666667
290,-132.26666666666665,-456.5333333333333,-204.8
291,-134.4,-458.6666666666667,-215.46666666666667
292,-138.66666666666666,-454.4,-213.33333333333334
293,-147.2,-462.93333333333334,-213.33333333333334
294,-142.93333333333334,-458.6666666666667,-209.06666666666666
295,-147.2,-467.2,-202.66666666666666
296,-151.46666666666667,-471.46666666666664,-204.8
297,-145.06666666666666,-482.1333333333333,-194.13333333333333
298,-142.93333333333334,-492.8,-194.13333333333333
299,-138.66666666666666,-499.2,-181.33333333333334
300,-130.13333333333333,-507.73333333333335,-181.33333333333334
301,-132.26666666666665,-520.5333333333333,-170.66666666666666
302,-130.13333333333333,-524.8,-157.86666666666667
303,-128.0,-531.2,-153.6
304,-134.4,-522.6666666666666,-138.66666666666666
305,-134.4,-526.9333333333333,-145.06666666666666
306,-138.66666666666666,-518.4,-151.46666666666667
307,-140.8,-524.8,-142.93333333333334
308,-142.93333333333334,-535.4666666666667,-145.06666666666666
309,-142.93333333333334,-526.9333333333333,-147.2
310,-140.8,-535.4666666666667,-151.46666666666667
311,-151.46666666666667,-539.7333333333333,-149.33333333333334
312,-153.6,-539.7333333333333,-153.6
313,-149.33333333333334,-563.2,-153.6
314,-151.46666666666667,-563.2,-147.2
315,-142.93333333333334,-580.2666666666667,-155.73333333333332
316,-142.93333333333334,-590.9333333333333,-155.73333333333332
317,-136.53333333333333,-578.1333333333333,-157.86666666666667
318,-128.0,-567.4666666666667,-155.73333333333332
319,-121.6,-563.2,-160.0
320,-110.93333333333334,-558.9333333333333,-177.06666666666666
321,-102.4,-539.7333333333333,-174.93333333333334
322,-83.2,-533.3333333333334,-172.8
323,-78.93333333333334,-533.3333333333334,-166.4
324,-76.8,-531.2,-177.06666666666666
325,-72.53333333333333,-531.2,-177.06666666666666
326,-76.8,-537.6,-198.4
327,-100.26666666666667,-529.0666666666666,-226.13333333333333
328,-132.26666666666665,-518.4,-268.8
329,-153.6,-514.1333333333333,-309.3333333333333
330,-196.26666666666665,-529.0666666666666,-322.1333333333333
331,-228.26666666666665,-588.8,-328.5333333333333
332,-270.93333333333334,-661.3333333333334,-320.0
333,-300.8,-746.6666666666666,-300.8
334,-345.6,-829.8666666666667,-288.0
335,-390.4,-904.5333333333333,-275.2
336,-413.8666666666667,-953.6,-307.2
337,-441.59999999999997,-979.1999999999999,-345.6
338,-437.3333333333333,-974.9333333333333,-405.3333333333333
339,-411.73333333333335,-949.3333333333334,-435.2
340,-360.5333333333333,-915.1999999999999,-448.0
341,-300.8,-861.8666666666667,-452.26666666666665
342,-245.33333333333334,-800.0,-441.59999999999997
343,-179.2,-727.4666666666667,-437.3333333333333
344,-134.4,-657.0666666666666,-445.8666666666667
345,-81.06666666666666,-586.6666666666666,-435.2
346,-53.333333333333336,-518.4,-433.06666666666666
347,-14.933333333333334,-462.93333333333334,-426.6666666666667
348,10.666666666666666,-405.3333333333333,-407.46666666666664
349,51.2,-377.6,-390.4
350,85.33333333333333,-328.5333333333333,-364.8
351,78.93333333333334,-307.2,-345.6
352,72.53333333333333,-283.73333333333335,-328.5333333333333
353,61.86666666666667,-275.2,-311.46666666666664
354,42.666666666666664,-281.6,-302.93333333333334
355,8.533333333333333,-305.06666666666666,-298.6666666666667
356,-23.466666666666665,-339.2,-311.46666666666664
357,-66.13333333333333,-375.46666666666664,-330.6666666666667
358,-98.13333333333333,-418.1333333333333,-337.06666666666666
359,-128.0,-467.2,-345.6
360,-136.53333333333333,-522.6666666666666,-343.46666666666664
361,-140.8,-561.0666666666666,-349.8666666666667
362,-138.66666666666666,-608.0,-328.5333333333333
363,-138.66666666666666,-635.7333333333333,-311.46666666666664
364,-130.13333333333333,-657.0666666666666,-302.93333333333334
365,-128.0,-652.8,-296.5333333333333
366,-113.06666666666666,-652.8,-285.8666666666667
367,-96.0,-620.8,-281.6
368,-74.66666666666667,-601.6,-285.8666666666667
369,-70.4,-554.6666666666666,-277.3333333333333
370,-59.733333333333334,-514.1333333333333,-281.6
371,-66.13333333333333,-473.59999999999997,-279.46666666666664
372,-59.733333333333334,-443.73333333333335,-258.1333333333333
373,-55.46666666666667,-441.59999999999997,-238.93333333333334
374,-68.26666666666667,-401.06666666666666,-232.53333333333333
375,-66.13333333333333,-388.26666666666665,-215.46666666666667
376,-72.53333333333333,-375.46666666666664,-211.2
377,-64.0,-362.6666666666667,-200.53333333333333
378,-61.86666666666667,-362.6666666666667,-200.53333333333333
379,-61.86666666666667,-349.8666666666667,-200.53333333333333
380,-64.0,-354.1333333333333,-206.93333333333334
381,-53.333333333333336,-347.73333333333335,-211.2
382,-44.8,-356.26666666666665,-217.6
383,-32.0,-364.8,-213.33333333333334
384,-14.933333333333334,-366.93333333333334,-215.46666666666667
385,-2.1333333333333333,-379.73333333333335,-206.93333333333334
386,4.266666666666667,-390.4,-206.93333333333334
387,10.666666666666666,-392.5333333333333,-194.13333333333333
388,25.6,-403.2,-194.13333333333333
389,27.733333333333334,-398.93333333333334,-198.4
390,36.266666666666666,-409.6,-198.4
391,42.666666666666664,-413.8666666666667,-200.53333333333333
392,49.06666666666666,-413.8666666666667,-202.66666666666666
393,61.86666666666667,-418.1333333333333,-192.0
394,49.06666666666666,-409.6,-187.73333333333332
395,49.06666666666666,-413.8666666666667,-181.33333333333334
396,38.4,-409.6,-185.6
397,23.466666666666665,-407.46666666666664,-185.6
398,14.933333333333334,-405.3333333333333,-187.73333333333332
399,4.266666666666667,-401.06666666666666,-189.86666666666667
400,0.0,-398.93333333333334,-192.0
401,-10.666666666666666,-396.8,-181.33333333333334
402,-29.866666666666667,-388.26666666666665,-179.2
403,-46.93333333333333,-377.6,-185.6
404,-44.8,-377.6,-185.6
405,-57.6,-373.3333333333333,-183.46666666666667
406,-68.26666666666667,-377.6,-179.2
407,-72.53333333333333,-384.0,-177.06666666666666
408,-64.0,-386.1333333333333,-172.8
409,-59.733333333333334,-392.5333333333333,-164.26666666666665
410,-49.06666666666666,-396.8,-153.6
411,-40.53333333333333,-411.73333333333335,-155.73333333333332
412,-19.2,-430.93333333333334,-142.93333333333334
413,-14.933333333333334,-437.3333333333333,-157.86666666666667
414,0.0,-443.73333333333335,-153.6
415,6.4,-456.5333333333333,-151.46666666666667
416,8.533333333333333,-452.26666666666665,-166.4
417,8.533333333333333,-454.4,-172.8
418,17.066666666666666,-456.5333333333333,-177.06666666666666
419,29.866666666666667,-448.0,-177.06666666666666
420,40.53333333333333,-448.0,-174.93333333333334
421,40.53333333333333,-435.2,-174.93333333333334
422,49.06666666666666,-426.6666666666667,-166.4
423,53.333333333333336,-420.26666666666665,-166.4
424,44.8,-409.6,-160.0
425,51.2,-403.2,-149.33333333333334
426,44.8,-403.2,-151.46666666666667
427,44.8,-398.93333333333334,-142.93333333333334
428,40.53333333333333,-401.06666666666666,-142.93333333333334
429,46.93333333333333,-405.3333333333333,-145.06666666666666
430,38.4,-413.8666666666667,-151.46666666666667
431,40.53333333333333,-430.93333333333334,-151.46666666666667
432,42.666666666666664,-437.3333333333333,-160.0
433,44.8,-456.5333333333333,-145.06666666666666
434,51.2,-475.73333333333335,-145.06666666666666
435,55.46666666666667,-486.4,-140.8
436,61.86666666666667,-507.73333333333335,-140.8
437,74.66666666666667,-524.8,-125.86666666666666
438,72.53333333333333,-537.6,-125.86666666666666
439,87.46666666666667,-546.1333333333333,-125.86666666666666
440,87.46666666666667,-550.4,-130.13333333333333
441,89.6,-548.2666666666667,-123.73333333333333
442,83.2,-550.4,-117.33333333333333
443,87.46666666666667,-548.2666666666667,-119.46666666666667
444,85.33333333333333,-554.6666666666666,-117.33333333333333
445,81.06666666666666,-552.5333333333333,-121.6
446,85.33333333333333,-558.9333333333333,-113.06666666666666
447,81.06666666666666,-552.5333333333333,-115.2
448,93.86666666666666,-550.4,-132.26666666666665
449,96.0,-550.4,-128.0
450,98.13333333333333,-554.6666666666666,-142.93333333333334
451,104.53333333333333,-548.2666666666667,-149.33333333333334
452,96.0,-554.6666666666666,-157.86666666666667
453,91.73333333333333,-556.8,-157.86666666666667
454,89.6,-558.9333333333333,-151.46666666666667
455,83.2,-552.5333333333333,-160.0
456,72.53333333333333,-558.9333333333333,-155.73333333333332
457,68.26666666666667,-567.4666666666667,-166.4
458,59.733333333333334,-561.0666666666666,-189.86666666666667
459,72.53333333333333,-561.0666666666666,-198.4
460,57.6,-550.4,-232.53333333333333
461,76.8,-565.3333333333334,-253.86666666666667
462,87.46666666666667,-571.7333333333333,-270.93333333333334
463,91.73333333333333,-595.2,-273.06666666666666
464,96.0,-620.8,-258.1333333333333
465,93.86666666666666,-663.4666666666667,-224.0
466,89.6,-708.2666666666667,-187.73333333333332
467,93.86666666666666,-761.6,-164.26666666666665
468,100.26666666666667,-806.4,-177.06666666666666
469,110.93333333333334,-836.2666666666667,-200.53333333333333
470,121.6,-851.1999999999999,-228.26666666666665
471,128.0,-859.7333333333333,-268.8
472,134.4,-857.6,-290.1333333333333
473,140.8,-840.5333333333333,-305.06666666666666
474,145.06666666666666,-825.6,-305.06666666666666
475,160.0,-804.2666666666667,-313.6
476,147.2,-780.8,-330.6666666666667
477,140.8,-742.4,-358.4
478,132.26666666666665,-699.7333333333333,-375.46666666666664
479,113.06666666666666,-652.8,-394.6666666666667
480,83.2,-603.7333333333333,-422.4
481,72.53333333333333,-544.0,-416.0
482,68.26666666666667,-501.3333333333333,-411.73333333333335
483,66.13333333333333,-458.6666666666667,-405.3333333333333
484,64.0,-430.93333333333334,-381.8666666666667
485,49.06666666666666,-407.46666666666664,-369.06666666666666
486,32.0,-398.93333333333334,-366.93333333333334
487,14.933333333333334,-398.93333333333334,-358.4
488,2.1333333333333333,-405.3333333333333,-354.1333333333333
489,-4.266666666666667,-407.46666666666664,-339.2
490,-8.533333333333333,-422.4,-332.8
491,-14.933333333333334,-437.3333333333333,-322.1333333333333
492,-12.8,-448.0,-309.3333333333333
493,-17.066666666666666,-467.2,-302.93333333333334
494,-25.6,-482.1333333333333,-302.93333333333334
495,-42.666666666666664,-503.46666666666664,-307.2
496,-57.6,-526.9333333333333,-305.06666666666666
497,-59.733333333333334,-544.0,-296.5333333333333
498,-70.4,-567.4666666666667,-288.0
499,-76.8,-567.4666666666667,-279.46666666666664
500,-72.53333333333333,-590.9333333333333,-268.8
501,-68.26666666666667,-597.3333333333334,-270.93333333333334
502,-57.6,-599.4666666666667,-270.93333333333334
503,-55.46666666666667,-595.2,-264.5333333333333
504,-14.933333333333334,-578.1333333333333,-281.6
505,-19.2,-561.0666666666666,-279.46666666666664
506,4.266666666666667,-544.0,-270.93333333333334
507,29.866666666666667,-529.0666666666666,-273.06666666666666
508,57.6,-522.6666666666666,-262.4
509,70.4,-501.3333333333333,-258.1333333333333
510,81.06666666666666,-488.5333333333333,-249.6
511,87.46666666666667,-480.0,-234.66666666666666
512,85.33333333333333,-471.46666666666664,-224.0
513,89.6,-473.59999999999997,-213.33333333333334
514,83.2,-454.4,-202.66666666666666
515,66.13333333333333,-452.26666666666665,-202.66666666666666
516,57.6,-450.1333333333333,-202.66666666666666
517,46.93333333333333,-435.2,-206.93333333333334
518,17.066666666666666,-433.06666666666666,-202.66666666666666
519,0.0,-426.6666666666667,-211.2
520,-17.066666666666666,-430.93333333333334,-213.33333333333334
521,-40.53333333333333,-422.4,-202.66666666666666
522,-59.733333333333334,-413.8666666666667,-213.33333333333334
523,-72.53333333333333,-416.0,-204.8
524,-96.0,-413.8666666666667,-185.6
525,-98.13333333333333,-407.46666666666664,-185.6
526,-110.93333333333334,-411.73333333333335,-185.6
527,-108.8,-405.3333333333333,-179.2
528,-117.33333333333333,-401.06666666666666,-181.33333333333334
529,-119.46666666666667,-392.5333333333333,-181.33333333333334
530,-106.66666666666667,-388.26666666666665,-181.33333333333334
531,-106.66666666666667,-386.1333333333333,-174.93333333333334
532,-93.86666666666666,-377.6,-174.93333333333334
533,-85.33333333333333,-371.2,-174.93333333333334
534,-68.26666666666667,-364.8,-168.53333333333333
535,-68.26666666666667,-349.8666666666667,-168.53333333333333
536,-57.6,-343.46666666666664,-157.86666666666667
537,-53.333333333333336,-341.3333333333333,-162.13333333333333
538,-29.866666666666667,-347.73333333333335,-166.4
539,-12.8,-343.46666666666664,-160.0
540,-8.533333333333333,-349.8666666666667,-164.26666666666665
541,-2.1333333333333333,-347.73333333333335,-149.33333333333334
542,0.0,-343.46666666666664,-140.8
543,-4.266666666666667,-345.6,-136.53333333333333
544,-6.4,-349.8666666666667,-134.4
545,-23.466666666666665,-352.0,-134.4
546,-34.13333333333333,-358.4,-128.0
547,-44.8,-356.26666666666665,-132.26666666666665
548,-57.6,-362.6666666666667,-128.0
549,-72.53333333333333,-360.5333333333333,-125.86666666666666
550,-70.4,-366.93333333333334,-125.86666666666666
551,-76.8,-364.8,-128.0
552,-74.66666666666667,-375.46666666666664,-121.6
553,-83.2,-375.46666666666664,-134.4
554,-89.6,-379.73333333333335,-147.2
555,-87.46666666666667,-384.0,-140.8
556,-91.73333333333333,-392.5333333333333,-147.2
557,-100.26666666666667,-396.8,-155.73333333333332
558,-100.26666666666667,-403.2,-162.13333333333333
559,-110.93333333333334,-420.26666666666665,-174.93333333333334
560,-110.93333333333334,-426.6666666666667,-185.6
561,-123.73333333333333,-443.73333333333335,-200.53333333333333
562,-132.26666666666665,-462.93333333333334,-213.33333333333334
563,-140.8,-465.06666666666666,-221.86666666666667
564,-162.13333333333333,-471.46666666666664,-234.66666666666666
565,-160.0,-477.8666666666667,-226.13333333333333
566,-168.53333333333333,-486.4,-219.73333333333332
567,-170.66666666666666,-497.06666666666666,-213.33333333333334
568,-179.2,-501.3333333333333,-206.93333333333334
569,-179.2,-514.1333333333333,-185.6
570,-181.33333333333334,-520.5333333333333,-174.93333333333334
571,-183.46666666666667,-522.6666666666666,-170.66666666666666
572,-185.6,-524.8,-177.06666666666666
573,-181.33333333333334,-524.8,-177.06666666666666
574,-185.6,-516.2666666666667,-183.46666666666667
575,-174.93333333333334,-526.9333333333333,-181.33333333333334
576,-177.06666666666666,-529.0666666666666,-181.33333333333334
577,-166.4,-541.8666666666667,-174.93333333333334
578,-177.06666666666666,-561.0666666666666,-164.26666666666665
579,-170.66666666666666,-569.6,-157.86666666666667
580,-172.8,-573.8666666666667,-160.0
581,-168.53333333333333,-588.8,-155.73333333333332
582,-160.0,-593.0666666666666,-155.73333333333332
583,-153.6,-588.8,-162.13333333333333
584,-155.73333333333332,-569.6,-168.53333333333333
585,-140.8,-563.2,-181.33333333333334
586,-147.2,-541.8666666666667,-179.2
587,-138.66666666666666,-537.6,-179.2
588,-132.26666666666665,-531.2,-179.2
589,-125.86666666666666,-531.2,-172.8
590,-125.86666666666666,-535.4666666666667,-174.93333333333334
591,-121.6,-535.4666666666667,-198.4
592,-128.0,-537.6,-213.33333333333334
593,-140.8,-535.4666666666667,-241.06666666666666
594,-151.46666666666667,-546.1333333333333,-268.8
595,-170.66666666666666,-561.0666666666666,-290.1333333333333
596,-185.6,-582.4,-298.6666666666667
597,-202.66666666666666,-610.1333333333333,-305.06666666666666
598,-221.86666666666667,-657.0666666666666,-292.26666666666665
599,-251.73333333333332,-704.0,-283.73333333333335
600,-281.6,-763.7333333333333,-266.6666666666667
601,-341.3333333333333,-840.5333333333333,-236.79999999999998
602,-381.8666666666667,-885.3333333333334,-241.06666666666666
603,-426.6666666666667,-917.3333333333334,-253.86666666666667
604,-448.0,-930.1333333333333,-288.0
605,-450.1333333333333,-906.6666666666666,-324.26666666666665
606,-428.8,-870.4,-377.6
607,-384.0,-812.8,-428.8
608,-320.0,-750.9333333333333,-448.0
609,-277.3333333333333,-672.0,-460.8
610,-181.33333333333334,-612.2666666666667,-465.06666666666666
611,-130.13333333333333,-576.0,-445.8666666666667
612,-70.4,-505.59999999999997,-433.06666666666666
613,-27.733333333333334,-460.8,-420.26666666666665
614,23.466666666666665,-420.26666666666665,-396.8
615,59.733333333333334,-390.4,-377.6
616,83.2,-358.4,-337.06666666666666
617,106.66666666666667,-347.73333333333335,-313.6
618,100.26666666666667,-339.2,-292.26666666666665
619,66.13333333333333,-328.5333333333333,-285.8666666666667
620,23.466666666666665,-341.3333333333333,-285.8666666666667
621,0.0,-366.93333333333334,-281.6
622,-27.733333333333334,-386.1333333333333,-277.3333333333333
623,-44.8,-422.4,-288.0
624,-64.0,-458.6666666666667,-313.6
625,-81.06666666666666,-492.8,-317.8666666666667
626,-93.86666666666666,-524.8,-315.73333333333335
627,-93.86666666666666,-552.5333333333333,-315.73333333333335
628,-96.0,-576.0,-317.8666666666667
629,-98.13333333333333,-590.9333333333333,-309.3333333333333
630,-100.26666666666667,-595.2,-292.26666666666665
631,-104.53333333333333,-599.4666666666667,-281.6
632,-100.26666666666667,-599.4666666666667,-273.06666666666666
633,-108.8,-584.5333333333333,-277.3333333333333
634,-72.53333333333333,-558.9333333333333,-268.8
635,-70.4,-531.2,-275.2
636,-61.86666666666667,-503.46666666666664,-270.93333333333334
637,-53.333333333333336,-473.59999999999997,-258.1333333333333
638,-53.333333333333336,-448.0,-247.46666666666667
639,-59.733333333333334,-424.5333333333333,-232.53333333333333
640,-59.733333333333334,-407.46666666666664,-215.46666666666667
641,-59.733333333333334,-392.5333333333333,-202.66666666666666
642,-68.26666666666667,-373.3333333333333,-198.4
643,-70.4,-362.6666666666667,-202.66666666666666
644,-68.26666666666667,-366.93333333333334,-204.8
645,-72.53333333333333,-354.1333333333333,-209.06666666666666
646,-61.86666666666667,-362.6666666666667,-217.6
647,-57.6,-364.8,-211.2
648,-53.333333333333336,-360.5333333333333,-215.46666666666667
649,-46.93333333333333,-377.6,-209.06666666666666
650,-40.53333333333333,-373.3333333333333,-194.13333333333333
651,-29.866666666666667,-390.4,-185.6
652,-10.666666666666666,-381.8666666666667,-192.0
653,4.266666666666667,-392.5333333333333,-189.86666666666667
654,14.933333333333334,-394.6666666666667,-185.6
655,36.266666666666666,-386.1333333333333,-177.06666666666666
656,46.93333333333333,-392.5333333333333,-198.4
657,59.733333333333334,-394.6666666666667,-219.73333333333332
658,59.733333333333334,-392.5333333333333,-221.86666666666667
659,61.86666666666667,-394.6666666666667,-221.86666666666667
660,57.6,-390.4,-221.86666666666667
661,64.0,-388.26666666666665,-200.53333333333333
662,66.13333333333333,-384.0,-202.66666666666666
663,61.86666666666667,-381.8666666666667,-189.86666666666667
664,46.93333333333333,-373.3333333333333,-194.13333333333333
665,32.0,-364.8,-185.6
666,25.6,-362.6666666666667,-192.0
667,17.066666666666666,-345.6,-185.6
668,2.1333333333333333,-339.2,-192.0
669,0.0,-337.06666666666666,-189.86666666666667
670,-17.066666666666666,-330.6666666666667,-187.73333333333332
671,-34.13333333333333,-332.8,-187.73333333333332
672,-38.4,-345.6,-185.6
673,-55.46666666666667,-356.26666666666665,-185.6
674,-74.66666666666667,-371.2,-181.33333333333334
675,-81.06666666666666,-386.1333333333333,-179.2
676,-83.2,-405.3333333333333,-177.06666666666666
677,-70.4,-416.0,-185.6
678,-72.53333333333333,-450.1333333333333,-183.46666666666667
679,-61.86666666666667,-460.8,-196.26666666666665
680,-53.333333333333336,-482.1333333333333,-196.26666666666665
681,-55.46666666666667,-488.5333333333333,-204.8
682,-40.53333333333333,-477.8666666666667,-213.33333333333334
683,-34.13333333333333,-473.59999999999997,-228.26666666666665
684,-27.733333333333334,-471.46666666666664,-211.2
685,-17.066666666666666,-465.06666666666666,-213.33333333333334
686,0.0,-465.06666666666666,-206.93333333333334
687,0.0,-454.4,-192.0
688,6.4,-450.1333333333333,-174.93333333333334
689,12.8,-443.73333333333335,-170.66666666666666
690,32.0,-448.0,-157.86666666666667
691,46.93333333333333,-439.46666666666664,-149.33333333333334
692,51.2,-435.2,-153.6
693,64.0,-426.6666666666667,-149.33333333333334
694,76.8,-422.4,-166.4
695,85.33333333333333,-422.4,-179.2
696,102.4,-424.5333333333333,-181.33333333333334
697,110.93333333333334,-428.8,-196.26666666666665
698,125.86666666666666,-452.26666666666665,-194.13333333333333
699,119.46666666666667,-456.5333333333333,-185.6
700,117.33333333333333,-477.8666666666667,-181.33333333333334
701,123.73333333333333,-501.3333333333333,-174.93333333333334
702,121.6,-518.4,-168.53333333333333
703,119.46666666666667,-529.0666666666666,-166.4
704,117.33333333333333,-539.7333333333333,-164.26666666666665
705,108.8,-546.1333333333333,-157.86666666666667
706,102.4,-539.7333333333333,-155.73333333333332
707,91.73333333333333,-537.6,-153.6
708,81.06666666666666,-539.7333333333333,-142.93333333333334
709,72.53333333333333,-535.4666666666667,-138.66666666666666
710,68.26666666666667,-541.8666666666667,-130.13333333333333
711,61.86666666666667,-550.4,-123.73333333333333
712,51.2,-552.5333333333333,-106.66666666666667
713,55.46666666666667,-561.0666666666666,-96.0
714,59.733333333333334,-565.3333333333334,-93.86666666666666
715,64.0,-561.0666666666666,-91.73333333333333
716,72.53333333333333,-563.2,-100.26666666666667
717,85.33333333333333,-548.2666666666667,-102.4
718,102.4,-548.2666666666667,-123.73333333333333
719,76.8,-526.9333333333333,-136.53333333333333
720,76.8,-522.6666666666666,-160.0
721,68.26666666666667,-503.46666666666664,-157.86666666666667
722,64.0,-499.2,-166.4
723,59.733333333333334,-497.06666666666666,-172.8
724,66.13333333333333,-499.2,-166.4
725,66.13333333333333,-507.73333333333335,-179.2
726,72.53333333333333,-516.2666666666667,-198.4
727,76.8,-520.5333333333333,-234.66666666666666
728,96.0,-529.0666666666666,-283.73333333333335
729,119.46666666666667,-531.2,-320.0
730,136.53333333333333,-567.4666666666667,-345.6
731,142.93333333333334,-597.3333333333334,-345.6
732,153.6,-650.6666666666666,-330.6666666666667
733,160.0,-708.2666666666667,-298.6666666666667
734,166.4,-774.4,-273.06666666666666
735,168.53333333333333,-838.4,-256.0
736,181.33333333333334,-906.6666666666666,-251.73333333333332
737,181.33333333333334,-972.8,-258.1333333333333
738,166.4,-1013.3333333333334,-281.6
739,155.73333333333332,-1021.8666666666667,-307.2
740,134.4,-1021.8666666666667,-354.1333333333333
741,123.73333333333333,-989.8666666666667,-407.46666666666664
742,113.06666666666666,-947.1999999999999,-448.0
743,74.66666666666667,-872.5333333333333,-452.26666666666665
744,32.0,-802.1333333333333,-465.06666666666666
745,4.266666666666667,-723.2,-465.06666666666666
746,-4.266666666666667,-650.6666666666666,-458.6666666666667
747,-34.13333333333333,-588.8,-454.4
748,-49.06666666666666,-526.9333333333333,-426.6666666666667
749,-57.6,-480.0,-403.2
750,-85.33333333333333,-424.5333333333333,-369.06666666666666
751,-110.93333333333334,-392.5333333333333,-341.3333333333333
752,-108.8,-375.46666666666664,-320.0
753,-106.66666666666667,-369.06666666666666,-311.46666666666664
754,-100.26666666666667,-375.46666666666664,-294.4
755,-83.2,-388.26666666666665,-275.2
756,-46.93333333333333,-409.6,-260.26666666666665
757,-34.13333333333333,-435.2,-256.0
758,-19.2,-460.8,-264.5333333333333
759,0.0,-486.4,-260.26666666666665
760,12.8,-520.5333333333333,-260.26666666666665
761,23.466666666666665,-546.1333333333333,-264.5333333333333
762,40.53333333333333,-578.1333333333333,-266.6666666666667
763,49.06666666666666,-627.2,-266.6666666666667
764,44.8,-629.3333333333334,-270.93333333333334
765,53.333333333333336,-650.6666666666666,-281.6
766,29.866666666666667,-640.0,-281.6
767,23.466666666666665,-625.0666666666666,-281.6
768,14.933333333333334,-603.7333333333333,-275.2
769,12.8,-576.0,-266.6666666666667
770,2.1333333333333333,-544.0,-251.73333333333332
771,-10.666666666666666,-512.0,-249.6
772,-23.466666666666665,-477.8666666666667,-245.33333333333334
773,-44.8,-450.1333333333333,-224.0
774,-46.93333333333333,-407.46666666666664,-204.8
775,-61.86666666666667,-392.5333333333333,-196.26666666666665
776,-78.93333333333334,-360.5333333333333,-187.73333333333332
777,-85.33333333333333,-354.1333333333333,-179.2
778,-91.73333333333333,-341.3333333333333,-168.53333333333333
779,-93.86666666666666,-339.2,-162.13333333333333
780,-100.26666666666667,-334.93333333333334,-177.06666666666666
781,-102.4,-343.46666666666664,-164.26666666666665
782,-104.53333333333333,-345.6,-181.33333333333334
783,-104.53333333333333,-354.1333333333333,-181.33333333333334
784,-100.26666666666667,-358.4,-181.33333333333334
785,-93.86666666666666,-375.46666666666664,-179.2
786,-91.73333333333333,-377.6,-177.06666666666666
787,-81.06666666666666,-384.0,-170.66666666666666
788,-85.33333333333333,-388.26666666666665,-172.8
789,-78.93333333333334,-392.5333333333333,-172.8
790,-74.66666666666667,-394.6666666666667,-174.93333333333334
791,-78.93333333333334,-398.93333333333334,-179.2
792,-81.06666666666666,-392.5333333333333,-185.6
793,-87.46666666666667,-388.26666666666665,-183.46666666666667
794,-85.33333333333333,-377.6,-189.86666666666667
795,-87.46666666666667,-373.3333333333333,-187.73333333333332
796,-85.33333333333333,-369.06666666666666,-192.0
797,-78.93333333333334,-358.4,-189.86666666666667
798,-74.66666666666667,-358.4,-189.86666666666667
799,-51.2,-352.0,-181.33333333333334
800,-40.53333333333333,-360.5333333333333,-181.33333333333334
801,-36.266666666666666,-358.4,-181.33333333333334
802,-27.733333333333334,-356.26666666666665,-172.8
803,-17.066666666666666,-364.8,-172.8
804,-8.533333333333333,-362.6666666666667,-168.53333333333333
805,2.1333333333333333,-369.06666666666666,-170.66666666666666
806,6.4,-366.93333333333334,-181.33333333333334
807,17.066666666666666,-375.46666666666664,-172.8
808,25.6,-381.8666666666667,-177.06666666666666
809,29.866666666666667,-388.26666666666665,-183.46666666666667
810,29.866666666666667,-386.1333333333333,-177.06666666666666
811,34.13333333333333,-398.93333333333334,-170.66666666666666
812,27.733333333333334,-407.46666666666664,-164.26666666666665
813,17.066666666666666,-420.26666666666665,-164.26666666666665
814,8.533333333333333,-418.1333333333333,-153.6
815,-23.466666666666665,-428.8,-147.2
816,-32.0,-437.3333333333333,-142.93333333333334
817,-51.2,-424.5333333333333,-147.2
818,-68.26666666666667,-435.2,-149.33333333333334
819,-83.2,-426.6666666666667,-162.13333333333333
820,-96.0,-430.93333333333334,-160.0
821,-110.93333333333334,-435.2,-170.66666666666666
822,-128.0,-445.8666666666667,-155.73333333333332
823,-138.66666666666666,-445.8666666666667,-155.73333333333332
824,-151.46666666666667,-454.4,-155.73333333333332
825,-157.86666666666667,-467.2,-145.06666666666666
826,-166.4,-473.59999999999997,-155.73333333333332
827,-174.93333333333334,-475.73333333333335,-155.73333333333332
828,-181.33333333333334,-471.46666666666664,-164.26666666666665
829,-172.8,-480.0,-174.93333333333334
830,-172.8,-482.1333333333333,-172.8
831,-170.66666666666666,-486.4,-168.53333333333333
832,-153.6,-494.93333333333334,-172.8
833,-157.86666666666667,-501.3333333333333,-160.0
834,-145.06666666666666,-512.0,-149.33333333333334
835,-142.93333333333334,-509.8666666666667,-134.4
836,-140.8,-524.8,-136.53333333333333
837,-140.8,-522.6666666666666,-134.4
838,-138.66666666666666,-526.9333333333333,-134.4
839,-136.53333333333333,-524.8,-142.93333333333334
840,-138.66666666666666,-518.4,-149.33333333333334
841,-138.66666666666666,-518.4,-149.33333333333334
842,-138.66666666666666,-512.0,-147.2
843,-138.66666666666666,-503.46666666666664,-142.93333333333334
844,-138.66666666666666,-499.2,-134.4
845,-134.4,-507.73333333333335,-136.53333333333333
846,-136.53333333333333,-509.8666666666667,-136.53333333333333
847,-132.26666666666665,-529.0666666666666,-123.73333333333333
848,-115.2,-533.3333333333334,-115.2
849,-121.6,-554.6666666666666,-91.73333333333333
850,-115.2,-556.8,-83.2
851,-119.46666666666667,-586.6666666666666,-89.6
852,-115.2,-573.8666666666667,-89.6
853,-121.6,-569.6,-106.66666666666667
854,-121.6,-556.8,-100.26666666666667
855,-121.6,-561.0666666666666,-113.06666666666666
856,-121.6,-552.5333333333333,-106.66666666666667
857,-117.33333333333333,-541.8666666666667,-113.06666666666666
858,-128.0,-550.4,-102.4
859,-121.6,-556.8,-89.6
860,-136.53333333333333,-567.4666666666667,-87.46666666666667
861,-134.4,-580.2666666666667,-87.46666666666667
862,-136.53333333333333,-590.9333333333333,-104.53333333333333
863,-149.33333333333334,-595.2,-123.73333333333333
864,-153.6,-595.2,-140.8
865,-168.53333333333333,-605.8666666666667,-174.93333333333334
866,-187.73333333333332,-603.7333333333333,-209.06666666666666
867,-215.46666666666667,-597.3333333333334,-249.6
868,-247.46666666666667,-605.8666666666667,-283.73333333333335
869,-273.06666666666666,-631.4666666666667,-309.3333333333333
870,-307.2,-663.4666666666667,-298.6666666666667
871,-320.0,-718.9333333333333,-277.3333333333333
872,-334.93333333333334,-772.2666666666667,-219.73333333333332
873,-369.06666666666666,-866.1333333333333,-200.53333333333333
874,-394.6666666666667,-921.6,-200.53333333333333
875,-409.6,-955.7333333333333,-236.79999999999998
876,-401.06666666666666,-972.8,-292.26666666666665
877,-352.0,-962.1333333333333,-349.8666666666667
878,-285.8666666666667,-947.1999999999999,-384.0
879,-204.8,-921.6,-398.93333333333334
880,-117.33333333333333,-883.1999999999999,-394.6666666666667
881,-55.46666666666667,-821.3333333333334,-398.93333333333334
882,6.4,-763.7333333333333,-377.6
883,38.4,-695.4666666666667,-349.8666666666667
884,59.733333333333334,-629.3333333333334,-332.8
885,66.13333333333333,-563.2,-313.6
886,72.53333333333333,-494.93333333333334,-302.93333333333334
887,64.0,-441.59999999999997,-285.8666666666667
888,46.93333333333333,-390.4,-273.06666666666666
889,27.733333333333334,-345.6,-253.86666666666667
890,4.266666666666667,-326.4,-249.6
891,-17.066666666666666,-311.46666666666664,-236.79999999999998
892,-42.666666666666664,-317.8666666666667,-245.33333333333334
893,-74.66666666666667,-339.2,-264.5333333333333
894,-106.66666666666667,-349.8666666666667,-260.26666666666665
895,-121.6,-388.26666666666665,-258.1333333333333
896,-136.53333333333333,-433.06666666666666,-260.26666666666665
897,-136.53333333333333,-484.26666666666665,-264.5333333333333
898,-136.53333333333333,-524.8,-249.6
899,-130.13333333333333,-556.8,-241.06666666666666
900,-130.13333333333333,-588.8,-213.33333333333334
901,-115.2,-601.6,-200.53333333333333
902,-117.33333333333333,-599.4666666666667,-192.0
903,-98.13333333333333,-599.4666666666667,-194.13333333333333
904,-87.46666666666667,-584.5333333333333,-206.93333333333334
905,-74.66666666666667,-546.1333333333333,-206.93333333333334
906,-59.733333333333334,-524.8,-217.6
907,-44.8,-492.8,-232.53333333333333
908,-40.53333333333333,-456.5333333333333,-215.46666666666667
909,-34.13333333333333,-433.06666666666666,-211.2
910,-32.0,-407.46666666666664,-194.13333333333333
911,-21.333333333333332,-394.6666666666667,-168.53333333333333
912,-27.733333333333334,-390.4,-164.26666666666665
913,-21.333333333333332,-386.1333333333333,-151.46666666666667
914,-21.333333333333332,-388.26666666666665,-149.33333333333334
915,-25.6,-386.1333333333333,-162.13333333333333
916,-25.6,-388.26666666666665,-151.46666666666667
917,-19.2,-390.4,-155.73333333333332
918,-29.866666666666667,-398.93333333333334,-157.86666666666667
919,-32.0,-392.5333333333333,-157.86666666666667
920,-32.0,-401.06666666666666,-153.6
921,-32.0,-401.06666666666666,-162.13333333333333
922,-34.13333333333333,-398.93333333333334,-168.53333333333333
923,-19.2,-407.46666666666664,-170.66666666666666
924,-12.8,-416.0,-183.46666666666667
925,-12.8,-409.6,-181.33333333333334
926,0.0,-418.1333333333333,-189.86666666666667
927,0.0,-409.6,-198.4
928,0.0,-407.46666666666664,-196.26666666666665
929,4.266666666666667,-409.6,-198.4
930,4.266666666666667,-396.8,-189.86666666666667
931,2.1333333333333333,-392.5333333333333,-194.13333333333333
932,-8.533333333333333,-390.4,-196.26666666666665
933,-17.066666666666666,-386.1333333333333,-187.73333333333332
934,-17.066666666666666,-386.1333333333333,-179.2
935,-27.733333333333334,-379.73333333333335,-172.8
936,-25.6,-375.46666666666664,-162.13333333333333
937,-27.733333333333334,-373.3333333333333,-160.0
938,-27.733333333333334,-356.26666666666665,-162.13333333333333
939,-38.4,-352.0,-155.73333333333332
940,-27.733333333333334,-352.0,-162.13333333333333
941,-29.866666666666667,-356.26666666666665,-155.73333333333332
942,-25.6,-362.6666666666667,-168.53333333333333
943,-17.066666666666666,-364.8,-157.86666666666667
944,-6.4,-379.73333333333335,-177.06666666666666
945,4.266666666666667,-379.73333333333335,-164.26666666666665
946,6.4,-394.6666666666667,-170.66666666666666
947,12.8,-405.3333333333333,-160.0
948,17.066666666666666,-411.73333333333335,-157.86666666666667
949,19.2,-418.1333333333333,-151.46666666666667
950,23.466666666666665,-433.06666666666666,-151.46666666666667
951,34.13333333333333,-443.73333333333335,-149.33333333333334
952,29.866666666666667,-445.8666666666667,-153.6
953,32.0,-454.4,-157.86666666666667
954,36.266666666666666,-454.4,-172.8
955,38.4,-456.5333333333333,-181.33333333333334
956,34.13333333333333,-454.4,-181.33333333333334
957,32.0,-454.4,-181.33333333333334
958,17.066666666666666,-456.5333333333333,-200.53333333333333
959,36.266666666666666,-471.46666666666664,-181.33333333333334
960,29.866666666666667,-469.3333333333333,-185.6
961,34.13333333333333,-477.8666666666667,-179.2
962,34.13333333333333,-480.0,-181.33333333333334
963,36.266666666666666,-482.1333333333333,-183.46666666666667
964,42.666666666666664,-490.6666666666667,-189.86666666666667
965,42.666666666666664,-492.8,-183.46666666666667
966,49.06666666666666,-494.93333333333334,-183.46666666666667
967,57.6,-499.2,-181.33333333333334
968,55.46666666666667,-499.2,-181.33333333333334
969,61.86666666666667,-503.46666666666664,-183.46666666666667
970,55.46666666666667,-501.3333333333333,-179.2
971,57.6,-501.3333333333333,-181.33333333333334
972,66.13333333333333,-505.59999999999997,-181.33333333333334
973,61.86666666666667,-501.3333333333333,-179.2
974,66.13333333333333,-497.06666666666666,-174.93333333333334
975,64.0,-497.06666666666666,-160.0
976,70.4,-501.3333333333333,-160.0
977,72.53333333333333,-499.2,-164.26666666666665
978,85.33333333333333,-499.2,-157.86666666666667
979,87.46666666666667,-501.3333333333333,-151.46666666666667
980,104.53333333333333,-501.3333333333333,-145.06666666666666
981,89.6,-507.73333333333335,-142.93333333333334
982,89.6,-512.0,-145.06666666666666
983,102.4,-522.6666666666666,-140.8
984,102.4,-518.4,-140.8
985,98.13333333333333,-529.0666666666666,-140.8
986,98.13333333333333,-531.2,-149.33333333333334
987,96.0,-529.0666666666666,-145.06666666666666
988,102.4,-541.8666666666667,-149.33333333333334
989,89.6,-537.6,-145.06666666666666
990,85.33333333333333,-544.0,-149.33333333333334
991,83.2,-546.1333333333333,-153.6
992,89.6,-546.1333333333333,-153.6
993,89.6,-541.8666666666667,-155.73333333333332
994,100.26666666666667,-537.6,-142.93333333333334
995,100.26666666666667,-531.2,-136.53333333333333
996,100.26666666666667,-524.8,-145.06666666666666
997,96.0,-520.5333333333333,-132.26666666666665
998,102.4,-516.2666666666667,-136.53333333333333
999,72.53333333333333,-512.0,-138.66666666666666
1000,78.93333333333334,-520.5333333333333,-149.33333333333334
1001,55.46666666666667,-518.4,-157.86666666666667
1002,89.6,-529.0666666666666,-168.53333333333333
1003,38.4,-524.8,-189.86666666666667
1004,46.93333333333333,-531.2,-219.73333333333332
1005,59.733333333333334,-537.6,-241.06666666666666
1006,70.4,-548.2666666666667,-283.73333333333335
1007,89.6,-567.4666666666667,-313.6
1008,100.26666666666667,-593.0666666666666,-320.0
1009,108.8,-627.2,-324.26666666666665
1010,117.33333333333333,-667.7333333333333,-315.73333333333335
1011,132.26666666666665,-725.3333333333334,-292.26666666666665
1012,138.66666666666666,-791.4666666666667,-277.3333333333333
1013,145.06666666666666,-853.3333333333334,-279.46666666666664
1014,142.93333333333334,-919.4666666666667,-290.1333333333333
1015,142.93333333333334,-949.3333333333334,-317.8666666666667
1016,151.46666666666667,-966.4,-339.2
1017,138.66666666666666,-960.0,-360.5333333333333
1018,130.13333333333333,-934.4,-398.93333333333334
1019,115.2,-876.8,-411.73333333333335
1020,108.8,-814.9333333333333,-437.3333333333333
1021,113.06666666666666,-759.4666666666667,-448.0
1022,87.46666666666667,-701.8666666666667,-450.1333333333333
1023,61.86666666666667,-629.3333333333334,-462.93333333333334
1024,44.8,-605.8666666666667,-437.3333333333333
1025,34.13333333333333,-558.9333333333333,-416.0
1026,29.866666666666667,-531.2,-381.8666666666667
1027,25.6,-503.46666666666664,-369.06666666666666
1028,8.533333333333333,-486.4,-354.1333333333333
1029,-4.266666666666667,-473.59999999999997,-337.06666666666666
1030,-17.066666666666666,-467.2,-328.5333333333333
1031,-23.466666666666665,-462.93333333333334,-322.1333333333333
1032,-12.8,-467.2,-320.0
1033,-21.333333333333332,-475.73333333333335,-317.8666666666667
1034,-4.266666666666667,-480.0,-302.93333333333334
1035,2.1333333333333333,-484.26666666666665,-300.8
1036,19.2,-492.8,-294.4
1037,27.733333333333334,-503.46666666666664,-309.3333333333333
1038,32.0,-516.2666666666667,-317.8666666666667
1039,32.0,-522.6666666666666,-332.8
1040,32.0,-529.0666666666666,-347.73333333333335
1041,14.933333333333334,-531.2,-360.5333333333333
1042,10.666666666666666,-541.8666666666667,-371.2
1043,0.0,-539.7333333333333,-360.5333333333333
1044,-12.8,-544.0,-347.73333333333335
1045,-25.6,-541.8666666666667,-332.8
1046,-23.466666666666665,-531.2,-320.0
1047,-23.466666666666665,-529.0666666666666,-300.8
1048,-38.4,-507.73333333333335,-285.8666666666667
1049,-38.4,-484.26666666666665,-270.93333333333334
1050,-42.666666666666664,-469.3333333333333,-256.0
1051,-44.8,-445.8666666666667,-243.2
1052,-42.666666666666664,-420.26666666666665,-226.13333333333333
1053,-40.53333333333333,-401.06666666666666,-224.0
1054,-36.266666666666666,-386.1333333333333,-213.33333333333334
1055,-27.733333333333334,-386.1333333333333,-217.6
1056,-21.333333333333332,-369.06666666666666,-224.0
1057,-23.466666666666665,-366.93333333333334,-230.4
1058,-10.666666666666666,-375.46666666666664,-226.13333333333333
1059,-19.2,-388.26666666666665,-217.6
1060,-19.2,-394.6666666666667,-211.2
1061,-23.466666666666665,-409.6,-213.33333333333334
1062,-23.466666666666665,-424.5333333333333,-206.93333333333334
1063,-32.0,-437.3333333333333,-204.8
1064,-34.13333333333333,-454.4,-213.33333333333334
1065,-38.4,-462.93333333333334,-200.53333333333333
1066,-46.93333333333333,-465.06666666666666,-194.13333333333333
1067,-40.53333333333333,-467.2,-204.8
1068,-53.333333333333336,-473.59999999999997,-192.0
1069,-66.13333333333333,-467.2,-187.73333333333332
1070,-70.4,-460.8,-194.13333333333333
1071,-66.13333333333333,-454.4,-192.0
1072,-81.06666666666666,-433.06666666666666,-192.0
1073,-68.26666666666667,-416.0,-198.4
1074,-74.66666666666667,-405.3333333333333,-189.86666666666667
1075,-72.53333333333333,-394.6666666666667,-194.13333333333333
1076,-76.8,-377.6,-194.13333333333333
1077,-68.26666666666667,-366.93333333333334,-187.73333333333332
1078,-66.13333333333333,-356.26666666666665,-181.33333333333334
1079,-61.86666666666667,-343.46666666666664,-172.8
1080,-55.46666666666667,-339.2,-164.26666666666665
1081,-61.86666666666667,-320.0,-157.86666666666667
1082,-53.333333333333336,-317.8666666666667,-147.2
1083,-40.53333333333333,-313.6,-151.46666666666667
1084,-38.4,-309.3333333333333,-147.2
1085,-27.733333333333334,-307.2,-151.46666666666667
1086,-40.53333333333333,-296.5333333333333,-164.26666666666665
1087,-38.4,-290.1333333333333,-172.8
1088,-29.866666666666667,-281.6,-181.33333333333334
1089,-23.466666666666665,-283.73333333333335,-181.33333333333334
1090,-12.8,-294.4,-181.33333333333334
1091,-6.4,-292.26666666666665,-174.93333333333334
1092,-8.533333333333333,-305.06666666666666,-172.8
1093,-10.666666666666666,-317.8666666666667,-162.13333333333333
1094,-14.933333333333334,-332.8,-149.33333333333334
1095,-23.466666666666665,-347.73333333333335,-147.2
1096,-38.4,-360.5333333333333,-145.06666666666666
1097,-32.0,-373.3333333333333,-149.33333333333334
1098,-34.13333333333333,-386.1333333333333,-166.4
1099,-32.0,-392.5333333333333,-168.53333333333333
1100,-34.13333333333333,-401.06666666666666,-183.46666666666667
1101,-38.4,-411.73333333333335,-196.26666666666665
1102,-51.2,-422.4,-202.66666666666666
1103,-66.13333333333333,-433.06666666666666,-198.4
1104,-61.86666666666667,-448.0,-198.4
1105,-81.06666666666666,-462.93333333333334,-209.06666666666666
1106,-85.33333333333333,-484.26666666666665,-206.93333333333334
1107,-91.73333333333333,-492.8,-211.2
1108,-98.13333333333333,-499.2,-198.4
1109,-108.8,-522.6666666666666,-215.46666666666667
1110,-104.53333333333333,-531.2,-217.6
1111,-104.53333333333333,-544.0,-221.86666666666667
1112,-115.2,-552.5333333333333,-228.26666666666665
1113,-125.86666666666666,-552.5333333333333,-221.86666666666667
1114,-132.26666666666665,-550.4,-230.4
1115,-142.93333333333334,-552.5333333333333,-232.53333333333333
1116,-142.93333333333334,-550.4,-221.86666666666667
1117,-155.73333333333332,-552.5333333333333,-230.4
1118,-151.46666666666667,-558.9333333333333,-224.0
1119,-157.86666666666667,-561.0666666666666,-215.46666666666667
1120,-153.6,-567.4666666666667,-202.66666666666666
1121,-157.86666666666667,-571.7333333333333,-198.4
1122,-164.26666666666665,-576.0,-187.73333333333332
1123,-160.0,-588.8,-177.06666666666666
1124,-162.13333333333333,-601.6,-157.86666666666667
1125,-157.86666666666667,-618.6666666666666,-142.93333333333334
1126,-151.46666666666667,-633.6,-145.06666666666666
1127,-147.2,-646.4,-134.4
1128,-149.33333333333334,-659.2,-138.66666666666666
1129,-142.93333333333334,-676.2666666666667,-142.93333333333334
1130,-153.6,-674.1333333333333,-155.73333333333332
1131,-145.06666666666666,-686.9333333333333,-164.26666666666665
1132,-147.2,-667.7333333333333,-162.13333333333333
1133,-138.66666666666666,-693.3333333333334,-168.53333333333333
1134,-136.53333333333333,-691.2,-181.33333333333334
1135,-134.4,-691.2,-174.93333333333334
1136,-138.66666666666666,-691.2,-202.66666666666666
1137,-147.2,-680.5333333333333,-228.26666666666665
1138,-166.4,-676.2666666666667,-245.33333333333334
1139,-189.86666666666667,-676.2666666666667,-281.6
1140,-228.26666666666665,-667.7333333333333,-324.26666666666665
1141,-243.2,-663.4666666666667,-362.6666666666667
1142,-253.86666666666667,-654.9333333333333,-403.2
1143,-258.1333333333333,-648.5333333333333,-430.93333333333334
1144,-260.26666666666665,-640.0,-448.0
1145,-264.5333333333333,-650.6666666666666,-441.59999999999997
1146,-270.93333333333334,-652.8,-422.4
1147,-268.8,-657.0666666666666,-407.46666666666664
1148,-219.73333333333332,-665.6,-418.1333333333333
1149,-168.53333333333333,-665.6,-405.3333333333333
1150,-119.46666666666667,-663.4666666666667,-416.0
1151,-76.8,-650.6666666666666,-409.6
1152,-32.0,-620.8,-426.6666666666667
1153,8.533333333333333,-582.4,-435.2
1154,55.46666666666667,-548.2666666666667,-428.8
1155,91.73333333333333,-507.73333333333335,-407.46666666666664
1156,119.46666666666667,-465.06666666666666,-384.0
1157,130.13333333333333,-418.1333333333333,-360.5333333333333
1158,119.46666666666667,-386.1333333333333,-341.3333333333333
1159,119.46666666666667,-352.0,-324.26666666666665
1160,100.26666666666667,-339.2,-315.73333333333335
1161,78.93333333333334,-341.3333333333333,-315.73333333333335
1162,38.4,-345.6,-311.46666666666664
1163,-2.1333333333333333,-354.1333333333333,-305.06666666666666
1164,-46.93333333333333,-366.93333333333334,-311.46666666666664
1165,-91.73333333333333,-381.8666666666667,-315.73333333333335
1166,-123.73333333333333,-398.93333333333334,-315.73333333333335
1167,-140.8,-428.8,-326.4
1168,-172.8,-460.8,-320.0
1169,-183.46666666666667,-492.8,-307.2
1170,-202.66666666666666,-503.46666666666664,-294.4
1171,-206.93333333333334,-518.4,-298.6666666666667
1172,-202.66666666666666,-520.5333333333333,-292.26666666666665
1173,-194.13333333333333,-501.3333333333333,-300.8
1174,-177.06666666666666,-488.5333333333333,-302.93333333333334
1175,-164.26666666666665,-467.2,-290.1333333333333
1176,-142.93333333333334,-445.8666666666667,-283.73333333333335
1177,-121.6,-430.93333333333334,-262.4
1178,-100.26666666666667,-411.73333333333335,-241.06666666666666
1179,-78.93333333333334,-396.8,-224.0
1180,-46.93333333333333,-392.5333333333333,-213.33333333333334
1181,-36.266666666666666,-379.73333333333335,-215.46666666666667
1182,-23.466666666666665,-371.2,-213.33333333333334
1183,-4.266666666666667,-364.8,-213.33333333333334
1184,0.0,-369.06666666666666,-213.33333333333334
1185,6.4,-360.5333333333333,-211.2
1186,17.066666666666666,-375.46666666666664,-217.6
1187,21.333333333333332,-377.6,-226.13333333333333
1188,32.0,-384.0,-213.33333333333334
1189,29.866666666666667,-384.0,-215.46666666666667
1190,36.266666666666666,-396.8,-209.06666666666666
1191,38.4,-403.2,-211.2
1192,40.53333333333333,-407.46666666666664,-213.33333333333334
1193,51.2,-411.73333333333335,-204.8
1194,51.2,-420.26666666666665,-202.66666666666666
1195,46.93333333333333,-424.5333333333333,-194.13333333333333
1196,51.2,-433.06666666666666,-194.13333333333333
1197,55.46666666666667,-437.3333333333333,-183.46666666666667
1198,59.733333333333334,-437.3333333333333,-185.6
1199,49.06666666666666,-437.3333333333333,-187.73333333333332
1200,36.266666666666666,-428.8,-185.6
1201,40.53333333333333,-422.4,-187.73333333333332
1202,38.4,-401.06666666666666,-194.13333333333333
1203,23.466666666666665,-392.5333333333333,-206.93333333333334
1204,21.333333333333332,-381.8666666666667,-209.06666666666666
1205,19.2,-377.6,-204.8
1206,12.8,-360.5333333333333,-202.66666666666666
1207,10.666666666666666,-347.73333333333335,-215.46666666666667
1208,-2.1333333333333333,-328.5333333333333,-204.8
1209,8.533333333333333,-330.6666666666667,-215.46666666666667
1210,6.4,-326.4,-213.33333333333334
1211,0.0,-330.6666666666667,-211.2
1212,0.0,-328.5333333333333,-209.06666666666666
1213,0.0,-334.93333333333334,-194.13333333333333
1214,-2.1333333333333333,-349.8666666666667,-192.0
1215,-8.533333333333333,-349.8666666666667,-187.73333333333332
1216,-10.666666666666666,-369.06666666666666,-189.86666666666667
1217,-14.933333333333334,-381.8666666666667,-187.73333333333332
1218,-10.666666666666666,-403.2,-196.26666666666665
1219,-12.8,-411.73333333333335,-196.26666666666665
1220,-6.4,-430.93333333333334,-194.13333333333333
1221,-10.666666666666666,-437.3333333333333,-192.0
1222,-2.1333333333333333,-458.6666666666667,-189.86666666666667
1223,2.1333333333333333,-480.0,-198.4
1224,10.666666666666666,-494.93333333333334,-198.4
1225,6.4,-507.73333333333335,-198.4
1226,17.066666666666666,-516.2666666666667,-181.33333333333334
1227,27.733333333333334,-520.5333333333333,-179.2
1228,42.666666666666664,-520.5333333333333,-187.73333333333332
1229,42.666666666666664,-501.3333333333333,-192.0
1230,49.06666666666666,-497.06666666666666,-194.13333333333333
1231,49.06666666666666,-482.1333333333333,-202.66666666666666
1232,57.6,-480.0,-206.93333333333334
1233,70.4,-471.46666666666664,-206.93333333333334
1234,74.66666666666667,-471.46666666666664,-202.66666666666666
1235,74.66666666666667,-469.3333333333333,-187.73333333333332
1236,78.93333333333334,-477.8666666666667,-189.86666666666667
1237,81.06666666666666,-477.8666666666667,-187.73333333333332
1238,81.06666666666666,-486.4,-181.33333333333334
1239,81.06666666666666,-488.5333333333333,-181.33333333333334
1240,85.33333333333333,-486.4,-187.73333333333332
1241,72.53333333333333,-488.5333333333333,-198.4
1242,74.66666666666667,-486.4,-213.33333333333334
1243,81.06666666666666,-494.93333333333334,-198.4
1244,87.46666666666667,-503.46666666666664,-198.4
1245,81.06666666666666,-503.46666666666664,-183.46666666666667
1246,83.2,-520.5333333333333,-179.2
1247,78.93333333333334,-533.3333333333334,-177.06666666666666
1248,78.93333333333334,-544.0,-168.53333333333333
1249,72.53333333333333,-548.2666666666667,-172.8
1250,74.66666666666667,-558.9333333333333,-172.8
1251,72.53333333333333,-561.0666666666666,-166.4
1252,91.73333333333333,-573.8666666666667,-172.8
1253,93.86666666666666,-580.2666666666667,-157.86666666666667
1254,102.4,-597.3333333333334,-136.53333333333333
1255,121.6,-608.0,-136.53333333333333
1256,115.2,-605.8666666666667,-130.13333333333333
1257,115.2,-614.4,-121.6
1258,119.46666666666667,-620.8,-123.73333333333333
1259,134.4,-614.4,-147.2
1260,128.0,-620.8,-140.8
1261,128.0,-614.4,-153.6
1262,108.8,-614.4,-140.8
1263,117.33333333333333,-612.2666666666667,-168.53333333333333
1264,108.8,-612.2666666666667,-179.2
1265,100.26666666666667,-618.6666666666666,-204.8
1266,98.13333333333333,-614.4,-232.53333333333333
1267,108.8,-605.8666666666667,-292.26666666666665
1268,134.4,-597.3333333333334,-354.1333333333333
1269,157.86666666666667,-593.0666666666666,-422.4
1270,177.06666666666666,-573.8666666666667,-456.5333333333333
1271,179.2,-567.4666666666667,-458.6666666666667
1272,162.13333333333333,-593.0666666666666,-422.4
1273,138.66666666666666,-659.2,-366.93333333333334
1274,121.6,-729.6,-315.73333333333335
1275,96.0,-804.2666666666667,-311.46666666666664
1276,81.06666666666666,-861.8666666666667,-330.6666666666667
1277,70.4,-900.2666666666667,-377.6
1278,53.333333333333336,-908.8,-422.4
1279,61.86666666666667,-889.6,-452.26666666666665
1280,59.733333333333334,-864.0,-462.93333333333334
1281,49.06666666666666,-819.2,-450.1333333333333
1282,44.8,-774.4,-426.6666666666667
1283,38.4,-708.2666666666667,-398.93333333333334
1284,32.0,-663.4666666666667,-379.73333333333335
1285,12.8,-590.9333333333333,-377.6
1286,-2.1333333333333333,-533.3333333333334,-347.73333333333335
1287,-34.13333333333333,-471.46666666666664,-324.26666666666665
1288,-57.6,-424.5333333333333,-298.6666666666667
1289,-74.66666666666667,-403.2,-281.6
1290,-91.73333333333333,-381.8666666666667,-264.5333333333333
1291,-100.26666666666667,-373.3333333333333,-251.73333333333332
1292,-81.06666666666666,-377.6,-236.79999999999998
1293,-61.86666666666667,-388.26666666666665,-228.26666666666665
1294,-42.666666666666664,-394.6666666666667,-238.93333333333334
1295,-19.2,-403.2,-245.33333333333334
1296,4.266666666666667,-437.3333333333333,-247.46666666666667
1297,36.266666666666666,-473.59999999999997,-243.2
1298,51.2,-497.06666666666666,-245.33333333333334
1299,74.66666666666667,-524.8,-245.33333333333334
1300,78.93333333333334,-548.2666666666667,-253.86666666666667
1301,76.8,-567.4666666666667,-256.0
1302,78.93333333333334,-586.6666666666666,-256.0
1303,57.6,-588.8,-260.26666666666665
1304,36.266666666666666,-580.2666666666667,-262.4
1305,-2.1333333333333333,-548.2666666666667,-245.33333333333334
1306,-23.466666666666665,-546.1333333333333,-253.86666666666667
1307,-51.2,-512.0,-232.53333333333333
1308,-59.733333333333334,-503.46666666666664,-226.13333333333333
1309,-70.4,-469.3333333333333,-211.2
1310,-81.06666666666666,-454.4,-198.4
1311,-76.8,-435.2,-192.0
1312,-85.33333333333333,-405.3333333333333,-185.6
1313,-78.93333333333334,-384.0,-189.86666666666667
1314,-70.4,-371.2,-189.86666666666667
1315,-68.26666666666667,-360.5333333333333,-194.13333333333333
1316,-64.0,-343.46666666666664,-189.86666666666667
1317,-53.333333333333336,-339.2,-194.13333333333333
1318,-49.06666666666666,-332.8,-189.86666666666667
1319,-29.866666666666667,-337.06666666666666,-187.73333333333332
1320,-6.4,-332.8,-187.73333333333332
1321,0.0,-334.93333333333334,-187.73333333333332
1322,4.266666666666667,-334.93333333333334,-187.73333333333332
1323,19.2,-339.2,-181.33333333333334
1324,19.2,-337.06666666666666,-187.73333333333332
1325,19.2,-343.46666666666664,-202.66666666666666
1326,14.933333333333334,-343.46666666666664,-209.06666666666666
1327,12.8,-349.8666666666667,-202.66666666666666
1328,6.4,-362.6666666666667,-204.8
1329,2.1333333333333333,-369.06666666666666,-187.73333333333332
1330,0.0,-373.3333333333333,-181.33333333333334
1331,-8.533333333333333,-390.4,-174.93333333333334
1332,-17.066666666666666,-394.6666666666667,-166.4
1333,-23.466666666666665,-403.2,-174.93333333333334
1334,-29.866666666666667,-403.2,-172.8
1335,-46.93333333333333,-396.8,-177.06666666666666
1336,-55.46666666666667,-396.8,-177.06666666666666
1337,-64.0,-392.5333333333333,-179.2
1338,-72.53333333333333,-379.73333333333335,-181.33333333333334
1339,-87.46666666666667,-379.73333333333335,-189.86666666666667
1340,-93.86666666666666,-373.3333333333333,-187.73333333333332
1341,-93.86666666666666,-375.46666666666664,-183.46666666666667
1342,-87.46666666666667,-381.8666666666667,-179.2
1343,-87.46666666666667,-384.0,-172.8
1344,-76.8,-394.6666666666667,-160.0
1345,-72.53333333333333,-394.6666666666667,-149.33333333333334
1346,-55.46666666666667,-416.0,-157.86666666666667
1347,-36.266666666666666,-420.26666666666665,-164.26666666666665
1348,-42.666666666666664,-439.46666666666664,-168.53333333333333
1349,-51.2,-443.73333333333335,-179.2
1350,-49.06666666666666,-448.0,-181.33333333333334
1351,-49.06666666666666,-454.4,-181.33333333333334
1352,-53.333333333333336,-462.93333333333334,-179.2
1353,-49.06666666666666,-473.59999999999997,-183.46666666666667
1354,-51.2,-482.1333333333333,-179.2
1355,-55.46666666666667,-480.0,-181.33333333333334
1356,-66.13333333333333,-484.26666666666665,-179.2
1357,-66.13333333333333,-480.0,-183.46666666666667
1358,-70.4,-486.4,-179.2
1359,-68.26666666666667,-492.8,-181.33333333333334
1360,-76.8,-488.5333333333333,-177.06666666666666
1361,-78.93333333333334,-477.8666666666667,-172.8
1362,-83.2,-473.59999999999997,-166.4
1363,-85.33333333333333,-475.73333333333335,-155.73333333333332
1364,-87.46666666666667,-477.8666666666667,-140.8
1365,-87.46666666666667,-475.73333333333335,-151.46666666666667
1366,-93.86666666666666,-473.59999999999997,-157.86666666666667
1367,-96.0,-477.8666666666667,-160.0
1368,-93.86666666666666,-477.8666666666667,-160.0
1369,-104.53333333333333,-473.59999999999997,-151.46666666666667
1370,-110.93333333333334,-469.3333333333333,-142.93333333333334
1371,-115.2,-480.0,-142.93333333333334
1372,-119.46666666666667,-482.1333333333333,-136.53333333333333
1373,-125.86666666666666,-482.1333333333333,-123.73333333333333
1374,-132.26666666666665,-475.73333333333335,-130.13333333333333
1375,-136.53333333333333,-477.8666666666667,-128.0
1376,-134.4,-473.59999999999997,-142.93333333333334
1377,-132.26666666666665,-467.2,-140.8
1378,-128.0,-467.2,-147.2
1379,-119.46666666666667,-462.93333333333334,-147.2
1380,-115.2,-465.06666666666666,-145.06666666666666
1381,-110.93333333333334,-467.2,-149.33333333333334
1382,-110.93333333333334,-460.8,-138.66666666666666
1383,-102.4,-465.06666666666666,-136.53333333333333
1384,-89.6,-469.3333333333333,-140.8
1385,-96.0,-458.6666666666667,-147.2
1386,-98.13333333333333,-458.6666666666667,-147.2
1387,-110.93333333333334,-448.0,-151.46666666666667
1388,-113.06666666666666,-456.5333333333333,-147.2
1389,-130.13333333333333,-462.93333333333334,-151.46666666666667
1390,-136.53333333333333,-473.59999999999997,-145.06666666666666
1391,-138.66666666666666,-482.1333333333333,-145.06666666666666
1392,-153.6,-494.93333333333334,-147.2
1393,-155.73333333333332,-505.59999999999997,-153.6
1394,-155.73333333333332,-505.59999999999997,-160.0
1395,-160.0,-512.0,-157.86666666666667
1396,-153.6,-516.2666666666667,-160.0
1397,-149.33333333333334,-522.6666666666666,-162.13333333333333
1398,-145.06666666666666,-520.5333333333333,-168.53333333333333
1399,-136.53333333333333,-520.5333333333333,-160.0
1400,-134.4,-514.1333333333333,-157.86666666666667
1401,-125.86666666666666,-520.5333333333333,-155.73333333333332
1402,-119.46666666666667,-526.9333333333333,-138.66666666666666
1403,-121.6,-526.9333333333333,-140.8
1404,-125.86666666666666,-531.2,-128.0
1405,-117.33333333333333,-544.0,-136.53333333333333
1406,-121.6,-537.6,-142.93333333333334
1407,-123.73333333333333,-556.8,-155.73333333333332
1408,-117.33333333333333,-554.6666666666666,-177.06666666666666
1409,-123.73333333333333,-550.4,-183.46666666666667
1410,-130.13333333333333,-541.8666666666667,-202.66666666666666
1411,-140.8,-541.8666666666667,-213.33333333333334
1412,-142.93333333333334,-539.7333333333333,-213.33333333333334
1413,-149.33333333333334,-546.1333333333333,-202.66666666666666
1414,-142.93333333333334,-546.1333333333333,-209.06666666666666
1415,-142.93333333333334,-571.7333333333333,-194.13333333333333
1416,-140.8,-593.0666666666666,-194.13333333333333
1417,-140.8,-608.0,-206.93333333333334
1418,-136.53333333333333,-625.0666666666666,-215.46666666666667
1419,-123.73333333333333,-646.4,-226.13333333333333
1420,-117.33333333333333,-657.0666666666666,-228.26666666666665
1421,-106.66666666666667,-672.0,-232.53333333333333
1422,-104.53333333333333,-686.9333333333333,-230.4
1423,-96.0,-710.4,-213.33333333333334
1424,-110.93333333333334,-729.6,-211.2
1425,-110.93333333333334,-736.0,-200.53333333333333
1426,-113.06666666666666,-748.8,-202.66666666666666
1427,-128.0,-746.6666666666666,-202.66666666666666
1428,-134.4,-742.4,-224.0
1429,-149.33333333333334,-738.1333333333333,-234.66666666666666
1430,-181.33333333333334,-729.6,-241.06666666666666
1431,-204.8,-733.8666666666667,-234.66666666666666
1432,-226.13333333333333,-725.3333333333334,-245.33333333333334
1433,-241.06666666666666,-723.2,-260.26666666666665
1434,-253.86666666666667,-714.6666666666666,-279.46666666666664
1435,-268.8,-706.1333333333333,-311.46666666666664
1436,-273.06666666666666,-682.6666666666666,-337.06666666666666
1437,-264.5333333333333,-669.8666666666667,-349.8666666666667
1438,-251.73333333333332,-661.3333333333334,-352.0
1439,-245.33333333333334,-642.1333333333333,-345.6
1440,-230.4,-631.4666666666667,-337.06666666666666
1441,-215.46666666666667,-618.6666666666666,-315.73333333333335
1442,-194.13333333333333,-614.4,-302.93333333333334
1443,-170.66666666666666,-593.0666666666666,-290.1333333333333
1444,-153.6,-578.1333333333333,-288.0
1445,-142.93333333333334,-552.5333333333333,-290.1333333333333
1446,-136.53333333333333,-529.0666666666666,-275.2
1447,-132.26666666666665,-484.26666666666665,-273.06666666666666
1448,-132.26666666666665,-462.93333333333334,-258.1333333333333
1449,-125.86666666666666,-439.46666666666664,-251.73333333333332
1450,-128.0,-422.4,-256.0
1451,-121.6,-420.26666666666665,-251.73333333333332
1452,-132.26666666666665,-411.73333333333335,-251.73333333333332
1453,-138.66666666666666,-409.6,-247.46666666666667
1454,-153.6,-403.2,-253.86666666666667
1455,-164.26666666666665,-409.6,-245.33333333333334
1456,-187.73333333333332,-409.6,-245.33333333333334
1457,-189.86666666666667,-409.6,-247.46666666666667
1458,-200.53333333333333,-416.0,-258.1333333333333
1459,-211.2,-416.0,-249.6
1460,-213.33333333333334,-405.3333333333333,-256.0
1461,-198.4,-407.46666666666664,-281.6
1462,-192.0,-407.46666666666664,-266.6666666666667
1463,-174.93333333333334,-403.2,-262.4
1464,-160.0,-398.93333333333334,-258.1333333333333
1465,-149.33333333333334,-398.93333333333334,-251.73333333333332
1466,-140.8,-396.8,-243.2
1467,-136.53333333333333,-403.2,-236.79999999999998
1468,-123.73333333333333,-405.3333333333333,-234.66666666666666
1469,-110.93333333333334,-407.46666666666664,-243.2
1470,-98.13333333333333,-418.1333333333333,-245.33333333333334
1471,-78.93333333333334,-422.4,-247.46666666666667
1472,-70.4,-428.8,-236.79999999999998
1473,-61.86666666666667,-433.06666666666666,-228.26666666666665
1474,-53.333333333333336,-437.3333333333333,-226.13333333333333
1475,-40.53333333333333,-448.0,-232.53333333333333
1476,-46.93333333333333,-454.4,-232.53333333333333
1477,-46.93333333333333,-462.93333333333334,-236.79999999999998
1478,-53.333333333333336,-467.2,-249.6
1479,-53.333333333333336,-471.46666666666664,-247.46666666666667
1480,-59.733333333333334,-467.2,-234.66666666666666
1481,-68.26666666666667,-465.06666666666666,-253.86666666666667
1482,-72.53333333333333,-465.06666666666666,-249.6
1483,-81.06666666666666,-454.4,-249.6
1484,-81.06666666666666,-458.6666666666667,-249.6
1485,-85.33333333333333,-452.26666666666665,-260.26666666666665
1486,-81.06666666666666,-445.8666666666667,-260.26666666666665
1487,-76.8,-422.4,-260.26666666666665
1488,-66.13333333333333,-413.8666666666667,-251.73333333333332
1489,-61.86666666666667,-418.1333333333333,-256.0
1490,-53.333333333333336,-422.4,-249.6
1491,-42.666666666666664,-422.4,-236.79999999999998
1492,-34.13333333333333,-422.4,-228.26666666666665
1493,-29.866666666666667,-420.26666666666665,-232.53333333333333
1494,-21.333333333333332,-424.5333333333333,-241.06666666666666
1495,-21.333333333333332,-420.26666666666665,-236.79999999999998
1496,-23.466666666666665,-422.4,-236.79999999999998
1497,-19.2,-424.5333333333333,-241.06666666666666
1498,-27.733333333333334,-418.1333333333333,-238.93333333333334
1499,-21.333333333333332,-416.0,-232.53333333333333
1500,-19.2,-422.4,-245.33333333333334
1501,-19.2,-420.26666666666665,-247.46666666666667
1502,-25.6,-428.8,-236.79999999999998
1503,-25.6,-416.0,-234.66666666666666
1504,-23.466666666666665,-424.5333333333333,-230.4
1505,-32.0,-418.1333333333333,-226.13333333333333
1506,-40.53333333333333,-413.8666666666667,-226.13333333333333
1507,-49.06666666666666,-420.26666666666665,-211.2
1508,-53.333333333333336,-422.4,-215.46666666666667
1509,-61.86666666666667,-424.5333333333333,-209.06666666666666
1510,-64.0,-426.6666666666667,-204.8
1511,-66.13333333333333,-426.6666666666667,-202.66666666666666
1512,-72.53333333333333,-430.93333333333334,-198.4
1513,-68.26666666666667,-435.2,-192.0
1514,-68.26666666666667,-441.59999999999997,-189.86666666666667
1515,-66.13333333333333,-445.8666666666667,-187.73333333333332
1516,-68.26666666666667,-448.0,-202.66666666666666
1517,-76.8,-443.73333333333335,-202.66666666666666
1518,-68.26666666666667,-439.46666666666664,-204.8
1519,-72.53333333333333,-443.73333333333335,-209.06666666666666
1520,-72.53333333333333,-441.59999999999997,-211.2
1521,-72.53333333333333,-439.46666666666664,-206.93333333333334
1522,-68.26666666666667,-445.8666666666667,-206.93333333333334
1523,-59.733333333333334,-439.46666666666664,-204.8
1524,-55.46666666666667,-435.2,-196.26666666666665
1525,-46.93333333333333,-439.46666666666664,-200.53333333333333
1526,-40.53333333333333,-435.2,-192.0
1527,-27.733333333333334,-439.46666666666664,-194.13333333333333
1528,-17.066666666666666,-441.59999999999997,-209.06666666666666
1529,-6.4,-450.1333333333333,-204.8
1530,0.0,-456.5333333333333,-198.4
1531,-12.8,-456.5333333333333,-196.26666666666665
1532,-8.533333333333333,-467.2,-198.4
1533,0.0,-473.59999999999997,-202.66666666666666
1534,-6.4,-477.8666666666667,-194.13333333333333
1535,-10.666666666666666,-482.1333333333333,-204.8
1536,-8.533333333333333,-482.1333333333333,-196.26666666666665
1537,0.0,-486.4,-206.93333333333334
1538,0.0,-486.4,-215.46666666666667
1539,0.0,-473.59999999999997,-206.93333333333334
1540,0.0,-475.73333333333335,-209.06666666666666
1541,-2.1333333333333333,-473.59999999999997,-206.93333333333334
1542,-6.4,-484.26666666666665,-206.93333333333334
1543,-14.933333333333334,-486.4,-213.33333333333334
1544,-34.13333333333333,-497.06666666666666,-181.33333333333334
1545,-36.266666666666666,-499.2,-166.4
1546,-55.46666666666667,-494.93333333333334,-160.0
1547,-70.4,-490.6666666666667,-160.0
1548,-83.2,-484.26666666666665,-164.26666666666665
1549,-108.8,-475.73333333333335,-172.8
1550,-123.73333333333333,-473.59999999999997,-177.06666666666666
1551,-140.8,-465.06666666666666,-194.13333333333333
1552,-149.33333333333334,-456.5333333333333,-206.93333333333334
1553,-157.86666666666667,-452.26666666666665,-230.4
1554,-147.2,-452.26666666666665,-234.66666666666666
1555,-136.53333333333333,-456.5333333333333,-238.93333333333334
1556,-123.73333333333333,-456.5333333333333,-243.2
1557,-96.0,-480.0,-232.53333333333333
1558,-68.26666666666667,-497.06666666666666,-224.0
1559,-29.866666666666667,-529.0666666666666,-211.2
1560,0.0,-548.2666666666667,-204.8
1561,27.733333333333334,-580.2666666666667,-200.53333333333333
1562,57.6,-599.4666666666667,-200.53333333333333
1563,72.53333333333333,-612.2666666666667,-202.66666666666666
1564,78.93333333333334,-620.8,-206.93333333333334
1565,85.33333333333333,-629.3333333333334,-202.66666666666666
1566,85.33333333333333,-603.7333333333333,-224.0
1567,78.93333333333334,-580.2666666666667,-228.26666666666665
1568,68.26666666666667,-561.0666666666666,-236.79999999999998
1569,55.46666666666667,-531.2,-219.73333333333332
1570,53.333333333333336,-505.59999999999997,-217.6
1571,44.8,-473.59999999999997,-213.33333333333334
1572,38.4,-443.73333333333335,-206.93333333333334
1573,42.666666666666664,-422.4,-211.2
1574,40.53333333333333,-411.73333333333335,-224.0
1575,38.4,-405.3333333333333,-232.53333333333333
1576,32.0,-403.2,-236.79999999999998
1577,27.733333333333334,-424.5333333333333,-230.4
1578,17.066666666666666,-441.59999999999997,-215.46666666666667
1579,6.4,-469.3333333333333,-185.6
1580,0.0,-494.93333333333334,-168.53333333333333
1581,-10.666666666666666,-529.0666666666666,-157.86666666666667
1582,-25.6,-550.4,-149.33333333333334
1583,-34.13333333333333,-573.8666666666667,-168.53333333333333
1584,-51.2,-595.2,-183.46666666666667
1585,-61.86666666666667,-605.8666666666667,-206.93333333333334
1586,-74.66666666666667,-608.0,-221.86666666666667
1587,-83.2,-614.4,-230.4
1588,-98.13333333333333,-622.9333333333333,-232.53333333333333
1589,-113.06666666666666,-629.3333333333334,-226.13333333333333
1590,-130.13333333333333,-633.6,-219.73333333333332
1591,-136.53333333333333,-635.7333333333333,-215.46666666666667
1592,-140.8,-627.2,-211.2
1593,-151.46666666666667,-603.7333333333333,-204.8
1594,-162.13333333333333,-578.1333333333333,-194.13333333333333
1595,-166.4,-548.2666666666667,-187.73333333333332
1596,-170.66666666666666,-518.4,-189.86666666666667
1597,-166.4,-475.73333333333335,-185.6
1598,-151.46666666666667,-445.8666666666667,-187.73333333333332
1599,-145.06666666666666,-405.3333333333333,-174.93333333333334
1600,-140.8,-379.73333333333335,-179.2
1601,-136.53333333333333,-362.6666666666667,-183.46666666666667
1602,-121.6,-352.0,-179.2
1603,-102.4,-347.73333333333335,-183.46666666666667
1604,-87.46666666666667,-354.1333333333333,-198.4
1605,-89.6,-364.8,-194.13333333333333
1606,-81.06666666666666,-375.46666666666664,-204.8
1607,-66.13333333333333,-403.2,-196.26666666666665
1608,-70.4,-420.26666666666665,-198.4
1609,-66.13333333333333,-439.46666666666664,-202.66666666666666
1610,-59.733333333333334,-456.5333333333333,-213.33333333333334
1611,-55.46666666666667,-480.0,-221.86666666666667
1612,-57.6,-494.93333333333334,-224.0
1613,-51.2,-505.59999999999997,-234.66666666666666
1614,-55.46666666666667,-509.8666666666667,-230.4
1615,-55.46666666666667,-516.2666666666667,-245.33333333333334
1616,-57.6,-522.6666666666666,-243.2
1617,-59.733333333333334,-522.6666666666666,-232.53333333333333
1618,-70.4,-518.4,-221.86666666666667
1619,-66.13333333333333,-518.4,-226.13333333333333
1620,-57.6,-512.0,-221.86666666666667
1621,-64.0,-516.2666666666667,-204.8
1622,-61.86666666666667,-509.8666666666667,-194.13333333333333
1623,-57.6,-509.8666666666667,-192.0
1624,-51.2,-509.8666666666667,-194.13333333333333
1625,-53.333333333333336,-507.73333333333335,-181.33333333333334
1626,-55.46666666666667,-516.2666666666667,-179.2
1627,-51.2,-512.0,-168.53333333333333
1628,-61.86666666666667,-520.5333333333333,-164.26666666666665
1629,-61.86666666666667,-531.2,-164.26666666666665
1630,-68.26666666666667,-539.7333333333333,-151.46666666666667
1631,-72.53333333333333,-552.5333333333333,-157.86666666666667
1632,-83.2,-558.9333333333333,-160.0
1633,-91.73333333333333,-561.0666666666666,-160.0
1634,-98.13333333333333,-556.8,-174.93333333333334
1635,-93.86666666666666,-556.8,-179.2
1636,-106.66666666666667,-552.5333333333333,-192.0
1637,-110.93333333333334,-548.2666666666667,-194.13333333333333
1638,-113.06666666666666,-539.7333333333333,-181.33333333333334
1639,-121.6,-533.3333333333334,-181.33333333333334
1640,-123.73333333333333,-535.4666666666667,-179.2
1641,-130.13333333333333,-526.9333333333333,-189.86666666666667
1642,-130.13333333333333,-522.6666666666666,-181.33333333333334
1643,-136.53333333333333,-516.2666666666667,-181.33333333333334
1644,-132.26666666666665,-507.73333333333335,-179.2
1645,-136.53333333333333,-492.8,-177.06666666666666
1646,-138.66666666666666,-482.1333333333333,-174.93333333333334
1647,-134.4,-484.26666666666665,-177.06666666666666
1648,-128.0,-482.1333333333333,-174.93333333333334
1649,-119.46666666666667,-477.8666666666667,-177.06666666666666
1650,-110.93333333333334,-473.59999999999997,-185.6
1651,-100.26666666666667,-471.46666666666664,-192.0
1652,-89.6,-475.73333333333335,-202.66666666666666
1653,-78.93333333333334,-475.73333333333335,-200.53333333333333
1654,-68.26666666666667,-473.59999999999997,-213.33333333333334
1655,-59.733333333333334,-475.73333333333335,-215.46666666666667
1656,-59.733333333333334,-486.4,-206.93333333333334
1657,-40.53333333333333,-494.93333333333334,-215.46666666666667
1658,-34.13333333333333,-507.73333333333335,-209.06666666666666
1659,-23.466666666666665,-505.59999999999997,-213.33333333333334
1660,-10.666666666666666,-526.9333333333333,-202.66666666666666
1661,-17.066666666666666,-529.0666666666666,-202.66666666666666
1662,0.0,-531.2,-206.93333333333334
1663,-6.4,-539.7333333333333,-206.93333333333334
1664,2.1333333333333333,-546.1333333333333,-204.8
1665,8.533333333333333,-546.1333333333333,-198.4
1666,17.066666666666666,-546.1333333333333,-194.13333333333333
1667,29.866666666666667,-554.6666666666666,-194.13333333333333
1668,53.333333333333336,-558.9333333333333,-192.0
1669,61.86666666666667,-552.5333333333333,-200.53333333333333
1670,74.66666666666667,-565.3333333333334,-183.46666666666667
1671,91.73333333333333,-556.8,-174.93333333333334
1672,93.86666666666666,-556.8,-160.0
1673,96.0,-556.8,-151.46666666666667
1674,87.46666666666667,-546.1333333333333,-142.93333333333334
1675,76.8,-535.4666666666667,-125.86666666666666
1676,68.26666666666667,-529.0666666666666,-130.13333333333333
1677,40.53333333333333,-507.73333333333335,-123.73333333333333
1678,32.0,-494.93333333333334,-134.4
1679,6.4,-477.8666666666667,-155.73333333333332
1680,-2.1333333333333333,-469.3333333333333,-157.86666666666667
1681,-21.333333333333332,-460.8,-166.4
1682,-40.53333333333333,-452.26666666666665,-170.66666666666666
1683,-59.733333333333334,-450.1333333333333,-155.73333333333332
1684,-83.2,-450.1333333333333,-153.6
1685,-104.53333333333333,-450.1333333333333,-149.33333333333334
1686,-125.86666666666666,-465.06666666666666,-138.66666666666666
1687,-119.46666666666667,-471.46666666666664,-136.53333333333333
1688,-128.0,-465.06666666666666,-130.13333333333333
1689,-132.26666666666665,-484.26666666666665,-134.4
1690,-132.26666666666665,-473.59999999999997,-145.06666666666666
1691,-132.26666666666665,-471.46666666666664,-155.73333333333332
1692,-123.73333333333333,-488.5333333333333,-160.0
1693,-128.0,-480.0,-166.4
1694,-110.93333333333334,-488.5333333333333,-174.93333333333334
1695,-98.13333333333333,-497.06666666666666,-179.2
1696,-81.06666666666666,-509.8666666666667,-189.86666666666667
1697,-70.4,-531.2,-189.86666666666667
1698,-61.86666666666667,-533.3333333333334,-198.4
1699,-44.8,-552.5333333333333,-196.26666666666665
1700,-46.93333333333333,-561.0666666666666,-187.73333333333332
1701,-32.0,-578.1333333333333,-183.46666666666667
1702,-29.866666666666667,-584.5333333333333,-179.2
1703,-19.2,-593.0666666666666,-177.06666666666666
1704,-12.8,-597.3333333333334,-170.66666666666666
1705,-2.1333333333333333,-597.3333333333334,-164.26666666666665
1706,-12.8,-593.0666666666666,-151.46666666666667
1707,0.0,-597.3333333333334,-149.33333333333334
1708,0.0,-610.1333333333333,-142.93333333333334
1709,4.266666666666667,-610.1333333333333,-145.06666666666666
1710,10.666666666666666,-612.2666666666667,-149.33333333333334
1711,17.066666666666666,-616.5333333333333,-145.06666666666666
1712,17.066666666666666,-608.0,-166.4
1713,17.066666666666666,-610.1333333333333,-162.13333333333333
1714,17.066666666666666,-584.5333333333333,-174.93333333333334
1715,6.4,-565.3333333333334,-183.46666666666667
1716,2.1333333333333333,-550.4,-183.46666666666667
1717,-6.4,-529.0666666666666,-192.0
1718,-2.1333333333333333,-526.9333333333333,-187.73333333333332
1719,-14.933333333333334,-522.6666666666666,-164.26666666666665
1720,-23.466666666666665,-524.8,-147.2
1721,-21.333333333333332,-520.5333333333333,-136.53333333333333
1722,-25.6,-524.8,-128.0
1723,-17.066666666666666,-529.0666666666666,-130.13333333333333
1724,-6.4,-529.0666666666666,-147.2
1725,-2.1333333333333333,-524.8,-174.93333333333334
1726,2.1333333333333333,-522.6666666666666,-183.46666666666667
1727,2.1333333333333333,-518.4,-187.73333333333332
1728,14.933333333333334,-520.5333333333333,-185.6
1729,19.2,-529.0666666666666,-164.26666666666665
1730,29.866666666666667,-548.2666666666667,-138.66666666666666
1731,36.266666666666666,-578.1333333333333,-113.06666666666666
1732,44.8,-597.3333333333334,-91.73333333333333
1733,59.733333333333334,-620.8,-83.2
1734,55.46666666666667,-631.4666666666667,-110.93333333333334
1735,55.46666666666667,-635.7333333333333,-130.13333333333333
1736,46.93333333333333,-625.0666666666666,-168.53333333333333
1737,36.266666666666666,-616.5333333333333,-194.13333333333333
1738,19.2,-601.6,-204.8
1739,6.4,-576.0,-202.66666666666666
1740,0.0,-563.2,-187.73333333333332
1741,-10.666666666666666,-544.0,-177.06666666666666
1742,-25.6,-537.6,-151.46666666666667
1743,-25.6,-535.4666666666667,-142.93333333333334
1744,-40.53333333333333,-529.0666666666666,-134.4
1745,-40.53333333333333,-518.4,-160.0
1746,-44.8,-514.1333333333333,-155.73333333333332
1747,-46.93333333333333,-503.46666666666664,-164.26666666666665
1748,-49.06666666666666,-492.8,-172.8
1749,-42.666666666666664,-501.3333333333333,-164.26666666666665
1750,-40.53333333333333,-488.5333333333333,-147.2
1751,-29.866666666666667,-482.1333333333333,-119.46666666666667
1752,-19.2,-490.6666666666667,-98.13333333333333
1753,-17.066666666666666,-477.8666666666667,-91.73333333333333
1754,-6.4,-467.2,-87.46666666666667
1755,-2.1333333333333333,-456.5333333333333,-104.53333333333333
1756,-10.666666666666666,-448.0,-119.46666666666667
1757,-4.266666666666667,-428.8,-130.13333333333333
1758,2.1333333333333333,-413.8666666666667,-134.4
1759,-2.1333333333333333,-413.8666666666667,-136.53333333333333
1760,-12.8,-401.06666666666666,-125.86666666666666
1761,-8.533333333333333,-394.6666666666667,-130.13333333333333
1762,0.0,-398.93333333333334,-121.6
1763,4.266666666666667,-403.2,-121.6
1764,2.1333333333333333,-416.0,-113.06666666666666
1765,0.0,-426.6666666666667,-110.93333333333334
1766,6.4,-439.46666666666664,-119.46666666666667
1767,17.066666666666666,-469.3333333333333,-117.33333333333333
1768,34.13333333333333,-497.06666666666666,-119.46666666666667
1769,38.4,-526.9333333333333,-123.73333333333333
1770,42.666666666666664,-561.0666666666666,-113.06666666666666
1771,38.4,-605.8666666666667,-119.46666666666667
1772,27.733333333333334,-631.4666666666667,-136.53333333333333
1773,2.1333333333333333,-642.1333333333333,-155.73333333333332
1774,-17.066666666666666,-663.4666666666667,-189.86666666666667
1775,-42.666666666666664,-654.9333333333333,-202.66666666666666
1776,-70.4,-644.2666666666667,-211.2
1777,-85.33333333333333,-637.8666666666667,-221.86666666666667
1778,-100.26666666666667,-614.4,-247.46666666666667
1779,-102.4,-588.8,-221.86666666666667
1780,-89.6,-573.8666666666667,-204.8
1781,-74.66666666666667,-546.1333333333333,-185.6
1782,-49.06666666666666,-531.2,-172.8
1783,-34.13333333333333,-509.8666666666667,-155.73333333333332
1784,-32.0,-488.5333333333333,-157.86666666666667
1785,-21.333333333333332,-467.2,-142.93333333333334
1786,-23.466666666666665,-460.8,-142.93333333333334
1787,-25.6,-450.1333333333333,-140.8
1788,-29.866666666666667,-439.46666666666664,-132.26666666666665
1789,-42.666666666666664,-437.3333333333333,-125.86666666666666
1790,-53.333333333333336,-437.3333333333333,-119.46666666666667
1791,-66.13333333333333,-454.4,-125.86666666666666
1792,-83.2,-454.4,-115.2
1793,-100.26666666666667,-467.2,-121.6
1794,-119.46666666666667,-482.1333333333333,-119.46666666666667
1795,-130.13333333333333,-486.4,-130.13333333333333
1796,-132.26666666666665,-505.59999999999997,-132.26666666666665
1797,-136.53333333333333,-514.1333333333333,-119.46666666666667
1798,-138.66666666666666,-531.2,-93.86666666666666
1799,-128.0,-550.4,-85.33333333333333
1800,-119.46666666666667,-567.4666666666667,-70.4
1801,-128.0,-584.5333333333333,-61.86666666666667
1802,-130.13333333333333,-595.2,-66.13333333333333
1803,-136.53333333333333,-597.3333333333334,-72.53333333333333
1804,-136.53333333333333,-599.4666666666667,-98.13333333333333
1805,-142.93333333333334,-578.1333333333333,-108.8
1806,-151.46666666666667,-567.4666666666667,-117.33333333333333
1807,-157.86666666666667,-546.1333333333333,-128.0
1808,-160.0,-533.3333333333334,-140.8
1809,-155.73333333333332,-529.0666666666666,-132.26666666666665
1810,-142.93333333333334,-522.6666666666666,-128.0
1811,-134.4,-526.9333333333333,-115.2
1812,-106.66666666666667,-531.2,-93.86666666666666
1813,-83.2,-533.3333333333334,-81.06666666666666
1814,-61.86666666666667,-529.0666666666666,-83.2
1815,-40.53333333333333,-529.0666666666666,-87.46666666666667
1816,-21.333333333333332,-529.0666666666666,-85.33333333333333
1817,-4.266666666666667,-529.0666666666666,-96.0
1818,2.1333333333333333,-526.9333333333333,-100.26666666666667
1819,4.266666666666667,-535.4666666666667,-91.73333333333333
1820,6.4,-539.7333333333333,-91.73333333333333
1821,8.533333333333333,-548.2666666666667,-74.66666666666667
1822,0.0,-569.6,-93.86666666666666
1823,0.0,-590.9333333333333,-85.33333333333333
1824,2.1333333333333333,-610.1333333333333,-89.6
1825,2.1333333333333333,-620.8,-89.6
1826,10.666666666666666,-631.4666666666667,-87.46666666666667
1827,2.1333333333333333,-640.0,-87.46666666666667
1828,2.1333333333333333,-633.6,-93.86666666666666
1829,-4.266666666666667,-620.8,-96.0
1830,-6.4,-612.2666666666667,-91.73333333333333
1831,-14.933333333333334,-599.4666666666667,-87.46666666666667
1832,-6.4,-586.6666666666666,-87.46666666666667
1833,-8.533333333333333,-573.8666666666667,-70.4
1834,0.0,-567.4666666666667,-66.13333333333333
1835,8.533333333333333,-548.2666666666667,-64.0
1836,10.666666666666666,-533.3333333333334,-64.0
1837,8.533333333333333,-518.4,-76.8
1838,10.666666666666666,-512.0,-83.2
1839,6.4,-499.2,-89.6
1840,-4.266666666666667,-477.8666666666667,-98.13333333333333
1841,-10.666666666666666,-471.46666666666664,-100.26666666666667
1842,-17.066666666666666,-465.06666666666666,-106.66666666666667
1843,-27.733333333333334,-465.06666666666666,-110.93333333333334
1844,-49.06666666666666,-475.73333333333335,-160.0
1845,-68.26666666666667,-484.26666666666665,-192.0
1846,-78.93333333333334,-484.26666666666665,-232.53333333333333
1847,-83.2,-486.4,-266.6666666666667
1848,-76.8,-499.2,-268.8
1849,-68.26666666666667,-518.4,-260.26666666666665
1850,-51.2,-544.0,-228.26666666666665
1851,-38.4,-565.3333333333334,-200.53333333333333
1852,-10.666666666666666,-605.8666666666667,-185.6
1853,4.266666666666667,-625.0666666666666,-168.53333333333333
1854,17.066666666666666,-631.4666666666667,-172.8
1855,36.266666666666666,-635.7333333333333,-172.8
1856,57.6,-642.1333333333333,-187.73333333333332
1857,68.26666666666667,-622.9333333333333,-192.0
1858,78.93333333333334,-631.4666666666667,-198.4
1859,74.66666666666667,-625.0666666666666,-213.33333333333334
1860,78.93333333333334,-635.7333333333333,-219.73333333333332
1861,72.53333333333333,-633.6,-232.53333333333333
1862,55.46666666666667,-635.7333333333333,-241.06666666666666
1863,42.666666666666664,-631.4666666666667,-234.66666666666666
1864,21.333333333333332,-637.8666666666667,-219.73333333333332
1865,6.4,-620.8,-215.46666666666667
1866,-8.533333333333333,-608.0,-200.53333333333333
1867,-23.466666666666665,-590.9333333333333,-181.33333333333334
1868,-38.4,-582.4,-177.06666666666666
1869,-42.666666666666664,-561.0666666666666,-172.8
1870,-61.86666666666667,-529.0666666666666,-170.66666666666666
1871,-57.6,-524.8,-177.06666666666666
1872,-61.86666666666667,-499.2,-168.53333333333333
1873,-57.6,-486.4,-164.26666666666665
1874,-46.93333333333333,-469.3333333333333,-166.4
1875,-29.866666666666667,-462.93333333333334,-160.0
1876,-17.066666666666666,-452.26666666666665,-147.2
1877,0.0,-454.4,-138.66666666666666
1878,12.8,-460.8,-134.4
1879,23.466666666666665,-462.93333333333334,-128.0
1880,32.0,-471.46666666666664,-117.33333333333333
1881,38.4,-482.1333333333333,-121.6
1882,42.666666666666664,-492.8,-117.33333333333333
1883,44.8,-503.46666666666664,-110.93333333333334
1884,42.666666666666664,-518.4,-106.66666666666667
1885,40.53333333333333,-526.9333333333333,-106.66666666666667
1886,34.13333333333333,-537.6,-108.8
1887,36.266666666666666,-550.4,-102.4
1888,27.733333333333334,-558.9333333333333,-102.4
1889,27.733333333333334,-565.3333333333334,-113.06666666666666
1890,25.6,-571.7333333333333,-110.93333333333334
1891,25.6,-571.7333333333333,-119.46666666666667
1892,21.333333333333332,-563.2,-128.0
1893,10.666666666666666,-554.6666666666666,-140.8
1894,8.533333333333333,-537.6,-147.2
1895,4.266666666666667,-526.9333333333333,-151.46666666666667
1896,2.1333333333333333,-509.8666666666667,-145.06666666666666
1897,-4.266666666666667,-501.3333333333333,-132.26666666666665
1898,-2.1333333333333333,-480.0,-115.2
1899,-2.1333333333333333,-473.59999999999997,-100.26666666666667
1900,0.0,-475.73333333333335,-85.33333333333333
1901,0.0,-469.3333333333333,-81.06666666666666
1902,0.0,-467.2,-93.86666666666666
1903,-4.266666666666667,-467.2,-98.13333333333333
1904,0.0,-465.06666666666666,-108.8
1905,0.0,-467.2,-117.33333333333333
1906,6.4,-480.0,-119.46666666666667
1907,8.533333333333333,-484.26666666666665,-117.33333333333333
1908,21.333333333333332,-497.06666666666666,-115.2
1909,21.333333333333332,-505.59999999999997,-113.06666666666666
1910,29.866666666666667,-509.8666666666667,-102.4
1911,34.13333333333333,-522.6666666666666,-108.8
1912,34.13333333333333,-531.2,-108.8
1913,36.266666666666666,-533.3333333333334,-121.6
1914,27.733333333333334,-537.6,-128.0
1915,34.13333333333333,-544.0,-128.0
1916,27.733333333333334,-544.0,-128.0
1917,25.6,-548.2666666666667,-128.0
1918,25.6,-548.2666666666667,-125.86666666666666
1919,25.6,-550.4,-134.4
1920,14.933333333333334,-541.8666666666667,-138.66666666666666
1921,14.933333333333334,-539.7333333333333,-138.66666666666666
1922,12.8,-533.3333333333334,-128.0
1923,19.2,-531.2,-117.33333333333333
1924,10.666666666666666,-535.4666666666667,-108.8
1925,17.066666666666666,-531.2,-110.93333333333334
1926,23.466666666666665,-537.6,-108.8
1927,21.333333333333332,-533.3333333333334,-106.66666666666667
1928,23.466666666666665,-539.7333333333333,-117.33333333333333
1929,25.6,-544.0,-110.93333333333334
1930,23.466666666666665,-533.3333333333334,-106.66666666666667
1931,32.0,-537.6,-100.26666666666667
1932,27.733333333333334,-529.0666666666666,-104.53333333333333
1933,34.13333333333333,-529.0666666666666,-98.13333333333333
1934,25.6,-518.4,-96.0
1935,34.13333333333333,-507.73333333333335,-100.26666666666667
1936,34.13333333333333,-494.93333333333334,-102.4
1937,46.93333333333333,-501.3333333333333,-96.0
1938,53.333333333333336,-497.06666666666666,-91.73333333333333
1939,61.86666666666667,-497.06666666666666,-78.93333333333334
1940,61.86666666666667,-501.3333333333333,-78.93333333333334
1941,61.86666666666667,-501.3333333333333,-66.13333333333333
1942,64.0,-507.73333333333335,-53.333333333333336
1943,66.13333333333333,-514.1333333333333,-51.2
1944,66.13333333333333,-507.73333333333335,-57.6
1945,59.733333333333334,-512.0,-66.13333333333333
1946,57.6,-503.46666666666664,-70.4
1947,49.06666666666666,-505.59999999999997,-74.66666666666667
1948,49.06666666666666,-497.06666666666666,-91.73333333333333
1949,44.8,-492.8,-87.46666666666667
1950,46.93333333333333,-482.1333333333333,-89.6
1951,51.2,-486.4,-89.6
1952,34.13333333333333,-482.1333333333333,-83.2
1953,29.866666666666667,-469.3333333333333,-81.06666666666666
1954,40.53333333333333,-473.59999999999997,-66.13333333333333
1955,29.866666666666667,-473.59999999999997,-59.733333333333334
1956,29.866666666666667,-473.59999999999997,-61.86666666666667
1957,32.0,-471.46666666666664,-53.333333333333336
1958,32.0,-469.3333333333333,-49.06666666666666
1959,29.866666666666667,-465.06666666666666,-53.333333333333336
1960,17.066666666666666,-462.93333333333334,-61.86666666666667
1961,17.066666666666666,-460.8,-68.26666666666667
1962,25.6,-458.6666666666667,-76.8
1963,42.666666666666664,-469.3333333333333,-70.4
1964,55.46666666666667,-471.46666666666664,-42.666666666666664
1965,66.13333333333333,-497.06666666666666,-32.0
1966,70.4,-518.4,0.0
1967,68.26666666666667,-537.6,8.533333333333333
1968,66.13333333333333,-552.5333333333333,17.066666666666666
1969,64.0,-573.8666666666667,14.933333333333334
1970,57.6,-584.5333333333333,4.266666666666667
1971,34.13333333333333,-586.6666666666666,-6.4
1972,27.733333333333334,-590.9333333333333,-17.066666666666666
1973,21.333333333333332,-608.0,-23.466666666666665
1974,23.466666666666665,-593.0666666666666,-32.0
1975,32.0,-584.5333333333333,-38.4
1976,36.266666666666666,-584.5333333333333,-46.93333333333333
1977,38.4,-580.2666666666667,-42.666666666666664
1978,49.06666666666666,-563.2,-44.8
1979,46.93333333333333,-537.6,-51.2
1980,46.93333333333333,-524.8,-46.93333333333333
1981,57.6,-507.73333333333335,-57.6
1982,53.333333333333336,-469.3333333333333,-74.66666666666667
1983,55.46666666666667,-445.8666666666667,-72.53333333333333
1984,53.333333333333336,-422.4,-53.333333333333336
1985,53.333333333333336,-407.46666666666664,-66.13333333333333
1986,53.333333333333336,-394.6666666666667,-44.8
1987,57.6,-394.6666666666667,-34.13333333333333
1988,53.333333333333336,-394.6666666666667,-23.466666666666665
1989,46.93333333333333,-394.6666666666667,-10.666666666666666
1990,40.53333333333333,-401.06666666666666,6.4
1991,36.266666666666666,-413.8666666666667,0.0
1992,25.6,-439.46666666666664,2.1333333333333333
1993,21.333333333333332,-445.8666666666667,-4.266666666666667
1994,19.2,-469.3333333333333,-12.8
1995,29.866666666666667,-486.4,-6.4
1996,23.466666666666665,-497.06666666666666,-14.933333333333334
1997,34.13333333333333,-514.1333333333333,-12.8
1998,42.666666666666664,-531.2,-6.4
1999,40.53333333333333,-533.3333333333334,-10.666666666666666
2000,53.333333333333336,-541.8666666666667,-10.666666666666666
2001,57.6,-539.7333333333333,-23.466666666666665
2002,66.13333333333333,-529.0666666666666,-25.6
2003,68.26666666666667,-524.8,-25.6
2004,64.0,-524.8,-14.933333333333334
2005,59.733333333333334,-520.5333333333333,8.533333333333333
2006,66.13333333333333,-518.4,17.066666666666666
2007,59.733333333333334,-518.4,29.866666666666667
2008,55.46666666666667,-514.1333333333333,17.066666666666666
2009,53.333333333333336,-507.73333333333335,-6.4
2010,42.666666666666664,-507.73333333333335,-19.2
2011,42.666666666666664,-497.06666666666666,-38.4
2012,32.0,-486.4,-51.2
2013,27.733333333333334,-471.46666666666664,-64.0
2014,32.0,-473.59999999999997,-53.333333333333336
2015,25.6,-467.2,-42.666666666666664
2016,19.2,-480.0,-29.866666666666667
2017,32.0,-469.3333333333333,-27.733333333333334
2018,29.866666666666667,-458.6666666666667,-23.466666666666665
2019,29.866666666666667,-443.73333333333335,-40.53333333333333
2020,40.53333333333333,-439.46666666666664,-42.666666666666664
2021,38.4,-418.1333333333333,-44.8
2022,29.866666666666667,-413.8666666666667,-36.266666666666666
2023,34.13333333333333,-416.0,-19.2
2024,27.733333333333334,-437.3333333333333,4.266666666666667
2025,29.866666666666667,-456.5333333333333,17.066666666666666
2026,38.4,-494.93333333333334,29.866666666666667
2027,51.2,-522.6666666666666,44.8
2028,55.46666666666667,-544.0,25.6
2029,66.13333333333333,-561.0666666666666,12.8
2030,78.93333333333334,-567.4666666666667,4.266666666666667
2031,93.86666666666666,-567.4666666666667,-8.533333333333333
2032,96.0,-554.6666666666666,-21.333333333333332
2033,108.8,-541.8666666666667,-40.53333333333333
2034,119.46666666666667,-516.2666666666667,-68.26666666666667
2035,102.4,-473.59999999999997,-93.86666666666666
2036,93.86666666666666,-411.73333333333335,-134.4
2037,98.13333333333333,-369.06666666666666,-164.26666666666665
2038,89.6,-315.73333333333335,-164.26666666666665
2039,64.0,-253.86666666666667,-168.53333333333333
2040,55.46666666666667,-221.86666666666667,-162.13333333333333
2041,36.266666666666666,-187.73333333333332,-130.13333333333333
2042,2.1333333333333333,-174.93333333333334,-104.53333333333333
2043,-55.46666666666667,-183.46666666666667,-70.4
2044,-102.4,-217.6,-74.66666666666667
2045,-142.93333333333334,-266.6666666666667,-108.8
2046,-170.66666666666666,-328.5333333333333,-147.2
2047,-198.4,-398.93333333333334,-168.53333333333333
2048,-232.53333333333333,-480.0,-179.2
2049,-258.1333333333333,-554.6666666666666,-181.33333333333334
2050,-270.93333333333334,-637.8666666666667,-204.8
2051,-283.73333333333335,-712.5333333333333,-243.2
2052,-264.5333333333333,-808.5333333333333,-245.33333333333334
2053,-251.73333333333332,-885.3333333333334,-256.0
2054,-236.79999999999998,-951.4666666666667,-247.46666666666667
2055,-204.8,-1009.0666666666666,-230.4
2056,-166.4,-1049.6,-211.2
2057,-153.6,-1041.0666666666666,-204.8
2058,-138.66666666666666,-985.6,-200.53333333333333
2059,-115.2,-906.6666666666666,-194.13333333333333
2060,-61.86666666666667,-825.6,-170.66666666666666
2061,-2.1333333333333333,-733.8666666666667,-142.93333333333334
2062,27.733333333333334,-663.4666666666667,-110.93333333333334
2063,59.733333333333334,-610.1333333333333,-76.8
2064,68.26666666666667,-567.4666666666667,-53.333333333333336
2065,57.6,-546.1333333333333,-44.8
2066,38.4,-548.2666666666667,-66.13333333333333
2067,29.866666666666667,-558.9333333333333,-140.8
2068,8.533333333333333,-608.0,-228.26666666666665
2069,-29.866666666666667,-676.2666666666667,-288.0
2070,-98.13333333333333,-782.9333333333333,-290.1333333333333
2071,-185.6,-898.1333333333333,-243.2
2072,-232.53333333333333,-1036.8,-179.2
2073,-264.5333333333333,-1094.4,-125.86666666666666
2074,-273.06666666666666,-1083.7333333333333,-115.2
2075,-277.3333333333333,-1045.3333333333333,-130.13333333333333
2076,-253.86666666666667,-985.6,-147.2
2077,-234.66666666666666,-925.8666666666667,-117.33333333333333
2078,-209.06666666666666,-859.7333333333333,-98.13333333333333
2079,-174.93333333333334,-804.2666666666667,-72.53333333333333
2080,-142.93333333333334,-753.0666666666666,-46.93333333333333
2081,-115.2,-684.8,-38.4
2082,-104.53333333333333,-644.2666666666667,-51.2
2083,-78.93333333333334,-597.3333333333334,-44.8
2084,-42.666666666666664,-561.0666666666666,-57.6
2085,-17.066666666666666,-531.2,-57.6
2086,0.0,-499.2,-51.2
2087,4.266666666666667,-458.6666666666667,-46.93333333333333
2088,23.466666666666665,-445.8666666666667,-49.06666666666666
2089,40.53333333333333,-424.5333333333333,-42.666666666666664
2090,51.2,-430.93333333333334,-46.93333333333333
2091,61.86666666666667,-430.93333333333334,-57.6
2092,44.8,-452.26666666666665,-53.333333333333336
2093,10.666666666666666,-475.73333333333335,-61.86666666666667
2094,-21.333333333333332,-486.4,-68.26666666666667
2095,-51.2,-507.73333333333335,-59.733333333333334
2096,-83.2,-520.5333333333333,-51.2
2097,-117.33333333333333,-524.8,-49.06666666666666
2098,-130.13333333333333,-539.7333333333333,-44.8
2099,-151.46666666666667,-539.7333333333333,-36.266666666666666
2100,-164.26666666666665,-537.6,-36.266666666666666
2101,-170.66666666666666,-526.9333333333333,-29.866666666666667
2102,-166.4,-512.0,-34.13333333333333
2103,-164.26666666666665,-482.1333333333333,-40.53333333333333
2104,-140.8,-465.06666666666666,-40.53333333333333
2105,-121.6,-441.59999999999997,-44.8
2106,-100.26666666666667,-422.4,-49.06666666666666
2107,-72.53333333333333,-405.3333333333333,-44.8
2108,-49.06666666666666,-386.1333333333333,-42.666666666666664
2109,-34.13333333333333,-373.3333333333333,-27.733333333333334
2110,-12.8,-369.06666666666666,-19.2
2111,-4.266666666666667,-373.3333333333333,-8.533333333333333
2112,0.0,-360.5333333333333,-17.066666666666666
2113,6.4,-362.6666666666667,-23.466666666666665
2114,8.533333333333333,-366.93333333333334,-34.13333333333333
2115,4.266666666666667,-369.06666666666666,-36.266666666666666
2116,6.4,-384.0,-46.93333333333333
2117,6.4,-392.5333333333333,-46.93333333333333
2118,12.8,-401.06666666666666,-44.8
2119,12.8,-426.6666666666667,-44.8
2120,19.2,-441.59999999999997,-57.6
2121,8.533333333333333,-450.1333333333333,-66.13333333333333
2122,8.533333333333333,-454.4,-83.2
2123,10.666666666666666,-458.6666666666667,-87.46666666666667
2124,4.266666666666667,-460.8,-102.4
2125,-4.266666666666667,-454.4,-104.53333333333333
2126,-10.666666666666666,-458.6666666666667,-81.06666666666666
2127,-17.066666666666666,-462.93333333333334,-74.66666666666667
2128,-27.733333333333334,-471.46666666666664,-55.46666666666667
2129,-40.53333333333333,-482.1333333333333,-40.53333333333333
2130,-42.666666666666664,-497.06666666666666,-10.666666666666666
2131,-46.93333333333333,-509.8666666666667,6.4
2132,-55.46666666666667,-516.2666666666667,2.1333333333333333
2133,-66.13333333333333,-518.4,-14.933333333333334
2134,-66.13333333333333,-531.2,-32.0
2135,-78.93333333333334,-526.9333333333333,-55.46666666666667
2136,-81.06666666666666,-535.4666666666667,-83.2
2137,-89.6,-535.4666666666667,-98.13333333333333
2138,-93.86666666666666,-533.3333333333334,-119.46666666666667
2139,-104.53333333333333,-531.2,-119.46666666666667
2140,-110.93333333333334,-526.9333333333333,-110.93333333333334
2141,-119.46666666666667,-531.2,-102.4
2142,-100.26666666666667,-531.2,-83.2
2143,-100.26666666666667,-524.8,-57.6
2144,-102.4,-518.4,-44.8
2145,-93.86666666666666,-516.2666666666667,-42.666666666666664
2146,-83.2,-512.0,-61.86666666666667
2147,-78.93333333333334,-509.8666666666667,-68.26666666666667
2148,-70.4,-505.59999999999997,-66.13333333333333
2149,-70.4,-501.3333333333333,-66.13333333333333
2150,-72.53333333333333,-492.8,-64.0
2151,-66.13333333333333,-492.8,-81.06666666666666
2152,-61.86666666666667,-497.06666666666666,-74.66666666666667
2153,-55.46666666666667,-494.93333333333334,-74.66666666666667
2154,-44.8,-488.5333333333333,-64.0
2155,-36.266666666666666,-488.5333333333333,-66.13333333333333
2156,-17.066666666666666,-486.4,-61.86666666666667
2157,-6.4,-490.6666666666667,-70.4
2158,2.1333333333333333,-490.6666666666667,-40.53333333333333
2159,17.066666666666666,-497.06666666666666,-25.6
2160,21.333333333333332,-494.93333333333334,-32.0
2161,19.2,-486.4,-36.266666666666666
2162,14.933333333333334,-473.59999999999997,-44.8
2163,6.4,-452.26666666666665,-49.06666666666666
2164,0.0,-450.1333333333333,-66.13333333333333
2165,-4.266666666666667,-443.73333333333335,-85.33333333333333
2166,-17.066666666666666,-430.93333333333334,-83.2
2167,-27.733333333333334,-439.46666666666664,-78.93333333333334
2168,-34.13333333333333,-452.26666666666665,-76.8
2169,-55.46666666666667,-439.46666666666664,-61.86666666666667
2170,-38.4,-439.46666666666664,-32.0
2171,-59.733333333333334,-439.46666666666664,-34.13333333333333
2172,-49.06666666666666,-435.2,-19.2
2173,-57.6,-420.26666666666665,-23.466666666666665
2174,-34.13333333333333,-428.8,12.8
2175,-78.93333333333334,-416.0,-2.1333333333333333
2176,-81.06666666666666,-433.06666666666666,-19.2
2177,-76.8,-454.4,19.2
2178,-89.6,-484.26666666666665,0.0
2179,-93.86666666666666,-518.4,-17.066666666666666
2180,-98.13333333333333,-552.5333333333333,-110.93333333333334
2181,-85.33333333333333,-571.7333333333333,-204.8
2182,-55.46666666666667,-614.4,-294.4
2183,-29.866666666666667,-627.2,-322.1333333333333
2184,-8.533333333333333,-669.8666666666667,-343.46666666666664
2185,-6.4,-725.3333333333334,-347.73333333333335
2186,-10.666666666666666,-776.5333333333333,-379.73333333333335
2187,-2.1333333333333333,-846.9333333333333,-418.1333333333333
2188,12.8,-876.8,-403.2
2189,66.13333333333333,-885.3333333333334,-396.8
2190,68.26666666666667,-866.1333333333333,-386.1333333333333
2191,136.53333333333333,-844.8,-347.73333333333335
2192,130.13333333333333,-825.6,-258.1333333333333
2193,174.93333333333334,-772.2666666666667,-200.53333333333333
2194,153.6,-740.2666666666667,-166.4
2195,140.8,-718.9333333333333,-119.46666666666667
2196,125.86666666666666,-699.7333333333333,-93.86666666666666
2197,104.53333333333333,-672.0,-81.06666666666666
2198,66.13333333333333,-654.9333333333333,-59.733333333333334
2199,44.8,-652.8,-59.733333333333334
2200,23.466666666666665,-631.4666666666667,-93.86666666666666
2201,27.733333333333334,-590.9333333333333,-72.53333333333333
2202,-2.1333333333333333,-616.5333333333333,-100.26666666666667
2203,-12.8,-642.1333333333333,-128.0
2204,-23.466666666666665,-618.6666666666666,-172.8
2205,-51.2,-697.6,-194.13333333333333
2206,-57.6,-733.8666666666667,-215.46666666666667
2207,-27.733333333333334,-819.2,-245.33333333333334
2208,-6.4,-887.4666666666667,-198.4
2209,21.333333333333332,-945.0666666666666,-189.86666666666667
2210,72.53333333333333,-981.3333333333334,-149.33333333333334
2211,104.53333333333333,-972.8,-121.6
2212,117.33333333333333,-940.8,-113.06666666666666
2213,121.6,-908.8,-121.6
2214,121.6,-827.7333333333333,-149.33333333333334
2215,119.46666666666667,-768.0,-149.33333333333334
2216,108.8,-708.2666666666667,-138.66666666666666
2217,113.06666666666666,-654.9333333333333,-149.33333333333334
2218,100.26666666666667,-588.8,-130.13333333333333
2219,96.0,-544.0,-108.8
2220,93.86666666666666,-520.5333333333333,-104.53333333333333
2221,83.2,-477.8666666666667,-74.66666666666667
2222,68.26666666666667,-441.59999999999997,-66.13333333333333
2223,46.93333333333333,-416.0,-85.33333333333333
2224,12.8,-381.8666666666667,-68.26666666666667
2225,-8.533333333333333,-343.46666666666664,-78.93333333333334
2226,-32.0,-326.4,-81.06666666666666
2227,-42.666666666666664,-296.5333333333333,-93.86666666666666
2228,-38.4,-283.73333333333335,-98.13333333333333
2229,-36.266666666666666,-313.6,-125.86666666666666
2230,-57.6,-302.93333333333334,-91.73333333333333
2231,-6.4,-354.1333333333333,-113.06666666666666
2232,21.333333333333332,-407.46666666666664,-87.46666666666667
2233,-6.4,-439.46666666666664,-89.6
2234,27.733333333333334,-409.6,-98.13333333333333
2235,66.13333333333333,-456.5333333333333,-78.93333333333334
2236,32.0,-460.8,-100.26666666666667
2237,44.8,-460.8,-83.2
2238,55.46666666666667,-473.59999999999997,-59.733333333333334
2239,51.2,-471.46666666666664,-83.2
2240,49.06666666666666,-469.3333333333333,-76.8
2241,51.2,-469.3333333333333,-74.66666666666667
2242,49.06666666666666,-471.46666666666664,-78.93333333333334
2243,44.8,-465.06666666666666,-53.333333333333336
2244,49.06666666666666,-452.26666666666665,-59.733333333333334
2245,46.93333333333333,-452.26666666666665,-38.4
2246,42.666666666666664,-462.93333333333334,-32.0
2247,46.93333333333333,-473.59999999999997,-25.6
2248,68.26666666666667,-462.93333333333334,-21.333333333333332
2249,40.53333333333333,-462.93333333333334,-25.6
2250,34.13333333333333,-445.8666666666667,-29.866666666666667
2251,40.53333333333333,-433.06666666666666,-53.333333333333336
2252,32.0,-422.4,-59.733333333333334
2253,42.666666666666664,-416.0,-74.66666666666667
2254,36.266666666666666,-388.26666666666665,-91.73333333333333
2255,51.2,-369.06666666666666,-96.0
2256,42.666666666666664,-347.73333333333335,-89.6
2257,53.333333333333336,-341.3333333333333,-72.53333333333333
2258,51.2,-334.93333333333334,-46.93333333333333
2259,64.0,-328.5333333333333,-17.066666666666666
2260,61.86666666666667,-345.6,19.2
2261,64.0,-354.1333333333333,55.46666666666667
2262,76.8,-362.6666666666667,51.2
2263,68.26666666666667,-390.4,68.26666666666667
2264,66.13333333333333,-403.2,61.86666666666667
2265,76.8,-426.6666666666667,42.666666666666664
2266,64.0,-433.06666666666666,25.6
2267,66.13333333333333,-443.73333333333335,-2.1333333333333333
2268,70.4,-469.3333333333333,-14.933333333333334
2269,61.86666666666667,-486.4,-27.733333333333334
2270,55.46666666666667,-503.46666666666664,-36.266666666666666
2271,40.53333333333333,-514.1333333333333,-49.06666666666666
2272,23.466666666666665,-561.0666666666666,-40.53333333333333
2273,21.333333333333332,-520.5333333333333,-38.4
2274,19.2,-529.0666666666666,-32.0
2275,10.666666666666666,-529.0666666666666,-21.333333333333332
2276,14.933333333333334,-529.0666666666666,-25.6
2277,25.6,-516.2666666666667,-34.13333333333333
2278,27.733333333333334,-490.6666666666667,-44.8
2279,40.53333333333333,-475.73333333333335,-61.86666666666667
2280,61.86666666666667,-462.93333333333334,-53.333333333333336
2281,76.8,-473.59999999999997,-23.466666666666665
2282,76.8,-469.3333333333333,-29.866666666666667
2283,85.33333333333333,-484.26666666666665,-19.2
2284,96.0,-484.26666666666665,-27.733333333333334
2285,96.0,-494.93333333333334,-46.93333333333333
2286,102.4,-488.5333333333333,-64.0
2287,96.0,-486.4,-96.0
2288,85.33333333333333,-484.26666666666665,-96.0
2289,70.4,-480.0,-76.8
2290,68.26666666666667,-477.8666666666667,-49.06666666666666
2291,51.2,-492.8,-32.0
2292,46.93333333333333,-509.8666666666667,-17.066666666666666
2293,40.53333333333333,-514.1333333333333,-25.6
2294,36.266666666666666,-514.1333333333333,-38.4
2295,34.13333333333333,-516.2666666666667,-42.666666666666664
2296,25.6,-512.0,-42.666666666666664
2297,6.4,-512.0,-17.066666666666666
2298,12.8,-518.4,-17.066666666666666
2299,10.666666666666666,-526.9333333333333,-2.1333333333333333
2300,10.666666666666666,-526.9333333333333,-4.266666666666667
2301,12.8,-526.9333333333333,-8.533333333333333
2302,25.6,-520.5333333333333,-27.733333333333334
2303,40.53333333333333,-509.8666666666667,-55.46666666666667
2304,46.93333333333333,-475.73333333333335,-93.86666666666666
2305,55.46666666666667,-437.3333333333333,-123.73333333333333
2306,46.93333333333333,-413.8666666666667,-140.8
2307,40.53333333333333,-396.8,-160.0
2308,44.8,-390.4,-194.13333333333333
2309,29.866666666666667,-384.0,-256.0
2310,12.8,-386.1333333333333,-302.93333333333334
2311,-19.2,-390.4,-298.6666666666667
2312,-70.4,-418.1333333333333,-243.2
2313,-108.8,-465.06666666666666,-200.53333333333333
2314,-132.26666666666665,-514.1333333333333,-198.4
2315,-155.73333333333332,-554.6666666666666,-211.2
2316,-194.13333333333333,-608.0,-238.93333333333334
2317,-243.2,-661.3333333333334,-258.1333333333333
2318,-266.6666666666667,-706.1333333333333,-251.73333333333332
2319,-290.1333333333333,-750.9333333333333,-215.46666666666667
2320,-307.2,-793.6,-177.06666666666666
2321,-322.1333333333333,-829.8666666666667,-147.2
2322,-322.1333333333333,-861.8666666666667,-87.46666666666667
2323,-313.6,-870.4,-23.466666666666665
2324,-288.0,-891.7333333333333,38.4
2325,-258.1333333333333,-904.5333333333333,100.26666666666667
2326,-219.73333333333332,-938.6666666666666,117.33333333333333
2327,-183.46666666666667,-957.8666666666667,4.266666666666667
2328,-157.86666666666667,-957.8666666666667,-302.93333333333334
2329,-151.46666666666667,-964.2666666666667,-622.9333333333333
2330,-183.46666666666667,-1009.0666666666666,-663.4666666666667
2331,-215.46666666666667,-1130.6666666666667,-437.3333333333333
2332,-192.0,-1243.7333333333333,-181.33333333333334
2333,-157.86666666666667,-1303.4666666666667,-36.266666666666666
2334,-125.86666666666666,-1252.2666666666667,-27.733333333333334
2335,-78.93333333333334,-1137.0666666666666,-87.46666666666667
2336,-40.53333333333333,-940.8,-181.33333333333334
2337,-19.2,-791.4666666666667,-194.13333333333333
2338,12.8,-646.4,-172.8
2339,38.4,-539.7333333333333,-110.93333333333334
2340,59.733333333333334,-454.4,-68.26666666666667
2341,89.6,-392.5333333333333,-25.6
2342,70.4,-345.6,-12.8
2343,68.26666666666667,-305.06666666666666,-8.533333333333333
2344,57.6,-275.2,-8.533333333333333
2345,44.8,-270.93333333333334,-10.666666666666666
2346,19.2,-275.2,0.0
2347,2.1333333333333333,-292.26666666666665,-17.066666666666666
2348,-23.466666666666665,-320.0,-17.066666666666666
2349,-40.53333333333333,-362.6666666666667,-36.266666666666666
2350,-51.2,-401.06666666666666,-64.0
2351,-64.0,-456.5333333333333,-85.33333333333333
2352,-70.4,-514.1333333333333,-119.46666666666667
2353,-74.66666666666667,-558.9333333333333,-132.26666666666665
2354,-74.66666666666667,-601.6,-134.4
2355,-83.2,-618.6666666666666,-123.73333333333333
2356,-89.6,-648.5333333333333,-113.06666666666666
2357,-96.0,-644.2666666666667,-98.13333333333333
2358,-108.8,-625.0666666666666,-81.06666666666666
2359,-113.06666666666666,-605.8666666666667,-83.2
2360,-106.66666666666667,-580.2666666666667,-78.93333333333334
2361,-96.0,-541.8666666666667,-78.93333333333334
2362,-76.8,-512.0,-85.33333333333333
2363,-87.46666666666667,-475.73333333333335,-108.8
2364,-81.06666666666666,-439.46666666666664,-110.93333333333334
2365,-70.4,-416.0,-100.26666666666667
2366,-68.26666666666667,-392.5333333333333,-93.86666666666666
2367,-59.733333333333334,-381.8666666666667,-72.53333333333333
2368,-53.333333333333336,-362.6666666666667,-42.666666666666664
2369,-42.666666666666664,-360.5333333333333,-29.866666666666667
2370,-38.4,-345.6,-17.066666666666666
2371,-27.733333333333334,-339.2,-6.4
2372,-27.733333333333334,-328.5333333333333,8.533333333333333
2373,-21.333333333333332,-328.5333333333333,8.533333333333333
2374,-17.066666666666666,-320.0,17.066666666666666
2375,-6.4,-317.8666666666667,14.933333333333334
2376,0.0,-311.46666666666664,6.4
2377,0.0,-320.0,-4.266666666666667
2378,-8.533333333333333,-324.26666666666665,-21.333333333333332
2379,-8.533333333333333,-347.73333333333335,-32.0
2380,-19.2,-364.8,-34.13333333333333
2381,-14.933333333333334,-388.26666666666665,-23.466666666666665
2382,-29.866666666666667,-413.8666666666667,-19.2
2383,-29.866666666666667,-443.73333333333335,-4.266666666666667
2384,-38.4,-475.73333333333335,4.266666666666667
2385,-51.2,-488.5333333333333,2.1333333333333333
2386,-70.4,-484.26666666666665,-2.1333333333333333
2387,-74.66666666666667,-488.5333333333333,-17.066666666666666
2388,-89.6,-480.0,-38.4
2389,-96.0,-465.06666666666666,-46.93333333333333
2390,-93.86666666666666,-450.1333333333333,-57.6
2391,-91.73333333333333,-435.2,-46.93333333333333
2392,-87.46666666666667,-428.8,-38.4
2393,-76.8,-435.2,-34.13333333333333
2394,-78.93333333333334,-422.4,-36.266666666666666
2395,-66.13333333333333,-413.8666666666667,-40.53333333333333
2396,-61.86666666666667,-409.6,-42.666666666666664
2397,-57.6,-394.6666666666667,-59.733333333333334
2398,-46.93333333333333,-388.26666666666665,-59.733333333333334
2399,-49.06666666666666,-386.1333333333333,-57.6
2400,-51.2,-377.6,-61.86666666666667
2401,-55.46666666666667,-375.46666666666664,-53.333333333333336
2402,-55.46666666666667,-371.2,-59.733333333333334
2403,-55.46666666666667,-381.8666666666667,-68.26666666666667
2404,-57.6,-390.4,-53.333333333333336
2405,-59.733333333333334,-392.5333333333333,-42.666666666666664
2406,-59.733333333333334,-379.73333333333335,-44.8
2407,-59.733333333333334,-401.06666666666666,-44.8
2408,-59.733333333333334,-413.8666666666667,-42.666666666666664
2409,-59.733333333333334,-424.5333333333333,-42.666666666666664
2410,-61.86666666666667,-424.5333333333333,-46.93333333333333
2411,-68.26666666666667,-422.4,-49.06666666666666
2412,-74.66666666666667,-407.46666666666664,-61.86666666666667
2413,-76.8,-405.3333333333333,-59.733333333333334
2414,-87.46666666666667,-405.3333333333333,-68.26666666666667
2415,-85.33333333333333,-405.3333333333333,-98.13333333333333
2416,-72.53333333333333,-430.93333333333334,-89.6
2417,-68.26666666666667,-445.8666666666667,-89.6
2418,-74.66666666666667,-480.0,-115.2
2419,-64.0,-522.6666666666666,-172.8
2420,-64.0,-546.1333333333333,-253.86666666666667
2421,-49.06666666666666,-597.3333333333334,-305.06666666666666
2422,-23.466666666666665,-665.6,-305.06666666666666
2423,-10.666666666666666,-746.6666666666666,-292.26666666666665
2424,2.1333333333333333,-836.2666666666667,-292.26666666666665
2425,23.466666666666665,-947.1999999999999,-320.0
2426,21.333333333333332,-1049.6,-356.26666666666665
2427,36.266666666666666,-1077.3333333333333,-320.0
2428,57.6,-1068.8,-275.2
2429,76.8,-1028.2666666666667,-234.66666666666666
2430,85.33333333333333,-964.2666666666667,-179.2
2431,81.06666666666666,-893.8666666666667,-140.8
2432,72.53333333333333,-817.0666666666666,-98.13333333333333
2433,70.4,-755.2,-70.4
2434,57.6,-684.8,-66.13333333333333
2435,34.13333333333333,-618.6666666666666,-61.86666666666667
2436,10.666666666666666,-593.0666666666666,-59.733333333333334
2437,17.066666666666666,-584.5333333333333,-81.06666666666666
2438,23.466666666666665,-599.4666666666667,-104.53333333333333
2439,42.666666666666664,-633.6,-168.53333333333333
2440,72.53333333333333,-706.1333333333333,-243.2
2441,128.0,-802.1333333333333,-294.4
2442,162.13333333333333,-942.9333333333333,-260.26666666666665
2443,177.06666666666666,-1079.4666666666667,-140.8
2444,162.13333333333333,-1152.0,-44.8
2445,121.6,-1173.3333333333333,-27.733333333333334
2446,61.86666666666667,-1124.2666666666667,-57.6
2447,34.13333333333333,-1043.2,-119.46666666666667
2448,10.666666666666666,-940.8,-177.06666666666666
2449,2.1333333333333333,-859.7333333333333,-174.93333333333334
2450,14.933333333333334,-778.6666666666666,-168.53333333333333
2451,25.6,-712.5333333333333,-115.2
2452,21.333333333333332,-669.8666666666667,-64.0
2453,10.666666666666666,-633.6,-23.466666666666665
2454,-2.1333333333333333,-597.3333333333334,-6.4
2455,-40.53333333333333,-541.8666666666667,4.266666666666667
2456,-53.333333333333336,-518.4,0.0
2457,-72.53333333333333,-473.59999999999997,-17.066666666666666
2458,-83.2,-428.8,-34.13333333333333
2459,-96.0,-384.0,-40.53333333333333
2460,-87.46666666666667,-364.8,-57.6
2461,-83.2,-337.06666666666666,-72.53333333333333
2462,-72.53333333333333,-320.0,-74.66666666666667
2463,-57.6,-324.26666666666665,-87.46666666666667
2464,-19.2,-337.06666666666666,-104.53333333333333
2465,21.333333333333332,-379.73333333333335,-110.93333333333334
2466,61.86666666666667,-411.73333333333335,-110.93333333333334
2467,93.86666666666666,-445.8666666666667,-117.33333333333333
2468,115.2,-473.59999999999997,-104.53333333333333
2469,125.86666666666666,-507.73333333333335,-87.46666666666667
2470,138.66666666666666,-520.5333333333333,-78.93333333333334
2471,134.4,-531.2,-66.13333333333333
2472,145.06666666666666,-537.6,-55.46666666666667
2473,142.93333333333334,-531.2,-46.93333333333333
2474,145.06666666666666,-526.9333333333333,-49.06666666666666
2475,125.86666666666666,-501.3333333333333,-44.8
2476,104.53333333333333,-477.8666666666667,-64.0
2477,85.33333333333333,-458.6666666666667,-72.53333333333333
2478,72.53333333333333,-448.0,-74.66666666666667
2479,57.6,-441.59999999999997,-76.8
2480,42.666666666666664,-420.26666666666665,-83.2
2481,44.8,-428.8,-74.66666666666667
2482,36.266666666666666,-424.5333333333333,-68.26666666666667
2483,29.866666666666667,-411.73333333333335,-70.4
2484,21.333333333333332,-394.6666666666667,-68.26666666666667
2485,14.933333333333334,-390.4,-68.26666666666667
2486,14.933333333333334,-384.0,-74.66666666666667
2487,12.8,-373.3333333333333,-66.13333333333333
2488,4.266666666666667,-371.2,-44.8
2489,-2.1333333333333333,-375.46666666666664,-36.266666666666666
2490,-4.266666666666667,-390.4,-10.666666666666666
2491,-14.933333333333334,-401.06666666666666,14.933333333333334
2492,-29.866666666666667,-420.26666666666665,27.733333333333334
2493,-32.0,-448.0,27.733333333333334
2494,-34.13333333333333,-469.3333333333333,17.066666666666666
2495,-17.066666666666666,-488.5333333333333,-6.4
2496,-8.533333333333333,-492.8,-42.666666666666664
2497,8.533333333333333,-503.46666666666664,-70.4
2498,23.466666666666665,-499.2,-93.86666666666666
2499,44.8,-492.8,-108.8
2500,64.0,-475.73333333333335,-121.6
2501,78.93333333333334,-458.6666666666667,-113.06666666666666
2502,76.8,-443.73333333333335,-100.26666666666667
2503,74.66666666666667,-420.26666666666665,-74.66666666666667
2504,66.13333333333333,-407.46666666666664,-64.0
2505,61.86666666666667,-392.5333333333333,-42.666666666666664
2506,57.6,-381.8666666666667,-17.066666666666666
2507,53.333333333333336,-386.1333333333333,-4.266666666666667
2508,34.13333333333333,-386.1333333333333,29.866666666666667
2509,23.466666666666665,-403.2,49.06666666666666
2510,40.53333333333333,-428.8,55.46666666666667
2511,44.8,-458.6666666666667,59.733333333333334
2512,44.8,-482.1333333333333,27.733333333333334
2513,57.6,-514.1333333333333,-25.6
2514,70.4,-533.3333333333334,-51.2
2515,91.73333333333333,-556.8,-102.4
2516,115.2,-565.3333333333334,-140.8
2517,136.53333333333333,-563.2,-162.13333333333333
2518,162.13333333333333,-565.3333333333334,-155.73333333333332
2519,166.4,-548.2666666666667,-132.26666666666665
2520,166.4,-533.3333333333334,-119.46666666666667
2521,157.86666666666667,-514.1333333333333,-87.46666666666667
2522,136.53333333333333,-488.5333333333333,-70.4
2523,113.06666666666666,-465.06666666666666,-46.93333333333333
2524,89.6,-445.8666666666667,-25.6
2525,61.86666666666667,-443.73333333333335,-8.533333333333333
2526,46.93333333333333,-441.59999999999997,8.533333333333333
2527,29.866666666666667,-448.0,19.2
2528,25.6,-452.26666666666665,14.933333333333334
2529,25.6,-480.0,-2.1333333333333333
2530,17.066666666666666,-482.1333333333333,-44.8
2531,12.8,-480.0,-81.06666666666666
2532,17.066666666666666,-486.4,-125.86666666666666
2533,34.13333333333333,-480.0,-147.2
2534,34.13333333333333,-462.93333333333334,-155.73333333333332
2535,36.266666666666666,-439.46666666666664,-157.86666666666667
2536,40.53333333333333,-416.0,-149.33333333333334
2537,29.866666666666667,-392.5333333333333,-138.66666666666666
2538,25.6,-366.93333333333334,-130.13333333333333
2539,10.666666666666666,-334.93333333333334,-123.73333333333333
2540,-10.666666666666666,-315.73333333333335,-117.33333333333333
2541,-44.8,-307.2,-91.73333333333333
2542,-59.733333333333334,-328.5333333333333,-91.73333333333333
2543,-53.333333333333336,-369.06666666666666,-130.13333333333333
2544,-53.333333333333336,-388.26666666666665,-211.2
2545,-76.8,-424.5333333333333,-258.1333333333333
2546,-106.66666666666667,-456.5333333333333,-281.6
2547,-125.86666666666666,-499.2,-290.1333333333333
2548,-155.73333333333332,-546.1333333333333,-298.6666666666667
2549,-172.8,-593.0666666666666,-317.8666666666667
2550,-196.26666666666665,-642.1333333333333,-334.93333333333334
2551,-215.46666666666667,-676.2666666666667,-339.2
2552,-247.46666666666667,-710.4,-311.46666666666664
2553,-258.1333333333333,-714.6666666666666,-283.73333333333335
2554,-266.6666666666667,-716.8,-232.53333333333333
2555,-273.06666666666666,-718.9333333333333,-224.0
2556,-264.5333333333333,-712.5333333333333,-187.73333333333332
2557,-241.06666666666666,-714.6666666666666,-162.13333333333333
2558,-215.46666666666667,-714.6666666666666,-106.66666666666667
2559,-187.73333333333332,-710.4,-57.6
2560,-147.2,-706.1333333333333,-27.733333333333334
2561,-104.53333333333333,-699.7333333333333,-19.2
2562,-64.0,-710.4,-14.933333333333334
2563,-25.6,-725.3333333333334,-21.333333333333332
2564,4.266666666666667,-759.4666666666667,-38.4
2565,23.466666666666665,-797.8666666666667,-113.06666666666666
2566,36.266666666666666,-838.4,-230.4
2567,34.13333333333333,-885.3333333333334,-347.73333333333335
2568,-4.266666666666667,-936.5333333333333,-422.4
2569,-70.4,-996.2666666666667,-418.1333333333333
2570,-140.8,-1053.8666666666666,-332.8
2571,-183.46666666666667,-1081.6,-226.13333333333333
2572,-211.2,-1079.4666666666667,-136.53333333333333
2573,-221.86666666666667,-1032.5333333333333,-108.8
2574,-224.0,-960.0,-110.93333333333334
2575,-226.13333333333333,-872.5333333333333,-117.33333333333333
2576,-226.13333333333333,-785.0666666666666,-102.4
2577,-215.46666666666667,-710.4,-83.2
2578,-198.4,-642.1333333333333,-61.86666666666667
2579,-187.73333333333332,-584.5333333333333,-44.8
2580,-155.73333333333332,-548.2666666666667,-44.8
2581,-125.86666666666666,-516.2666666666667,-66.13333333333333
2582,-93.86666666666666,-484.26666666666665,-74.66666666666667
2583,-46.93333333333333,-469.3333333333333,-78.93333333333334
2584,-10.666666666666666,-452.26666666666665,-70.4
2585,17.066666666666666,-435.2,-72.53333333333333
2586,55.46666666666667,-430.93333333333334,-66.13333333333333
2587,83.2,-433.06666666666666,-57.6
2588,115.2,-424.5333333333333,-66.13333333333333
2589,125.86666666666666,-437.3333333333333,-72.53333333333333
2590,147.2,-458.6666666666667,-100.26666666666667
2591,145.06666666666666,-490.6666666666667,-121.6
2592,138.66666666666666,-524.8,-119.46666666666667
2593,117.33333333333333,-556.8,-125.86666666666666
2594,78.93333333333334,-576.0,-119.46666666666667
2595,49.06666666666666,-603.7333333333333,-110.93333333333334
2596,32.0,-625.0666666666666,-108.8
2597,14.933333333333334,-635.7333333333333,-130.13333333333333
2598,-2.1333333333333333,-629.3333333333334,-117.33333333333333
2599,-8.533333333333333,-616.5333333333333,-123.73333333333333
2600,-25.6,-595.2,-136.53333333333333
2601,-29.866666666666667,-567.4666666666667,-113.06666666666666
2602,-27.733333333333334,-533.3333333333334,-100.26666666666667
2603,-34.13333333333333,-509.8666666666667,-93.86666666666666
2604,-32.0,-480.0,-83.2
2605,-38.4,-443.73333333333335,-72.53333333333333
2606,-42.666666666666664,-413.8666666666667,-61.86666666666667
2607,-46.93333333333333,-390.4,-55.46666666666667
2608,-49.06666666666666,-360.5333333333333,-70.4
2609,-57.6,-343.46666666666664,-64.0
2610,-59.733333333333334,-311.46666666666664,-72.53333333333333
2611,-59.733333333333334,-294.4,-64.0
2612,-49.06666666666666,-294.4,-59.733333333333334
2613,-42.666666666666664,-298.6666666666667,-53.333333333333336
2614,-38.4,-305.06666666666666,-49.06666666666666
2615,-29.866666666666667,-324.26666666666665,-42.666666666666664
2616,-36.266666666666666,-343.46666666666664,-38.4
2617,-29.866666666666667,-362.6666666666667,-40.53333333333333
2618,-29.866666666666667,-390.4,-32.0
2619,-40.53333333333333,-405.3333333333333,-36.266666666666666
2620,-49.06666666666666,-426.6666666666667,-32.0
2621,-64.0,-445.8666666666667,-40.53333333333333
2622,-83.2,-473.59999999999997,-32.0
2623,-87.46666666666667,-469.3333333333333,-40.53333333333333
2624,-106.66666666666667,-471.46666666666664,-53.333333333333336
2625,-115.2,-471.46666666666664,-61.86666666666667
2626,-121.6,-471.46666666666664,-74.66666666666667
2627,-125.86666666666666,-475.73333333333335,-72.53333333333333
2628,-123.73333333333333,-465.06666666666666,-81.06666666666666
2629,-123.73333333333333,-469.3333333333333,-70.4
2630,-125.86666666666666,-450.1333333333333,-76.8
2631,-117.33333333333333,-443.73333333333335,-81.06666666666666
2632,-108.8,-450.1333333333333,-78.93333333333334
2633,-104.53333333333333,-439.46666666666664,-81.06666666666666
2634,-93.86666666666666,-445.8666666666667,-76.8
2635,-81.06666666666666,-445.8666666666667,-70.4
2636,-68.26666666666667,-458.6666666666667,-68.26666666666667
2637,-64.0,-462.93333333333334,-64.0
2638,-57.6,-475.73333333333335,-66.13333333333333
2639,-57.6,-486.4,-61.86666666666667
2640,-49.06666666666666,-492.8,-76.8
2641,-57.6,-499.2,-74.66666666666667
2642,-51.2,-505.59999999999997,-87.46666666666667
2643,-55.46666666666667,-494.93333333333334,-96.0
2644,-51.2,-505.59999999999997,-98.13333333333333
2645,-61.86666666666667,-505.59999999999997,-98.13333333333333
2646,-70.4,-490.6666666666667,-108.8
2647,-68.26666666666667,-490.6666666666667,-100.26666666666667
2648,-68.26666666666667,-488.5333333333333,-96.0
2649,-74.66666666666667,-480.0,-76.8
2650,-68.26666666666667,-475.73333333333335,-68.26666666666667
2651,-70.4,-477.8666666666667,-55.46666666666667
2652,-68.26666666666667,-471.46666666666664,-40.53333333333333
2653,-57.6,-471.46666666666664,-36.266666666666666
2654,-59.733333333333334,-473.59999999999997,-23.466666666666665
2655,-51.2,-469.3333333333333,-23.466666666666665
2656,-44.8,-471.46666666666664,-23.466666666666665
2657,-44.8,-467.2,-36.266666666666666
2658,-44.8,-454.4,-36.266666666666666
2659,-44.8,-448.0,-42.666666666666664
2660,-51.2,-441.59999999999997,-40.53333333333333
2661,-53.333333333333336,-433.06666666666666,-44.8
2662,-55.46666666666667,-420.26666666666665,-42.666666666666664
2663,-53.333333333333336,-413.8666666666667,-46.93333333333333
2664,-55.46666666666667,-396.8,-59.733333333333334
2665,-59.733333333333334,-396.8,-81.06666666666666
2666,-46.93333333333333,-405.3333333333333,-74.66666666666667
2667,-49.06666666666666,-433.06666666666666,-110.93333333333334
2668,-55.46666666666667,-452.26666666666665,-189.86666666666667
2669,-44.8,-475.73333333333335,-266.6666666666667
2670,-10.666666666666666,-526.9333333333333,-322.1333333333333
2671,-4.266666666666667,-593.0666666666666,-315.73333333333335
2672,0.0,-657.0666666666666,-309.3333333333333
2673,-23.466666666666665,-718.9333333333333,-305.06666666666666
2674,-34.13333333333333,-791.4666666666667,-339.2
2675,-44.8,-859.7333333333333,-371.2
2676,-29.866666666666667,-906.6666666666666,-320.0
2677,-6.4,-902.4,-277.3333333333333
2678,6.4,-859.7333333333333,-234.66666666666666
2679,12.8,-806.4,-194.13333333333333
2680,14.933333333333334,-748.8,-162.13333333333333
2681,19.2,-684.8,-149.33333333333334
2682,27.733333333333334,-620.8,-166.4
2683,44.8,-552.5333333333333,-181.33333333333334
2684,55.46666666666667,-494.93333333333334,-185.6
2685,68.26666666666667,-437.3333333333333,-183.46666666666667
2686,89.6,-407.46666666666664,-155.73333333333332
2687,89.6,-384.0,-113.06666666666666
2688,74.66666666666667,-394.6666666666667,-53.333333333333336
2689,53.333333333333336,-448.0,-12.8
2690,27.733333333333334,-535.4666666666667,-40.53333333333333
2691,40.53333333333333,-612.2666666666667,-187.73333333333332
2692,83.2,-667.7333333333333,-364.8
2693,138.66666666666666,-776.5333333333333,-484.26666666666665
2694,174.93333333333334,-893.8666666666667,-424.5333333333333
2695,219.73333333333332,-1006.9333333333333,-264.5333333333333
2696,219.73333333333332,-1073.0666666666666,-147.2
2697,185.6,-1105.0666666666666,-72.53333333333333
2698,157.86666666666667,-1096.5333333333333,-85.33333333333333
2699,142.93333333333334,-1049.6,-123.73333333333333
2700,128.0,-972.8,-185.6
2701,106.66666666666667,-887.4666666666667,-219.73333333333332
2702,93.86666666666666,-814.9333333333333,-215.46666666666667
2703,78.93333333333334,-763.7333333333333,-200.53333333333333
2704,64.0,-714.6666666666666,-181.33333333333334
2705,44.8,-691.2,-172.8
2706,25.6,-682.6666666666666,-149.33333333333334
2707,4.266666666666667,-667.7333333333333,-128.0
2708,-8.533333333333333,-659.2,-145.06666666666666
2709,-27.733333333333334,-633.6,-117.33333333333333
2710,-55.46666666666667,-620.8,-110.93333333333334
2711,-78.93333333333334,-597.3333333333334,-104.53333333333333
2712,-91.73333333333333,-567.4666666666667,-106.66666666666667
2713,-100.26666666666667,-544.0,-115.2
2714,-98.13333333333333,-524.8,-113.06666666666666
2715,-89.6,-516.2666666666667,-125.86666666666666
2716,-64.0,-507.73333333333335,-121.6
2717,-27.733333333333334,-512.0,-113.06666666666666
2718,12.8,-526.9333333333333,-106.66666666666667
2719,38.4,-531.2,-87.46666666666667
2720,57.6,-533.3333333333334,-96.0
2721,78.93333333333334,-537.6,-83.2
2722,81.06666666666666,-537.6,-91.73333333333333
2723,91.73333333333333,-535.4666666666667,-91.73333333333333
2724,102.4,-533.3333333333334,-102.4
2725,100.26666666666667,-520.5333333333333,-115.2
2726,104.53333333333333,-518.4,-100.26666666666667
2727,96.0,-497.06666666666666,-115.2
2728,81.06666666666666,-488.5333333333333,-100.26666666666667
2729,72.53333333333333,-482.1333333333333,-98.13333333333333
2730,44.8,-471.46666666666664,-78.93333333333334
2731,29.866666666666667,-456.5333333333333,-78.93333333333334
2732,12.8,-441.59999999999997,-81.06666666666666
2733,2.1333333333333333,-443.73333333333335,-59.733333333333334
2734,0.0,-433.06666666666666,-53.333333333333336
2735,-2.1333333333333333,-422.4,-46.93333333333333
2736,-17.066666666666666,-413.8666666666667,-40.53333333333333
2737,-17.066666666666666,-394.6666666666667,-42.666666666666664
2738,-21.333333333333332,-384.0,-42.666666666666664
2739,-21.333333333333332,-373.3333333333333,-49.06666666666666
2740,-23.466666666666665,-358.4,-57.6
2741,-14.933333333333334,-343.46666666666664,-83.2
2742,-21.333333333333332,-332.8,-87.46666666666667
2743,-12.8,-326.4,-85.33333333333333
2744,0.0,-332.8,-83.2
2745,2.1333333333333333,-328.5333333333333,-76.8
2746,8.533333333333333,-332.8,-59.733333333333334
2747,14.933333333333334,-341.3333333333333,-46.93333333333333
2748,14.933333333333334,-347.73333333333335,-40.53333333333333
2749,14.933333333333334,-362.6666666666667,-27.733333333333334
2750,14.933333333333334,-360.5333333333333,-25.6
2751,8.533333333333333,-369.06666666666666,-14.933333333333334
2752,0.0,-371.2,-19.2
2753,-2.1333333333333333,-388.26666666666665,-8.533333333333333
2754,-8.533333333333333,-394.6666666666667,21.333333333333332
2755,-2.1333333333333333,-416.0,34.13333333333333
2756,10.666666666666666,-433.06666666666666,49.06666666666666
2757,25.6,-454.4,51.2
2758,42.666666666666664,-475.73333333333335,38.4
2759,59.733333333333334,-480.0,21.333333333333332
2760,70.4,-486.4,-21.333333333333332
2761,81.06666666666666,-490.6666666666667,-40.53333333333333
2762,96.0,-486.4,-55.46666666666667
2763,85.33333333333333,-484.26666666666665,-59.733333333333334
2764,76.8,-475.73333333333335,-34.13333333333333
2765,66.13333333333333,-482.1333333333333,-4.266666666666667
2766,49.06666666666666,-480.0,36.266666666666666
2767,38.4,-499.2,61.86666666666667
2768,38.4,-503.46666666666664,68.26666666666667
2769,61.86666666666667,-512.0,51.2
2770,61.86666666666667,-509.8666666666667,21.333333333333332
2771,70.4,-501.3333333333333,-21.333333333333332
2772,102.4,-488.5333333333333,-46.93333333333333
2773,130.13333333333333,-469.3333333333333,-83.2
2774,142.93333333333334,-458.6666666666667,-98.13333333333333
2775,147.2,-443.73333333333335,-108.8
2776,147.2,-437.3333333333333,-85.33333333333333
2777,136.53333333333333,-428.8,-51.2
2778,119.46666666666667,-426.6666666666667,-23.466666666666665
2779,108.8,-437.3333333333333,-10.666666666666666
2780,100.26666666666667,-439.46666666666664,8.533333333333333
2781,78.93333333333334,-439.46666666666664,8.533333333333333
2782,72.53333333333333,-441.59999999999997,-2.1333333333333333
2783,68.26666666666667,-448.0,-23.466666666666665
2784,59.733333333333334,-448.0,-49.06666666666666
2785,51.2,-435.2,-55.46666666666667
2786,53.333333333333336,-439.46666666666664,-64.0
2787,42.666666666666664,-443.73333333333335,-64.0
2788,36.266666666666666,-445.8666666666667,-68.26666666666667
2789,34.13333333333333,-460.8,-68.26666666666667
2790,25.6,-458.6666666666667,-83.2
2791,17.066666666666666,-467.2,-91.73333333333333
2792,0.0,-465.06666666666666,-96.0
2793,-12.8,-458.6666666666667,-104.53333333333333
2794,0.0,-454.4,-117.33333333333333
2795,8.533333333333333,-450.1333333333333,-123.73333333333333
2796,0.0,-454.4,-123.73333333333333
2797,-25.6,-462.93333333333334,-102.4
2798,-46.93333333333333,-477.8666666666667,-61.86666666666667
2799,-34.13333333333333,-522.6666666666666,-42.666666666666664
2800,-19.2,-556.8,-115.2
2801,-14.933333333333334,-586.6666666666666,-221.86666666666667
2802,-29.866666666666667,-605.8666666666667,-313.6
2803,-55.46666666666667,-654.9333333333333,-332.8
2804,-81.06666666666666,-697.6,-302.93333333333334
2805,-108.8,-755.2,-256.0
2806,-100.26666666666667,-819.2,-253.86666666666667
2807,-102.4,-876.8,-277.3333333333333
2808,-83.2,-936.5333333333333,-313.6
2809,-74.66666666666667,-947.1999999999999,-294.4
2810,-68.26666666666667,-919.4666666666667,-236.79999999999998
2811,-57.6,-866.1333333333333,-200.53333333333333
2812,-49.06666666666666,-814.9333333333333,-189.86666666666667
2813,-49.06666666666666,-772.2666666666667,-179.2
2814,-55.46666666666667,-733.8666666666667,-160.0
2815,-61.86666666666667,-695.4666666666667,-123.73333333333333
2816,-66.13333333333333,-665.6,-102.4
2817,-76.8,-633.6,-53.333333333333336
2818,-76.8,-605.8666666666667,-29.866666666666667
2819,-76.8,-584.5333333333333,-14.933333333333334
2820,-59.733333333333334,-593.0666666666666,4.266666666666667
2821,-81.06666666666666,-597.3333333333334,-25.6
2822,-102.4,-622.9333333333333,-64.0
2823,-123.73333333333333,-659.2,-155.73333333333332
2824,-151.46666666666667,-714.6666666666666,-238.93333333333334
2825,-183.46666666666667,-802.1333333333333,-283.73333333333335
2826,-236.79999999999998,-904.5333333333333,-277.3333333333333
2827,-268.8,-1045.3333333333333,-243.2
2828,-313.6,-1145.6,-155.73333333333332
2829,-339.2,-1143.4666666666667,-151.46666666666667
2830,-326.4,-1090.1333333333332,-172.8
2831,-288.0,-1015.4666666666667,-198.4
2832,-247.46666666666667,-921.6,-215.46666666666667
2833,-206.93333333333334,-827.7333333333333,-187.73333333333332
2834,-170.66666666666666,-742.4,-151.46666666666667
2835,-136.53333333333333,-667.7333333333333,-108.8
2836,-100.26666666666667,-614.4,-72.53333333333333
2837,-61.86666666666667,-550.4,-55.46666666666667
2838,-25.6,-494.93333333333334,-46.93333333333333
2839,8.533333333333333,-435.2,-46.93333333333333
2840,23.466666666666665,-392.5333333333333,-46.93333333333333
2841,40.53333333333333,-341.3333333333333,-44.8
2842,68.26666666666667,-315.73333333333335,-49.06666666666666
2843,78.93333333333334,-294.4,-57.6
2844,81.06666666666666,-279.46666666666664,-44.8
2845,78.93333333333334,-285.8666666666667,-55.46666666666667
2846,55.46666666666667,-300.8,-61.86666666666667
2847,25.6,-315.73333333333335,-64.0
2848,-25.6,-341.3333333333333,-70.4
2849,-59.733333333333334,-384.0,-74.66666666666667
2850,-89.6,-409.6,-72.53333333333333
2851,-119.46666666666667,-439.46666666666664,-72.53333333333333
2852,-140.8,-465.06666666666666,-68.26666666666667
2853,-153.6,-484.26666666666665,-66.13333333333333
2854,-162.13333333333333,-497.06666666666666,-59.733333333333334
2855,-179.2,-499.2,-64.0
2856,-189.86666666666667,-494.93333333333334,-57.6
2857,-192.0,-480.0,-57.6
2858,-187.73333333333332,-471.46666666666664,-61.86666666666667
2859,-181.33333333333334,-462.93333333333334,-59.733333333333334
2860,-166.4,-445.8666666666667,-85.33333333333333
2861,-155.73333333333332,-443.73333333333335,-89.6
2862,-136.53333333333333,-439.46666666666664,-96.0
2863,-134.4,-428.8,-102.4
2864,-108.8,-426.6666666666667,-110.93333333333334
2865,-85.33333333333333,-424.5333333333333,-106.66666666666667
2866,-68.26666666666667,-437.3333333333333,-100.26666666666667
2867,-55.46666666666667,-435.2,-85.33333333333333
2868,-34.13333333333333,-437.3333333333333,-85.33333333333333
2869,-23.466666666666665,-439.46666666666664,-66.13333333333333
2870,-17.066666666666666,-437.3333333333333,-44.8
2871,-12.8,-439.46666666666664,-40.53333333333333
2872,-2.1333333333333333,-445.8666666666667,-29.866666666666667
2873,-6.4,-424.5333333333333,-23.466666666666665
2874,-6.4,-426.6666666666667,-29.866666666666667
2875,-17.066666666666666,-418.1333333333333,-32.0
2876,-14.933333333333334,-403.2,-32.0
2877,-17.066666666666666,-405.3333333333333,-36.266666666666666
2878,-19.2,-396.8,-49.06666666666666
2879,-8.533333333333333,-390.4,-46.93333333333333
2880,0.0,-396.8,-42.666666666666664
2881,6.4,-396.8,-40.53333333333333
2882,6.4,-407.46666666666664,-27.733333333333334
2883,12.8,-405.3333333333333,-27.733333333333334
2884,17.066666666666666,-418.1333333333333,-14.933333333333334
2885,8.533333333333333,-433.06666666666666,-25.6
2886,2.1333333333333333,-437.3333333333333,-25.6
2887,-6.4,-445.8666666666667,-38.4
2888,-17.066666666666666,-452.26666666666665,-42.666666666666664
2889,-29.866666666666667,-456.5333333333333,-53.333333333333336
2890,-36.266666666666666,-462.93333333333334,-61.86666666666667
2891,-46.93333333333333,-458.6666666666667,-76.8
2892,-51.2,-467.2,-85.33333333333333
2893,-53.333333333333336,-480.0,-68.26666666666667
2894,-55.46666666666667,-497.06666666666666,-66.13333333333333
2895,-53.333333333333336,-501.3333333333333,-78.93333333333334
2896,-53.333333333333336,-514.1333333333333,-76.8
2897,-59.733333333333334,-526.9333333333333,-72.53333333333333
2898,-57.6,-524.8,-96.0
2899,-51.2,-529.0666666666666,-104.53333333333333
2900,-57.6,-531.2,-117.33333333333333
2901,-57.6,-526.9333333333333,-128.0
2902,-66.13333333333333,-531.2,-136.53333333333333
2903,-68.26666666666667,-524.8,-136.53333333333333
2904,-83.2,-533.3333333333334,-119.46666666666667
2905,-89.6,-535.4666666666667,-123.73333333333333
2906,-89.6,-537.6,-113.06666666666666
2907,-85.33333333333333,-544.0,-102.4
2908,-78.93333333333334,-548.2666666666667,-100.26666666666667
2909,-76.8,-552.5333333333333,-102.4
2910,-74.66666666666667,-552.5333333333333,-115.2
2911,-64.0,-550.4,-93.86666666666666
2912,-68.26666666666667,-561.0666666666666,-102.4
2913,-59.733333333333334,-554.6666666666666,-93.86666666666666
2914,-61.86666666666667,-558.9333333333333,-83.2
2915,-55.46666666666667,-554.6666666666666,-74.66666666666667
2916,-49.06666666666666,-561.0666666666666,-70.4
2917,-49.06666666666666,-544.0,-66.13333333333333
2918,-49.06666666666666,-541.8666666666667,-53.333333333333336
2919,-49.06666666666666,-535.4666666666667,-42.666666666666664
2920,-51.2,-533.3333333333334,-36.266666666666666
2921,-49.06666666666666,-535.4666666666667,-17.066666666666666
2922,-66.13333333333333,-537.6,-12.8
2923,-78.93333333333334,-533.3333333333334,4.266666666666667
2924,-93.86666666666666,-535.4666666666667,0.0
2925,-115.2,-526.9333333333333,10.666666666666666
2926,-119.46666666666667,-507.73333333333335,-17.066666666666666
2927,-123.73333333333333,-494.93333333333334,-27.733333333333334
2928,-134.4,-482.1333333333333,-23.466666666666665
2929,-134.4,-460.8,-32.0
2930,-134.4,-454.4,-40.53333333333333
2931,-125.86666666666666,-445.8666666666667,-46.93333333333333
2932,-125.86666666666666,-445.8666666666667,-66.13333333333333
2933,-125.86666666666666,-448.0,-102.4
2934,-134.4,-456.5333333333333,-153.6
2935,-128.0,-460.8,-224.0
2936,-119.46666666666667,-460.8,-315.73333333333335
2937,-74.66666666666667,-475.73333333333335,-369.06666666666666
2938,-19.2,-516.2666666666667,-386.1333333333333
2939,17.066666666666666,-573.8666666666667,-360.5333333333333
2940,40.53333333333333,-640.0,-334.93333333333334
2941,61.86666666666667,-723.2,-347.73333333333335
2942,81.06666666666666,-800.0,-362.6666666666667
2943,81.06666666666666,-853.3333333333334,-394.6666666666667
2944,100.26666666666667,-864.0,-375.46666666666664
2945,115.2,-864.0,-358.4
2946,132.26666666666665,-836.2666666666667,-332.8
2947,142.93333333333334,-808.5333333333333,-281.6
2948,138.66666666666666,-780.8,-243.2
2949,138.66666666666666,-746.6666666666666,-224.0
2950,125.86666666666666,-716.8,-209.06666666666666
2951,113.06666666666666,-676.2666666666667,-196.26666666666665
2952,106.66666666666667,-640.0,-217.6
2953,115.2,-614.4,-226.13333333333333
2954,121.6,-586.6666666666666,-241.06666666666666
2955,110.93333333333334,-573.8666666666667,-236.79999999999998
2956,85.33333333333333,-569.6,-224.0
2957,66.13333333333333,-593.0666666666666,-206.93333333333334
2958,61.86666666666667,-640.0,-192.0
2959,53.333333333333336,-676.2666666666667,-192.0
2960,53.333333333333336,-733.8666666666667,-224.0
2961,51.2,-782.9333333333333,-264.5333333333333
2962,61.86666666666667,-829.8666666666667,-305.06666666666666
2963,64.0,-866.1333333333333,-315.73333333333335
2964,55.46666666666667,-883.1999999999999,-305.06666666666666
2965,51.2,-893.8666666666667,-266.6666666666667
2966,46.93333333333333,-874.6666666666666,-226.13333333333333
2967,51.2,-857.6,-177.06666666666666
2968,72.53333333333333,-827.7333333333333,-149.33333333333334
2969,78.93333333333334,-772.2666666666667,-132.26666666666665
2970,85.33333333333333,-718.9333333333333,-123.73333333333333
2971,76.8,-661.3333333333334,-132.26666666666665
2972,66.13333333333333,-608.0,-125.86666666666666
2973,64.0,-550.4,-125.86666666666666
2974,46.93333333333333,-507.73333333333335,-115.2
2975,51.2,-471.46666666666664,-130.13333333333333
2976,38.4,-445.8666666666667,-125.86666666666666
2977,25.6,-418.1333333333333,-119.46666666666667
2978,12.8,-396.8,-113.06666666666666
2979,8.533333333333333,-392.5333333333333,-110.93333333333334
2980,0.0,-390.4,-113.06666666666666
2981,-10.666666666666666,-390.4,-113.06666666666666
2982,-10.666666666666666,-394.6666666666667,-108.8
2983,-12.8,-401.06666666666666,-115.2
2984,-10.666666666666666,-413.8666666666667,-121.6
2985,6.4,-435.2,-125.86666666666666
2986,25.6,-454.4,-128.0
2987,27.733333333333334,-460.8,-115.2
2988,36.266666666666666,-473.59999999999997,-115.2
2989,36.266666666666666,-484.26666666666665,-104.53333333333333
2990,42.666666666666664,-497.06666666666666,-89.6
2991,34.13333333333333,-494.93333333333334,-83.2
2992,42.666666666666664,-501.3333333333333,-74.66666666666667
2993,32.0,-503.46666666666664,-64.0
2994,27.733333333333334,-501.3333333333333,-46.93333333333333
2995,25.6,-484.26666666666665,-51.2
2996,29.866666666666667,-477.8666666666667,-51.2
2997,36.266666666666666,-462.93333333333334,-55.46666666666667
2998,36.266666666666666,-443.73333333333335,-59.733333333333334
2999,32.0,-422.4,-61.86666666666667
3000,34.13333333333333,-405.3333333333333,-87.46666666666667
3001,34.13333333333333,-392.5333333333333,-98.13333333333333
3002,38.4,-394.6666666666667,-104.53333333333333
3003,40.53333333333333,-388.26666666666665,-100.26666666666667
3004,32.0,-384.0,-93.86666666666666
3005,42.666666666666664,-396.8,-87.46666666666667
3006,51.2,-428.8,-70.4
3007,42.666666666666664,-448.0,-44.8
3008,42.666666666666664,-486.4,-36.266666666666666
3009,38.4,-505.59999999999997,-14.933333333333334
3010,42.666666666666664,-526.9333333333333,-21.333333333333332
3011,44.8,-541.8666666666667,2.1333333333333333
3012,42.666666666666664,-554.6666666666666,-27.733333333333334
3013,53.333333333333336,-565.3333333333334,-40.53333333333333
3014,38.4,-554.6666666666666,-57.6
3015,38.4,-544.0,-72.53333333333333
3016,38.4,-537.6,-91.73333333333333
3017,29.866666666666667,-529.0666666666666,-91.73333333333333
3018,25.6,-524.8,-93.86666666666666
3019,25.6,-526.9333333333333,-83.2
3020,27.733333333333334,-526.9333333333333,-85.33333333333333
3021,19.2,-516.2666666666667,-81.06666666666666
3022,17.066666666666666,-507.73333333333335,-66.13333333333333
3023,19.2,-494.93333333333334,-66.13333333333333
3024,12.8,-486.4,-64.0
3025,4.266666666666667,-471.46666666666664,-59.733333333333334
3026,0.0,-454.4,-70.4
3027,4.266666666666667,-439.46666666666664,-61.86666666666667
3028,0.0,-422.4,-53.333333333333336
3029,2.1333333333333333,-416.0,-42.666666666666664
3030,2.1333333333333333,-413.8666666666667,-27.733333333333334
3031,8.533333333333333,-411.73333333333335,-12.8
3032,23.466666666666665,-413.8666666666667,-4.266666666666667
3033,19.2,-430.93333333333334,-12.8
3034,38.4,-443.73333333333335,-23.466666666666665
3035,44.8,-458.6666666666667,-42.666666666666664
3036,55.46666666666667,-471.46666666666664,-78.93333333333334
3037,64.0,-477.8666666666667,-98.13333333333333
3038,72.53333333333333,-484.26666666666665,-110.93333333333334
3039,78.93333333333334,-492.8,-121.6
3040,76.8,-503.46666666666664,-125.86666666666666
3041,76.8,-507.73333333333335,-115.2
3042,64.0,-501.3333333333333,-115.2
3043,55.46666666666667,-490.6666666666667,-132.26666666666665
3044,44.8,-469.3333333333333,-147.2
3045,42.666666666666664,-450.1333333333333,-164.26666666666665
3046,25.6,-407.46666666666664,-172.8
3047,19.2,-384.0,-168.53333333333333
3048,10.666666666666666,-364.8,-132.26666666666665
3049,0.0,-360.5333333333333,-87.46666666666667
3050,0.0,-362.6666666666667,-40.53333333333333
3051,-2.1333333333333333,-377.6,-6.4
3052,-21.333333333333332,-398.93333333333334,10.666666666666666
3053,-19.2,-424.5333333333333,27.733333333333334
3054,-14.933333333333334,-458.6666666666667,23.466666666666665
3055,-4.266666666666667,-488.5333333333333,4.266666666666667
3056,4.266666666666667,-522.6666666666666,-23.466666666666665
3057,12.8,-537.6,-64.0
3058,23.466666666666665,-550.4,-102.4
3059,36.266666666666666,-548.2666666666667,-140.8
3060,53.333333333333336,-548.2666666666667,-170.66666666666666
3061,66.13333333333333,-531.2,-185.6
3062,74.66666666666667,-512.0,-170.66666666666666
3063,76.8,-486.4,-166.4
3064,74.66666666666667,-465.06666666666666,-145.06666666666666
3065,57.6,-435.2,-117.33333333333333
3066,38.4,-416.0,-91.73333333333333
3067,23.466666666666665,-405.3333333333333,-59.733333333333334
3068,21.333333333333332,-401.06666666666666,-36.266666666666666
3069,27.733333333333334,-409.6,-29.866666666666667
3070,40.53333333333333,-420.26666666666665,-36.266666666666666
3071,53.333333333333336,-430.93333333333334,-36.266666666666666
3072,53.333333333333336,-458.6666666666667,-32.0
3073,57.6,-488.5333333333333,-44.8
3074,55.46666666666667,-522.6666666666666,-55.46666666666667
3075,66.13333333333333,-565.3333333333334,-93.86666666666666
3076,72.53333333333333,-614.4,-168.53333333333333
3077,85.33333333333333,-644.2666666666667,-277.3333333333333
3078,59.733333333333334,-674.1333333333333,-345.6
3079,32.0,-706.1333333333333,-366.93333333333334
3080,-2.1333333333333333,-731.7333333333333,-354.1333333333333
3081,-29.866666666666667,-753.0666666666666,-320.0
3082,-64.0,-776.5333333333333,-290.1333333333333
3083,-98.13333333333333,-791.4666666666667,-273.06666666666666
3084,-138.66666666666666,-806.4,-228.26666666666665
3085,-187.73333333333332,-795.7333333333333,-177.06666666666666
3086,-206.93333333333334,-780.8,-155.73333333333332
3087,-236.79999999999998,-757.3333333333334,-142.93333333333334
3088,-245.33333333333334,-712.5333333333333,-151.46666666666667
3089,-230.4,-674.1333333333333,-166.4
3090,-206.93333333333334,-633.6,-166.4
3091,-194.13333333333333,-578.1333333333333,-140.8
3092,-172.8,-533.3333333333334,-121.6
3093,-140.8,-514.1333333333333,-93.86666666666666
3094,-115.2,-503.46666666666664,-44.8
3095,-93.86666666666666,-509.8666666666667,-21.333333333333332
3096,-76.8,-524.8,6.4
3097,-66.13333333333333,-561.0666666666666,17.066666666666666
3098,-78.93333333333334,-616.5333333333333,2.1333333333333333
3099,-102.4,-676.2666666666667,10.666666666666666
3100,-119.46666666666667,-757.3333333333334,-14.933333333333334
3101,-138.66666666666666,-842.6666666666666,-113.06666666666666
3102,-166.4,-951.4666666666667,-294.4
3103,-174.93333333333334,-1096.5333333333333,-401.06666666666666
3104,-241.06666666666666,-1201.0666666666666,-369.06666666666666
3105,-302.93333333333334,-1290.6666666666667,-275.2
3106,-300.8,-1318.4,-202.66666666666666
3107,-262.4,-1275.7333333333333,-170.66666666666666
3108,-196.26666666666665,-1192.5333333333333,-177.06666666666666
3109,-138.66666666666666,-1068.8,-196.26666666666665
3110,-100.26666666666667,-942.9333333333333,-206.93333333333334
3111,-53.333333333333336,-814.9333333333333,-192.0
3112,-4.266666666666667,-691.2,-164.26666666666665
3113,38.4,-582.4,-119.46666666666667
3114,83.2,-482.1333333333333,-89.6
3115,106.66666666666667,-392.5333333333333,-53.333333333333336
3116,136.53333333333333,-311.46666666666664,-23.466666666666665
3117,147.2,-251.73333333333332,-2.1333333333333333
3118,160.0,-213.33333333333334,4.266666666666667
3119,164.26666666666665,-192.0,4.266666666666667
3120,151.46666666666667,-179.2,-10.666666666666666
3121,115.2,-192.0,-32.0
3122,66.13333333333333,-217.6,-40.53333333333333
3123,8.533333333333333,-260.26666666666665,-68.26666666666667
3124,-44.8,-309.3333333333333,-76.8
3125,-110.93333333333334,-379.73333333333335,-89.6
3126,-142.93333333333334,-435.2,-87.46666666666667
3127,-170.66666666666666,-480.0,-98.13333333333333
3128,-196.26666666666665,-531.2,-102.4
3129,-213.33333333333334,-561.0666666666666,-106.66666666666667
3130,-206.93333333333334,-599.4666666666667,-93.86666666666666
3131,-196.26666666666665,-608.0,-81.06666666666666
3132,-194.13333333333333,-595.2,-70.4
3133,-179.2,-573.8666666666667,-74.66666666666667
3134,-157.86666666666667,-537.6,-70.4
3135,-136.53333333333333,-514.1333333333333,-74.66666666666667
3136,-125.86666666666666,-477.8666666666667,-72.53333333333333
3137,-110.93333333333334,-450.1333333333333,-66.13333333333333
3138,-104.53333333333333,-407.46666666666664,-68.26666666666667
3139,-89.6,-388.26666666666665,-68.26666666666667
3140,-76.8,-364.8,-66.13333333333333
3141,-83.2,-364.8,-70.4
3142,-40.53333333333333,-347.73333333333335,-61.86666666666667
3143,-25.6,-337.06666666666666,-68.26666666666667
3144,-8.533333333333333,-328.5333333333333,-72.53333333333333
3145,2.1333333333333333,-326.4,-85.33333333333333
3146,6.4,-311.46666666666664,-74.66666666666667
3147,21.333333333333332,-313.6,-68.26666666666667
3148,38.4,-313.6,-51.2
3149,49.06666666666666,-326.4,-34.13333333333333
3150,55.46666666666667,-339.2,-2.1333333333333333
3151,49.06666666666666,-364.8,29.866666666666667
3152,38.4,-396.8,51.2
3153,14.933333333333334,-433.06666666666666,68.26666666666667
3154,-2.1333333333333333,-480.0,74.66666666666667
3155,-21.333333333333332,-520.5333333333333,57.6
3156,-40.53333333333333,-544.0,32.0
3157,-66.13333333333333,-588.8,-2.1333333333333333
3158,-93.86666666666666,-599.4666666666667,-53.333333333333336
3159,-113.06666666666666,-614.4,-110.93333333333334
3160,-132.26666666666665,-614.4,-147.2
3161,-138.66666666666666,-608.0,-168.53333333333333
3162,-136.53333333333333,-597.3333333333334,-164.26666666666665
3163,-119.46666666666667,-580.2666666666667,-121.6
3164,-102.4,-569.6,-59.733333333333334
3165,-74.66666666666667,-546.1333333333333,8.533333333333333
3166,-61.86666666666667,-533.3333333333334,72.53333333333333
3167,-46.93333333333333,-522.6666666666666,110.93333333333334
3168,-38.4,-509.8666666666667,138.66666666666666
3169,-25.6,-492.8,134.4
3170,-25.6,-471.46666666666664,119.46666666666667
3171,-23.466666666666665,-448.0,83.2
3172,-34.13333333333333,-435.2,25.6
3173,-51.2,-428.8,-27.733333333333334
3174,-85.33333333333333,-445.8666666666667,-59.733333333333334
3175,-76.8,-439.46666666666664,-100.26666666666667
3176,-89.6,-452.26666666666665,-117.33333333333333
3177,-93.86666666666666,-473.59999999999997,-115.2
3178,-89.6,-486.4,-102.4
3179,-93.86666666666666,-514.1333333333333,-76.8
3180,-87.46666666666667,-522.6666666666666,-66.13333333333333
3181,-81.06666666666666,-533.3333333333334,-46.93333333333333
3182,-68.26666666666667,-529.0666666666666,-53.333333333333336
3183,-64.0,-524.8,-57.6
3184,-55.46666666666667,-507.73333333333335,-74.66666666666667
3185,-57.6,-497.06666666666666,-76.8
3186,-53.333333333333336,-501.3333333333333,-85.33333333333333
3187,-49.06666666666666,-499.2,-96.0
3188,-64.0,-505.59999999999997,-117.33333333333333
3189,-61.86666666666667,-526.9333333333333,-115.2
3190,-72.53333333333333,-535.4666666666667,-113.06666666666666
3191,-81.06666666666666,-546.1333333333333,-104.53333333333333
3192,-87.46666666666667,-546.1333333333333,-89.6
3193,-96.0,-558.9333333333333,-78.93333333333334
3194,-104.53333333333333,-563.2,-70.4
3195,-110.93333333333334,-556.8,-81.06666666666666
3196,-119.46666666666667,-552.5333333333333,-89.6
3197,-132.26666666666665,-531.2,-96.0
3198,-136.53333333333333,-522.6666666666666,-100.26666666666667
3199,-147.2,-512.0,-98.13333333333333
3200,-140.8,-499.2,-74.66666666666667
3201,-140.8,-501.3333333333333,-53.333333333333336
3202,-140.8,-503.46666666666664,-29.866666666666667
3203,-140.8,-524.8,-2.1333333333333333
3204,-128.0,-533.3333333333334,19.2
3205,-123.73333333333333,-533.3333333333334,8.533333333333333
3206,-117.33333333333333,-548.2666666666667,25.6
3207,-119.46666666666667,-546.1333333333333,6.4
3208,-115.2,-531.2,-32.0
3209,-117.33333333333333,-507.73333333333335,-59.733333333333334
3210,-113.06666666666666,-486.4,-87.46666666666667
3211,-104.53333333333333,-445.8666666666667,-100.26666666666667
3212,-98.13333333333333,-424.5333333333333,-100.26666666666667
3213,-96.0,-401.06666666666666,-91.73333333333333
3214,-78.93333333333334,-388.26666666666665,-72.53333333333333
3215,-59.733333333333334,-388.26666666666665,-51.2
3216,-44.8,-379.73333333333335,-36.266666666666666
3217,-19.2,-379.73333333333335,-21.333333333333332
3218,-4.266666666666667,-379.73333333333335,-21.333333333333332
3219,8.533333333333333,-384.0,-21.333333333333332
3220,27.733333333333334,-390.4,-23.466666666666665
3221,38.4,-411.73333333333335,-19.2
3222,36.266666666666666,-452.26666666666665,-2.1333333333333333
3223,12.8,-512.0,0.0
3224,-4.266666666666667,-563.2,-21.333333333333332
3225,-25.6,-620.8,-76.8
3226,-36.266666666666666,-674.1333333333333,-130.13333333333333
3227,-12.8,-729.6,-155.73333333333332
3228,-29.866666666666667,-768.0,-130.13333333333333
3229,-38.4,-804.2666666666667,-121.6
3230,-53.333333333333336,-838.4,-149.33333333333334
3231,-70.4,-855.4666666666667,-204.8
3232,-78.93333333333334,-855.4666666666667,-273.06666666666666
3233,-81.06666666666666,-838.4,-320.0
3234,-70.4,-808.5333333333333,-337.06666666666666
3235,-40.53333333333333,-768.0,-307.2
3236,-36.266666666666666,-714.6666666666666,-266.6666666666667
3237,-4.266666666666667,-672.0,-224.0
3238,23.466666666666665,-642.1333333333333,-192.0
3239,46.93333333333333,-603.7333333333333,-179.2
3240,70.4,-580.2666666666667,-181.33333333333334
3241,85.33333333333333,-548.2666666666667,-194.13333333333333
3242,106.66666666666667,-531.2,-194.13333333333333
3243,128.0,-526.9333333333333,-209.06666666666666
3244,134.4,-522.6666666666666,-200.53333333333333
3245,136.53333333333333,-548.2666666666667,-187.73333333333332
3246,132.26666666666665,-601.6,-181.33333333333334
3247,132.26666666666665,-654.9333333333333,-181.33333333333334
3248,132.26666666666665,-716.8,-183.46666666666667
3249,134.4,-778.6666666666666,-209.06666666666666
3250,142.93333333333334,-834.1333333333333,-228.26666666666665
3251,151.46666666666667,-891.7333333333333,-262.4
3252,145.06666666666666,-942.9333333333333,-277.3333333333333
3253,151.46666666666667,-983.4666666666667,-247.46666666666667
3254,132.26666666666665,-992.0,-204.8
3255,106.66666666666667,-979.1999999999999,-160.0
3256,64.0,-947.1999999999999,-134.4
3257,27.733333333333334,-891.7333333333333,-128.0
3258,2.1333333333333333,-817.0666666666666,-136.53333333333333
3259,-21.333333333333332,-748.8,-128.0
3260,-42.666666666666664,-667.7333333333333,-147.2
3261,-46.93333333333333,-603.7333333333333,-140.8
3262,-42.666666666666664,-539.7333333333333,-140.8
3263,-46.93333333333333,-482.1333333333333,-138.66666666666666
3264,-57.6,-426.6666666666667,-140.8
3265,-61.86666666666667,-390.4,-142.93333333333334
3266,-64.0,-337.06666666666666,-140.8
3267,-57.6,-322.1333333333333,-142.93333333333334
3268,-40.53333333333333,-320.0,-142.93333333333334
3269,-19.2,-330.6666666666667,-140.8
3270,2.1333333333333333,-356.26666666666665,-136.53333333333333
3271,29.866666666666667,-392.5333333333333,-160.0
3272,49.06666666666666,-413.8666666666667,-132.26666666666665
3273,61.86666666666667,-452.26666666666665,-130.13333333333333
3274,68.26666666666667,-484.26666666666665,-123.73333333333333
3275,68.26666666666667,-505.59999999999997,-138.66666666666666
3276,74.66666666666667,-526.9333333333333,-134.4
3277,78.93333333333334,-535.4666666666667,-142.93333333333334
3278,72.53333333333333,-548.2666666666667,-138.66666666666666
3279,78.93333333333334,-558.9333333333333,-140.8
3280,76.8,-554.6666666666666,-128.0
3281,72.53333333333333,-554.6666666666666,-123.73333333333333
3282,74.66666666666667,-546.1333333333333,-125.86666666666666
3283,74.66666666666667,-537.6,-134.4
3284,68.26666666666667,-533.3333333333334,-138.66666666666666
3285,72.53333333333333,-529.0666666666666,-136.53333333333333
3286,64.0,-524.8,-132.26666666666665
3287,51.2,-526.9333333333333,-113.06666666666666
3288,42.666666666666664,-531.2,-98.13333333333333
3289,29.866666666666667,-541.8666666666667,-83.2
3290,23.466666666666665,-556.8,-57.6
3291,12.8,-576.0,-42.666666666666664
3292,6.4,-582.4,-36.266666666666666
3293,14.933333333333334,-573.8666666666667,-44.8
3294,10.666666666666666,-576.0,-46.93333333333333
3295,12.8,-567.4666666666667,-59.733333333333334
3296,14.933333333333334,-541.8666666666667,-83.2
3297,27.733333333333334,-529.0666666666666,-85.33333333333333
3298,29.866666666666667,-505.59999999999997,-102.4
3299,40.53333333333333,-490.6666666666667,-102.4
3300,49.06666666666666,-482.1333333333333,-115.2
3301,64.0,-469.3333333333333,-119.46666666666667
3302,68.26666666666667,-460.8,-128.0
3303,72.53333333333333,-460.8,-134.4
3304,76.8,-460.8,-128.0
3305,76.8,-465.06666666666666,-125.86666666666666
3306,81.06666666666666,-484.26666666666665,-119.46666666666667
3307,78.93333333333334,-503.46666666666664,-110.93333333333334
3308,70.4,-520.5333333333333,-100.26666666666667
3309,64.0,-533.3333333333334,-110.93333333333334
3310,51.2,-550.4,-104.53333333333333
3311,44.8,-558.9333333333333,-106.66666666666667
3312,38.4,-558.9333333333333,-123.73333333333333
3313,36.266666666666666,-563.2,-138.66666666666666
3314,29.866666666666667,-558.9333333333333,-149.33333333333334
3315,21.333333333333332,-561.0666666666666,-162.13333333333333
3316,17.066666666666666,-561.0666666666666,-166.4
3317,14.933333333333334,-548.2666666666667,-174.93333333333334
3318,10.666666666666666,-544.0,-174.93333333333334
3319,19.2,-535.4666666666667,-170.66666666666666
3320,14.933333333333334,-531.2,-177.06666666666666
3321,19.2,-526.9333333333333,-177.06666666666666
3322,27.733333333333334,-526.9333333333333,-170.66666666666666
3323,34.13333333333333,-520.5333333333333,-170.66666666666666
3324,36.266666666666666,-522.6666666666666,-164.26666666666665
3325,36.266666666666666,-526.9333333333333,-153.6
3326,34.13333333333333,-522.6666666666666,-151.46666666666667
3327,34.13333333333333,-529.0666666666666,-147.2
3328,23.466666666666665,-529.0666666666666,-147.2
3329,19.2,-531.2,-149.33333333333334
3330,23.466666666666665,-535.4666666666667,-142.93333333333334
3331,23.466666666666665,-535.4666666666667,-149.33333333333334
3332,14.933333333333334,-535.4666666666667,-149.33333333333334
3333,19.2,-535.4666666666667,-142.93333333333334
3334,17.066666666666666,-533.3333333333334,-151.46666666666667
3335,21.333333333333332,-535.4666666666667,-140.8
3336,34.13333333333333,-531.2,-145.06666666666666
3337,17.066666666666666,-535.4666666666667,-140.8
3338,17.066666666666666,-526.9333333333333,-147.2
3339,17.066666666666666,-529.0666666666666,-145.06666666666666
3340,19.2,-524.8,-142.93333333333334
3341,32.0,-529.0666666666666,-145.06666666666666
3342,27.733333333333334,-522.6666666666666,-138.66666666666666
3343,29.866666666666667,-522.6666666666666,-140.8
3344,34.13333333333333,-522.6666666666666,-138.66666666666666
3345,29.866666666666667,-520.5333333333333,-134.4
3346,32.0,-524.8,-140.8
3347,29.866666666666667,-516.2666666666667,-151.46666666666667
3348,34.13333333333333,-520.5333333333333,-170.66666666666666
3349,27.733333333333334,-520.5333333333333,-166.4
3350,32.0,-524.8,-179.2
3351,32.0,-526.9333333333333,-177.06666666666666
3352,29.866666666666667,-529.0666666666666,-187.73333333333332
3353,29.866666666666667,-533.3333333333334,-183.46666666666667
3354,38.4,-541.8666666666667,-172.8
3355,32.0,-539.7333333333333,-179.2
3356,38.4,-548.2666666666667,-172.8
3357,38.4,-554.6666666666666,-174.93333333333334
3358,17.066666666666666,-563.2,-183.46666666666667
3359,32.0,-550.4,-185.6
3360,25.6,-548.2666666666667,-196.26666666666665
3361,23.466666666666665,-546.1333333333333,-189.86666666666667
3362,25.6,-548.2666666666667,-187.73333333333332
3363,12.8,-539.7333333333333,-185.6
3364,8.533333333333333,-537.6,-183.46666666666667
3365,6.4,-539.7333333333333,-183.46666666666667
3366,6.4,-531.2,-174.93333333333334
3367,-2.1333333333333333,-526.9333333333333,-170.66666666666666
3368,-6.4,-522.6666666666666,-172.8
3369,-4.266666666666667,-520.5333333333333,-172.8
3370,-8.533333333333333,-514.1333333333333,-168.53333333333333
3371,-10.666666666666666,-507.73333333333335,-164.26666666666665
3372,-17.066666666666666,-501.3333333333333,-162.13333333333333
3373,-23.466666666666665,-499.2,-160.0
3374,-29.866666666666667,-499.2,-153.6
3375,-44.8,-492.8,-160.0
3376,-46.93333333333333,-490.6666666666667,-160.0
3377,-46.93333333333333,-501.3333333333333,-157.86666666666667
3378,-53.333333333333336,-497.06666666666666,-160.0
3379,-53.333333333333336,-512.0,-170.66666666666666
3380,-34.13333333333333,-507.73333333333335,-172.8
3381,-49.06666666666666,-524.8,-172.8
3382,-42.666666666666664,-535.4666666666667,-177.06666666666666
3383,-34.13333333333333,-544.0,-179.2
3384,-34.13333333333333,-552.5333333333333,-181.33333333333334
3385,-21.333333333333332,-554.6666666666666,-181.33333333333334
3386,-10.666666666666666,-552.5333333333333,-183.46666666666667
3387,2.1333333333333333,-548.2666666666667,-206.93333333333334
3388,4.266666666666667,-537.6,-196.26666666666665
3389,8.533333333333333,-537.6,-194.13333333333333
3390,14.933333333333334,-529.0666666666666,-187.73333333333332
3391,21.333333333333332,-514.1333333333333,-187.73333333333332
3392,23.466666666666665,-514.1333333333333,-189.86666666666667
3393,34.13333333333333,-509.8666666666667,-170.66666666666666
3394,29.866666666666667,-499.2,-160.0
3395,34.13333333333333,-484.26666666666665,-162.13333333333333
3396,36.266666666666666,-484.26666666666665,-147.2
3397,36.266666666666666,-484.26666666666665,-153.6
3398,34.13333333333333,-482.1333333333333,-149.33333333333334
3399,32.0,-486.4,-160.0
3400,27.733333333333334,-484.26666666666665,-170.66666666666666
3401,32.0,-488.5333333333333,-157.86666666666667
3402,25.6,-501.3333333333333,-155.73333333333332
3403,8.533333333333333,-503.46666666666664,-166.4
3404,8.533333333333333,-518.4,-160.0
3405,8.533333333333333,-522.6666666666666,-157.86666666666667
3406,6.4,-526.9333333333333,-164.26666666666665
3407,12.8,-537.6,-168.53333333333333
3408,6.4,-531.2,-170.66666666666666
3409,12.8,-535.4666666666667,-174.93333333333334
3410,19.2,-533.3333333333334,-185.6
3411,27.733333333333334,-531.2,-181.33333333333334
3412,32.0,-531.2,-194.13333333333333
3413,29.866666666666667,-539.7333333333333,-174.93333333333334
3414,25.6,-531.2,-170.66666666666666
3415,29.866666666666667,-544.0,-177.06666666666666
3416,34.13333333333333,-548.2666666666667,-177.06666666666666
3417,32.0,-552.5333333333333,-183.46666666666667
3418,32.0,-556.8,-181.33333333333334
3419,32.0,-561.0666666666666,-187.73333333333332
3420,25.6,-552.5333333333333,-179.2
3421,23.466666666666665,-554.6666666666666,-187.73333333333332
3422,14.933333333333334,-556.8,-183.46666666666667
3423,14.933333333333334,-544.0,-189.86666666666667
3424,4.266666666666667,-556.8,-183.46666666666667
3425,-2.1333333333333333,-554.6666666666666,-177.06666666666666
3426,-2.1333333333333333,-552.5333333333333,-179.2
3427,-17.066666666666666,-550.4,-168.53333333333333
3428,-25.6,-548.2666666666667,-164.26666666666665
3429,-34.13333333333333,-535.4666666666667,-157.86666666666667
3430,-40.53333333333333,-535.4666666666667,-162.13333333333333
3431,-42.666666666666664,-531.2,-151.46666666666667
3432,-42.666666666666664,-529.0666666666666,-160.0
3433,-55.46666666666667,-524.8,-155.73333333333332
3434,-53.333333333333336,-520.5333333333333,-155.73333333333332
3435,-49.06666666666666,-516.2666666666667,-147.2
3436,-53.333333333333336,-509.8666666666667,-151.46666666666667
3437,-46.93333333333333,-514.1333333333333,-157.86666666666667
3438,-51.2,-507.73333333333335,-145.06666666666666
3439,-51.2,-503.46666666666664,-138.66666666666666
3440,-42.666666666666664,-503.46666666666664,-134.4
3441,-44.8,-503.46666666666664,-145.06666666666666
3442,-34.13333333333333,-509.8666666666667,-138.66666666666666
3443,-29.866666666666667,-512.0,-140.8
3444,-27.733333333333334,-514.1333333333333,-149.33333333333334
3445,-27.733333333333334,-520.5333333333333,-145.06666666666666
3446,-17.066666666666666,-518.4,-151.46666666666667
3447,0.0,-526.9333333333333,-151.46666666666667
3448,-4.266666666666667,-520.5333333333333,-162.13333333333333
3449,0.0,-524.8,-162.13333333333333
3450,6.4,-526.9333333333333,-160.0
3451,12.8,-535.4666666666667,-155.73333333333332
3452,10.666666666666666,-531.2,-155.73333333333332
3453,12.8,-537.6,-155.73333333333332
3454,12.8,-531.2,-162.13333333333333
3455,17.066666666666666,-535.4666666666667,-164.26666666666665
3456,17.066666666666666,-531.2,-166.4
3457,19.2,-529.0666666666666,-170.66666666666666
3458,14.933333333333334,-526.9333333333333,-174.93333333333334
3459,12.8,-529.0666666666666,-162.13333333333333
3460,17.066666666666666,-533.3333333333334,-170.66666666666666
3461,10.666666666666666,-531.2,-170.66666666666666
3462,2.1333333333333333,-531.2,-172.8
3463,6.4,-533.3333333333334,-160.0
3464,6.4,-544.0,-168.53333333333333
3465,4.266666666666667,-535.4666666666667,-157.86666666666667
3466,2.1333333333333333,-539.7333333333333,-155.73333333333332
3467,-8.533333333333333,-531.2,-166.4
3468,-4.266666666666667,-535.4666666666667,-164.26666666666665
3469,-17.066666666666666,-529.0666666666666,-168.53333333333333
3470,-17.066666666666666,-529.0666666666666,-160.0
3471,-21.333333333333332,-526.9333333333333,-166.4
3472,-21.333333333333332,-529.0666666666666,-157.86666666666667
3473,-23.466666666666665,-529.0666666666666,-157.86666666666667
3474,-29.866666666666667,-524.8,-157.86666666666667
3475,-34.13333333333333,-524.8,-155.73333333333332
3476,-29.866666666666667,-520.5333333333333,-155.73333333333332
3477,-32.0,-524.8,-151.46666666666667
3478,-29.866666666666667,-522.6666666666666,-153.6
3479,-29.866666666666667,-524.8,-153.6
3480,-36.266666666666666,-516.2666666666667,-155.73333333333332
3481,-23.466666666666665,-526.9333333333333,-147.2
3482,-21.333333333333332,-522.6666666666666,-155.73333333333332
3483,-25.6,-522.6666666666666,-151.46666666666667
3484,-27.733333333333334,-533.3333333333334,-157.86666666666667
3485,-17.066666666666666,-529.0666666666666,-155.73333333333332
3486,-17.066666666666666,-533.3333333333334,-155.73333333333332
3487,-29.866666666666667,-531.2,-151.46666666666667
3488,-17.066666666666666,-537.6,-155.73333333333332
3489,-14.933333333333334,-541.8666666666667,-160.0
3490,-12.8,-544.0,-164.26666666666665
3491,-10.666666666666666,-546.1333333333333,-160.0
3492,-17.066666666666666,-531.2,-160.0
3493,-2.1333333333333333,-539.7333333333333,-168.53333333333333
3494,-6.4,-531.2,-155.73333333333332
3495,-8.533333333333333,-529.0666666666666,-155.73333333333332
3496,-10.666666666666666,-533.3333333333334,-162.13333333333333
3497,-17.066666666666666,-522.6666666666666,-157.86666666666667
3498,-14.933333333333334,-522.6666666666666,-164.26666666666665
3499,-14.933333333333334,-520.5333333333333,-155.73333333333332
3500,-17.066666666666666,-529.0666666666666,-160.0
3501,-6.4,-526.9333333333333,-153.6
3502,-17.066666666666666,-529.0666666666666,-155.73333333333332
3503,-14.933333333333334,-531.2,-149.33333333333334
3504,-21.333333333333332,-531.2,-151.46666666666667
3505,-21.333333333333332,-531.2,-160.0
3506,-19.2,-531.2,-157.86666666666667
3507,-19.2,-535.4666666666667,-149.33333333333334
3508,-19.2,-533.3333333333334,-149.33333333333334
3509,-19.2,-533.3333333333334,-147.2
3510,-23.466666666666665,-539.7333333333333,-153.6
3511,-21.333333333333332,-533.3333333333334,-155.73333333333332
3512,-25.6,-518.4,-155.73333333333332
3513,-14.933333333333334,-522.6666666666666,-147.2
3514,-25.6,-524.8,-151.46666666666667
3515,-21.333333333333332,-526.9333333333333,-149.33333333333334
3516,-19.2,-522.6666666666666,-151.46666666666667
3517,-17.066666666666666,-520.5333333333333,-153.6
3518,-23.466666666666665,-522.6666666666666,-147.2
3519,-17.066666666666666,-520.5333333333333,-157.86666666666667
3520,-17.066666666666666,-526.9333333333333,-151.46666666666667
3521,-23.466666666666665,-522.6666666666666,-151.46666666666667
3522,-17.066666666666666,-526.9333333333333,-145.06666666666666
3523,-10.666666666666666,-529.0666666666666,-145.06666666666666
3524,-12.8,-531.2,-153.6
3525,-12.8,-533.3333333333334,-157.86666666666667
3526,-8.533333333333333,-529.0666666666666,-166.4
3527,0.0,-531.2,-170.66666666666666
3528,-2.1333333333333333,-526.9333333333333,-162.13333333333333
3529,0.0,-526.9333333333333,-157.86666666666667
3530,2.1333333333333333,-537.6,-149.33333333333334
3531,0.0,-531.2,-153.6
3532,0.0,-531.2,-155.73333333333332
3533,2.1333333333333333,-531.2,-151.46666666666667
3534,2.1333333333333333,-526.9333333333333,-153.6
3535,6.4,-524.8,-149.33333333333334
3536,4.266666666666667,-529.0666666666666,-153.6
3537,4.266666666666667,-526.9333333333333,-149.33333333333334
3538,-4.266666666666667,-529.0666666666666,-157.86666666666667
3539,0.0,-531.2,-149.33333333333334
3540,2.1333333333333333,-529.0666666666666,-142.93333333333334
3541,2.1333333333333333,-531.2,-153.6
3542,0.0,-526.9333333333333,-142.93333333333334
3543,8.533333333333333,-509.8666666666667,-151.46666666666667
3544,-2.1333333333333333,-529.0666666666666,-160.0
3545,0.0,-533.3333333333334,-142.93333333333334
3546,-2.1333333333333333,-533.3333333333334,-151.46666666666667
3547,-2.1333333333333333,-531.2,-155.73333333333332
3548,-8.533333333333333,-531.2,-157.86666666666667
3549,-12.8,-526.9333333333333,-160.0
3550,-10.666666666666666,-533.3333333333334,-157.86666666666667
3551,-10.666666666666666,-531.2,-160.0
3552,-14.933333333333334,-531.2,-160.0
3553,-12.8,-529.0666666666666,-162.13333333333333
3554,-4.266666666666667,-531.2,-157.86666666666667
3555,0.0,-531.2,-151.46666666666667
3556,-4.266666666666667,-529.0666666666666,-147.2
3557,-8.533333333333333,-529.0666666666666,-155.73333333333332
3558,-2.1333333333333333,-522.6666666666666,-157.86666666666667
3559,0.0,-531.2,-153.6
3560,-2.1333333333333333,-529.0666666666666,-157.86666666666667
3561,-2.1333333333333333,-529.0666666666666,-153.6
3562,2.1333333333333333,-529.0666666666666,-155.73333333333332
3563,0.0,-522.6666666666666,-155.73333333333332
3564,0.0,-518.4,-151.46666666666667
3565,0.0,-522.6666666666666,-155.73333333333332
3566,2.1333333333333333,-518.4,-155.73333333333332
3567,0.0,-522.6666666666666,-151.46666666666667
3568,4.266666666666667,-529.0666666666666,-157.86666666666667
3569,4.266666666666667,-529.0666666666666,-157.86666666666667
3570,2.1333333333333333,-524.8,-151.46666666666667
3571,12.8,-526.9333333333333,-149.33333333333334
3572,8.533333333333333,-526.9333333333333,-147.2
3573,4.266666666666667,-526.9333333333333,-155.73333333333332
3574,4.266666666666667,-524.8,-153.6
3575,6.4,-526.9333333333333,-166.4
3576,10.666666666666666,-526.9333333333333,-157.86666666666667
3577,6.4,-524.8,-160.0
3578,6.4,-524.8,-160.0
3579,2.1333333333333333,-518.4,-168.53333333333333
3580,8.533333333333333,-514.1333333333333,-164.26666666666665
3581,10.666666666666666,-518.4,-170.66666666666666
3582,6.4,-516.2666666666667,-164.26666666666665
3583,2.1333333333333333,-516.2666666666667,-166.4
3584,8.533333333333333,-524.8,-155.73333333333332
3585,6.4,-524.8,-168.53333333333333
3586,8.533333333333333,-526.9333333333333,-160.0
3587,6.4,-529.0666666666666,-162.13333333333333
3588,4.266666666666667,-531.2,-164.26666666666665
3589,8.533333333333333,-533.3333333333334,-160.0
3590,12.8,-535.4666666666667,-160.0
3591,6.4,-529.0666666666666,-155.73333333333332
3592,2.1333333333333333,-531.2,-160.0
3593,4.266666666666667,-533.3333333333334,-166.4
3594,4.266666666666667,-531.2,-166.4
3595,2.1333333333333333,-529.0666666666666,-160.0
3596,0.0,-526.9333333333333,-162.13333333333333
3597,0.0,-531.2,-164.26666666666665
3598,0.0,-529.0666666666666,-162.13333333333333
3599,0.0,-529.0666666666666,-166.4
3600,0.0,-526.9333333333333,-162.13333333333333
3601,-4.266666666666667,-526.9333333333333,-160.0
3602,0.0,-529.0666666666666,-155.73333333333332
3603,2.1333333333333333,-529.0666666666666,-153.6
3604,2.1333333333333333,-533.3333333333334,-153.6
3605,0.0,-529.0666666666666,-160.0
3606,0.0,-529.0666666666666,-155.73333333333332
3607,8.533333333333333,-524.8,-151.46666666666667
3608,6.4,-533.3333333333334,-155.73333333333332
3609,4.266666666666667,-531.2,-142.93333333333334
3610,2.1333333333333333,-529.0666666666666,-147.2
3611,0.0,-529.0666666666666,-136.53333333333333
3612,2.1333333333333333,-531.2,-134.4
3613,4.266666666666667,-524.8,-147.2
3614,0.0,-526.9333333333333,-149.33333333333334
3615,4.266666666666667,-522.6666666666666,-162.13333333333333
3616,2.1333333333333333,-524.8,-162.13333333333333
3617,4.266666666666667,-522.6666666666666,-160.0
3618,2.1333333333333333,-522.6666666666666,-166.4
3619,10.666666666666666,-529.0666666666666,-160.0
3620,0.0,-526.9333333333333,-162.13333333333333
3621,0.0,-529.0666666666666,-162.13333333333333
3622,6.4,-531.2,-164.26666666666665
3623,2.1333333333333333,-533.3333333333334,-157.86666666666667
3624,2.1333333333333333,-535.4666666666667,-160.0
3625,0.0,-535.4666666666667,-168.53333333333333
3626,2.1333333333333333,-533.3333333333334,-162.13333333333333
3627,0.0,-533.3333333333334,-166.4
3628,0.0,-539.7333333333333,-155.73333333333332
3629,6.4,-544.0,-166.4
3630,0.0,-544.0,-160.0
3631,0.0,-539.7333333333333,-170.66666666666666
3632,2.1333333333333333,-541.8666666666667,-174.93333333333334
3633,-2.1333333333333333,-533.3333333333334,-168.53333333333333
3634,0.0,-533.3333333333334,-177.06666666666666
3635,-2.1333333333333333,-529.0666666666666,-174.93333333333334
3636,-4.266666666666667,-533.3333333333334,-170.66666666666666
3637,0.0,-533.3333333333334,-164.26666666666665
3638,0.0,-529.0666666666666,-170.66666666666666
3639,-2.1333333333333333,-522.6666666666666,-160.0
3640,-6.4,-531.2,-155.73333333333332
3641,0.0,-541.8666666666667,-168.53333333333333
3642,-4.266666666666667,-526.9333333333333,-164.26666666666665
3643,-8.533333333333333,-522.6666666666666,-166.4
3644,-10.666666666666666,-518.4,-166.4
3645,-10.666666666666666,-516.2666666666667,-174.93333333333334
3646,-4.266666666666667,-516.2666666666667,-166.4
3647,-2.1333333333333333,-520.5333333333333,-151.46666666666667
3648,-2.1333333333333333,-520.5333333333333,-155.73333333333332
3649,-4.266666666666667,-529.0666666666666,-149.33333333333334
3650,0.0,-526.9333333333333,-151.46666666666667
3651,0.0,-531.2,-151.46666666666667
3652,0.0,-526.9333333333333,-151.46666666666667
3653,2.1333333333333333,-529.0666666666666,-153.6
3654,4.266666666666667,-533.3333333333334,-157.86666666666667
3655,4.266666666666667,-531.2,-162.13333333333333
3656,6.4,-526.9333333333333,-153.6
3657,4.266666666666667,-524.8,-155.73333333333332
3658,4.266666666666667,-526.9333333333333,-164.26666666666665
3659,6.4,-522.6666666666666,-164.26666666666665
3660,4.266666666666667,-524.8,-168.53333333333333
3661,4.266666666666667,-526.9333333333333,-162.13333333333333
3662,14.933333333333334,-526.9333333333333,-157.86666666666667
3663,4.266666666666667,-526.9333333333333,-166.4
3664,0.0,-526.9333333333333,-170.66666666666666
3665,0.0,-524.8,-177.06666666666666
3666,0.0,-520.5333333333333,-174.93333333333334
3667,2.1333333333333333,-524.8,-177.06666666666666
3668,0.0,-520.5333333333333,-179.2
3669,-2.1333333333333333,-526.9333333333333,-179.2
3670,0.0,-522.6666666666666,-174.93333333333334
3671,2.1333333333333333,-526.9333333333333,-170.66666666666666
3672,-2.1333333333333333,-522.6666666666666,-174.93333333333334
3673,2.1333333333333333,-529.0666666666666,-177.06666666666666
3674,0.0,-526.9333333333333,-172.8
3675,0.0,-524.8,-166.4
3676,2.1333333333333333,-526.9333333333333,-168.53333333333333
3677,4.266666666666667,-531.2,-177.06666666666666
3678,0.0,-526.9333333333333,-179.2
3679,0.0,-524.8,-170.66666666666666
3680,0.0,-524.8,-174.93333333333334
3681,0.0,-529.0666666666666,-172.8
3682,0.0,-524.8,-177.06666666666666
3683,0.0,-529.0666666666666,-179.2
3684,-2.1333333333333333,-522.6666666666666,-172.8
3685,-4.266666666666667,-516.2666666666667,-177.06666666666666
3686,-8.533333333333333,-522.6666666666666,-177.06666666666666
3687,-2.1333333333333333,-522.6666666666666,-177.06666666666666
3688,0.0,-520.5333333333333,-168.53333333333333
3689,-2.1333333333333333,-529.0666666666666,-170.66666666666666
3690,0.0,-531.2,-172.8
3691,-4.266666666666667,-531.2,-166.4
3692,0.0,-529.0666666666666,-168.53333333333333
3693,0.0,-526.9333333333333,-168.53333333333333
3694,0.0,-524.8,-172.8
3695,-2.1333333333333333,-526.9333333333333,-179.2
3696,4.266666666666667,-522.6666666666666,-179.2
3697,-2.1333333333333333,-518.4,-181.33333333333334
3698,0.0,-509.8666666666667,-174.93333333333334
3699,0.0,-516.2666666666667,-179.2
3700,0.0,-514.1333333333333,-185.6
3701,2.1333333333333333,-514.1333333333333,-172.8
3702,0.0,-520.5333333333333,-179.2
3703,-4.266666666666667,-524.8,-164.26666666666665
3704,-4.266666666666667,-526.9333333333333,-172.8
3705,0.0,-522.6666666666666,-177.06666666666666
3706,-10.666666666666666,-520.5333333333333,-160.0
3707,0.0,-524.8,-174.93333333333334
3708,-6.4,-526.9333333333333,-179.2
3709,2.1333333333333333,-524.8,-177.06666666666666
3710,-12.8,-524.8,-179.2
3711,-2.1333333333333333,-522.6666666666666,-179.2
3712,0.0,-518.4,-177.06666666666666
3713,0.0,-526.9333333333333,-181.33333333333334
3714,0.0,-520.5333333333333,-181.33333333333334
3715,0.0,-522.6666666666666,-177.06666666666666
3716,0.0,-529.0666666666666,-170.66666666666666
3717,0.0,-522.6666666666666,-170.66666666666666
3718,-4.266666666666667,-526.9333333333333,-177.06666666666666
3719,0.0,-526.9333333333333,-168.53333333333333
3720,-8.533333333333333,-516.2666666666667,-174.93333333333334
3721,-2.1333333333333333,-524.8,-177.06666666666666
3722,0.0,-526.9333333333333,-177.06666666666666
3723,-2.1333333333333333,-524.8,-181.33333333333334
3724,-4.266666666666667,-524.8,-177.06666666666666
3725,-4.266666666666667,-522.6666666666666,-179.2
3726,-2.1333333333333333,-529.0666666666666,-177.06666666666666
3727,0.0,-520.5333333333333,-179.2
3728,0.0,-522.6666666666666,-168.53333333333333
3729,0.0,-524.8,-170.66666666666666
3730,0.0,-522.6666666666666,-170.66666666666666
3731,-4.266666666666667,-516.2666666666667,-170.66666666666666
3732,-2.1333333333333333,-512.0,-174.93333333333334
3733,0.0,-520.5333333333333,-174.93333333333334
3734,0.0,-522.6666666666666,-170.66666666666666
3735,-4.266666666666667,-526.9333333333333,-170.66666666666666
3736,-12.8,-529.0666666666666,-174.93333333333334
3737,-6.4,-529.0666666666666,-174.93333333333334
3738,0.0,-526.9333333333333,-185.6
3739,4.266666666666667,-529.0666666666666,-183.46666666666667
3740,-2.1333333333333333,-529.0666666666666,-179.2
3741,2.1333333333333333,-526.9333333333333,-189.86666666666667
3742,0.0,-522.6666666666666,-185.6
3743,-6.4,-524.8,-177.06666666666666
3744,-2.1333333333333333,-524.8,-179.2
3745,-4.266666666666667,-520.5333333333333,-177.06666666666666
3746,0.0,-529.0666666666666,-179.2
3747,-4.266666666666667,-522.6666666666666,-177.06666666666666
3748,-4.266666666666667,-522.6666666666666,-172.8
3749,0.0,-524.8,-162.13333333333333
3750,-2.1333333333333333,-518.4,-174.93333333333334
3751,0.0,-518.4,-177.06666666666666
3752,0.0,-512.0,-177.06666666666666
3753,0.0,-518.4,-181.33333333333334
3754,0.0,-520.5333333333333,-179.2
3755,-4.266666666666667,-520.5333333333333,-177.06666666666666
3756,-6.4,-518.4,-168.53333333333333
3757,0.0,-526.9333333333333,-170.66666666666666
3758,-4.266666666666667,-522.6666666666666,-174.93333333333334
3759,-4.266666666666667,-524.8,-179.2
3760,-2.1333333333333333,-531.2,-183.46666666666667
3761,2.1333333333333333,-524.8,-185.6
3762,8.533333333333333,-526.9333333333333,-179.2
3763,4.266666666666667,-520.5333333333333,-179.2
3764,2.1333333333333333,-509.8666666666667,-174.93333333333334
3765,0.0,-522.6666666666666,-174.93333333333334
3766,0.0,-520.5333333333333,-177.06666666666666
3767,0.0,-520.5333333333333,-170.66666666666666
3768,0.0,-520.5333333333333,-174.93333333333334
3769,0.0,-516.2666666666667,-172.8
3770,0.0,-507.73333333333335,-185.6
3771,4.266666666666667,-516.2666666666667,-177.06666666666666
3772,4.266666666666667,-518.4,-179.2
3773,10.666666666666666,-518.4,-179.2
3774,6.4,-514.1333333333333,-181.33333333333334
3775,6.4,-514.1333333333333,-183.46666666666667
3776,10.666666666666666,-518.4,-179.2
3777,4.266666666666667,-516.2666666666667,-183.46666666666667
3778,0.0,-518.4,-181.33333333333334
3779,4.266666666666667,-522.6666666666666,-183.46666666666667
3780,0.0,-529.0666666666666,-185.6
3781,0.0,-522.6666666666666,-181.33333333333334
3782,0.0,-526.9333333333333,-185.6
3783,2.1333333333333333,-529.0666666666666,-177.06666666666666
3784,2.1333333333333333,-529.0666666666666,-174.93333333333334
3785,-4.266666666666667,-529.0666666666666,-179.2
3786,-4.266666666666667,-526.9333333333333,-181.33333333333334
3787,2.1333333333333333,-526.9333333333333,-179.2
3788,0.0,-522.6666666666666,-179.2
3789,0.0,-518.4,-181.33333333333334
3790,2.1333333333333333,-522.6666666666666,-181.33333333333334
3791,0.0,-518.4,-185.6
3792,4.266666666666667,-522.6666666666666,-187.73333333333332
3793,4.266666666666667,-518.4,-181.33333333333334
3794,6.4,-526.9333333333333,-187.73333333333332
3795,4.266666666666667,-524.8,-183.46666666666667
3796,0.0,-524.8,-187.73333333333332
3797,0.0,-522.6666666666666,-183.46666666666667
3798,0.0,-524.8,-192.0
3799,-2.1333333333333333,-526.9333333333333,-183.46666666666667
3800,-2.1333333333333333,-518.4,-183.46666666666667
3801,-2.1333333333333333,-518.4,-185.6
3802,0.0,-518.4,-183.46666666666667
3803,-2.1333333333333333,-516.2666666666667,-189.86666666666667
3804,-4.266666666666667,-524.8,-181.33333333333334
3805,0.0,-520.5333333333333,-183.46666666666667
3806,0.0,-518.4,-194.13333333333333
3807,-4.266666666666667,-514.1333333333333,-185.6
3808,0.0,-518.4,-181.33333333333334
3809,2.1333333333333333,-518.4,-185.6
3810,2.1333333333333333,-518.4,-179.2
3811,0.0,-516.2666666666667,-179.2
3812,-2.1333333333333333,-520.5333333333333,-181.33333333333334
3813,-2.1333333333333333,-524.8,-183.46666666666667
3814,0.0,-518.4,-181.33333333333334
3815,0.0,-524.8,-181.33333333333334
3816,-2.1333333333333333,-524.8,-181.33333333333334
3817,0.0,-520.5333333333333,-185.6
3818,0.0,-520.5333333333333,-181.33333333333334
3819,2.1333333333333333,-524.8,-181.33333333333334
3820,0.0,-518.4,-185.6
3821,2.1333333333333333,-520.5333333333333,-185.6
3822,2.1333333333333333,-522.6666666666666,-187.73333333333332
3823,2.1333333333333333,-516.2666666666667,-181.33333333333334
3824,-6.4,-512.0,-179.2
3825,-2.1333333333333333,-514.1333333333333,-181.33333333333334
3826,0.0,-518.4,-181.33333333333334
3827,0.0,-516.2666666666667,-181.33333333333334
3828,-6.4,-514.1333333333333,-177.06666666666666
3829,-6.4,-514.1333333333333,-179.2
3830,-4.266666666666667,-524.8,-177.06666666666666
3831,-4.266666666666667,-526.9333333333333,-174.93333333333334
3832,-2.1333333333333333,-520.5333333333333,-177.06666666666666
3833,-2.1333333333333333,-524.8,-174.93333333333334
3834,-4.266666666666667,-524.8,-174.93333333333334
3835,-8.533333333333333,-526.9333333333333,-179.2
3836,-4.266666666666667,-520.5333333333333,-179.2
3837,0.0,-520.5333333333333,-177.06666666666666
3838,-6.4,-520.5333333333333,-183.46666666666667
3839,-2.1333333333333333,-524.8,-174.93333333333334
3840,2.1333333333333333,-520.5333333333333,-177.06666666666666
3841,0.0,-524.8,-181.33333333333334
3842,0.0,-520.5333333333333,-181.33333333333334
3843,0.0,-518.4,-174.93333333333334
3844,4.266666666666667,-522.6666666666666,-183.46666666666667
3845,4.266666666666667,-524.8,-179.2
3846,-4.266666666666667,-516.2666666666667,-179.2
3847,-4.266666666666667,-520.5333333333333,-177.06666666666666
3848,-2.1333333333333333,-516.2666666666667,-185.6
3849,-4.266666666666667,-520.5333333333333,-183.46666666666667
3850,0.0,-526.9333333333333,-172.8
3851,0.0,-518.4,-179.2
3852,0.0,-524.8,-183.46666666666667
3853,0.0,-524.8,-179.2
3854,0.0,-514.1333333333333,-181.33333333333334
3855,0.0,-522.6666666666666,-185.6
3856,-6.4,-524.8,-181.33333333333334
3857,0.0,-524.8,-181.33333333333334
3858,2.1333333333333333,-526.9333333333333,-177.06666666666666
3859,2.1333333333333333,-524.8,-179.2
3860,2.1333333333333333,-529.0666666666666,-172.8
3861,2.1333333333333333,-526.9333333333333,-177.06666666666666
3862,0.0,-522.6666666666666,-179.2
3863,2.1333333333333333,-522.6666666666666,-177.06666666666666
3864,2.1333333333333333,-512.0,-181.33333333333334
3865,0.0,-522.6666666666666,-177.06666666666666
3866,0.0,-518.4,-179.2
3867,0.0,-516.2666666666667,-181.33333333333334
3868,0.0,-514.1333333333333,-177.06666666666666
3869,0.0,-524.8,-172.8
3870,-2.1333333333333333,-520.5333333333333,-172.8
3871,-8.533333333333333,-522.6666666666666,-172.8
3872,-10.666666666666666,-520.5333333333333,-177.06666666666666
3873,0.0,-522.6666666666666,-174.93333333333334
3874,0.0,-518.4,-179.2
3875,-2.1333333333333333,-512.0,-185.6
3876,-6.4,-512.0,-187.73333333333332
3877,-4.266666666666667,-505.59999999999997,-187.73333333333332
3878,-2.1333333333333333,-516.2666666666667,-181.33333333333334
3879,-4.266666666666667,-518.4,-174.93333333333334
3880,-8.533333333333333,-522.6666666666666,-172.8
3881,-8.533333333333333,-529.0666666666666,-172.8
3882,-8.533333333333333,-529.0666666666666,-179.2
3883,-2.1333333333333333,-535.4666666666667,-179.2
3884,-6.4,-529.0666666666666,-174.93333333333334
3885,-8.533333333333333,-526.9333333333333,-177.06666666666666
3886,-10.666666666666666,-524.8,-181.33333333333334
3887,-8.533333333333333,-522.6666666666666,-181.33333333333334
3888,-2.1333333333333333,-524.8,-177.06666666666666
3889,-8.533333333333333,-520.5333333333333,-179.2
3890,2.1333333333333333,-520.5333333333333,-179.2
3891,-10.666666666666666,-516.2666666666667,-181.33333333333334
3892,0.0,-520.5333333333333,-185.6
3893,0.0,-520.5333333333333,-189.86666666666667
3894,0.0,-522.6666666666666,-181.33333333333334
3895,0.0,-526.9333333333333,-179.2
3896,-2.1333333333333333,-522.6666666666666,-183.46666666666667
3897,-4.266666666666667,-526.9333333333333,-183.46666666666667
3898,0.0,-526.9333333333333,-183.46666666666667
3899,0.0,-522.6666666666666,-185.6
3900,-2.1333333333333333,-526.9333333333333,-185.6
3901,0.0,-526.9333333333333,-185.6
3902,0.0,-529.0666666666666,-183.46666666666667
3903,2.1333333333333333,-529.0666666666666,-179.2
3904,0.0,-529.0666666666666,-183.46666666666667
3905,10.666666666666666,-531.2,-183.46666666666667
3906,2.1333333333333333,-526.9333333333333,-183.46666666666667
3907,2.1333333333333333,-526.9333333333333,-181.33333333333334
3908,4.266666666666667,-526.9333333333333,-181.33333333333334
3909,8.533333333333333,-533.3333333333334,-183.46666666666667
3910,2.1333333333333333,-526.9333333333333,-183.46666666666667
3911,4.266666666666667,-520.5333333333333,-179.2
3912,2.1333333333333333,-518.4,-177.06666666666666
3913,0.0,-522.6666666666666,-185.6
3914,2.1333333333333333,-518.4,-177.06666666666666
3915,-2.1333333333333333,-507.73333333333335,-179.2
3916,0.0,-514.1333333333333,-181.33333333333334
3917,-4.266666666666667,-512.0,-183.46666666666667
3918,2.1333333333333333,-522.6666666666666,-181.33333333333334
3919,0.0,-518.4,-189.86666666666667
3920,2.1333333333333333,-520.5333333333333,-179.2
3921,2.1333333333333333,-520.5333333333333,-185.6
3922,-4.266666666666667,-524.8,-181.33333333333334
3923,0.0,-524.8,-187.73333333333332
3924,-6.4,-520.5333333333333,-183.46666666666667
3925,-8.533333333333333,-520.5333333333333,-183.46666666666667
3926,-8.533333333333333,-526.9333333333333,-185.6
3927,-8.533333333333333,-524.8,-177.06666666666666
3928,-10.666666666666666,-524.8,-181.33333333333334
3929,-2.1333333333333333,-518.4,-174.93333333333334
3930,-4.266666666666667,-524.8,-177.06666666666666
3931,-2.1333333333333333,-524.8,-179.2
3932,-2.1333333333333333,-524.8,-179.2
3933,-4.266666666666667,-522.6666666666666,-181.33333333333334
3934,-4.266666666666667,-524.8,-179.2
3935,-4.266666666666667,-520.5333333333333,-185.6
3936,0.0,-524.8,-179.2
3937,0.0,-520.5333333333333,-179.2
3938,-6.4,-516.2666666666667,-179.2
3939,-2.1333333333333333,-518.4,-183.46666666666667
3940,0.0,-520.5333333333333,-179.2
3941,0.0,-524.8,-183.46666666666667
3942,2.1333333333333333,-524.8,-189.86666666666667
3943,0.0,-522.6666666666666,-183.46666666666667
3944,2.1333333333333333,-516.2666666666667,-179.2
3945,2.1333333333333333,-524.8,-181.33333333333334
3946,-4.266666666666667,-514.1333333333333,-185.6
3947,0.0,-520.5333333333333,-189.86666666666667
3948,0.0,-524.8,-181.33333333333334
3949,0.0,-520.5333333333333,-181.33333333333334
3950,2.1333333333333333,-524.8,-179.2
3951,0.0,-520.5333333333333,-179.2
3952,2.1333333333333333,-526.9333333333333,-179.2
3953,0.0,-529.0666666666666,-177.06666666666666
3954,0.0,-522.6666666666666,-177.06666666666666
3955,0.0,-524.8,-179.2
3956,0.0,-520.5333333333333,-179.2
3957,0.0,-520.5333333333333,-183.46666666666667
3958,2.1333333333333333,-524.8,-183.46666666666667
3959,0.0,-520.5333333333333,-179.2
3960,2.1333333333333333,-524.8,-183.46666666666667
3961,-2.1333333333333333,-522.6666666666666,-181.33333333333334
3962,2.1333333333333333,-522.6666666666666,-179.2
3963,4.266666666666667,-524.8,-174.93333333333334
3964,2.1333333333333333,-522.6666666666666,-185.6
3965,0.0,-520.5333333333333,-183.46666666666667
3966,4.266666666666667,-520.5333333333333,-177.06666666666666
3967,2.1333333333333333,-524.8,-179.2
3968,6.4,-522.6666666666666,-187.73333333333332
3969,2.1333333333333333,-524.8,-179.2
3970,-4.266666666666667,-526.9333333333333,-181.33333333333334
3971,0.0,-526.9333333333333,-179.2
3972,-2.1333333333333333,-529.0666666666666,-179.2
3973,0.0,-526.9333333333333,-172.8
3974,6.4,-529.0666666666666,-181.33333333333334
3975,4.266666666666667,-531.2,-170.66666666666666
3976,0.0,-531.2,-172.8
3977,0.0,-526.9333333333333,-172.8
3978,6.4,-531.2,-172.8
3979,2.1333333333333333,-529.0666666666666,-174.93333333333334
3980,-2.1333333333333333,-524.8,-170.66666666666666
3981,0.0,-531.2,-174.93333333333334
3982,2.1333333333333333,-526.9333333333333,-174.93333333333334
3983,0.0,-526.9333333333333,-170.66666666666666
3984,0.0,-522.6666666666666,-174.93333333333334
3985,-2.1333333333333333,-526.9333333333333,-179.2
3986,-2.1333333333333333,-529.0666666666666,-170.66666666666666
3987,0.0,-526.9333333333333,-172.8
3988,2.1333333333333333,-524.8,-177.06666666666666
3989,2.1333333333333333,-526.9333333333333,-170.66666666666666
3990,-4.266666666666667,-526.9333333333333,-181.33333333333334
3991,0.0,-520.5333333333333,-183.46666666666667
3992,0.0,-512.0,-181.33333333333334
3993,-2.1333333333333333,-516.2666666666667,-185.6
3994,0.0,-514.1333333333333,-179.2
3995,2.1333333333333333,-524.8,-168.53333333333333
3996,0.0,-518.4,-162.13333333333333
3997,0.0,-529.0666666666666,-157.86666666666667
3998,0.0,-537.6,-160.0
3999,2.1333333333333333,-531.2,-162.13333333333333
4000,-2.1333333333333333,-531.2,-164.26666666666665
4001,0.0,-529.0666666666666,-162.13333333333333
4002,2.1333333333333333,-529.0666666666666,-164.26666666666665
4003,-2.1333333333333333,-529.0666666666666,-172.8
4004,0.0,-522.6666666666666,-172.8
4005,-8.533333333333333,-522.6666666666666,-168.53333333333333
4006,2.1333333333333333,-524.8,-164.26666666666665
4007,0.0,-526.9333333333333,-166.4
4008,2.1333333333333333,-524.8,-172.8
4009,0.0,-524.8,-170.66666666666666
4010,0.0,-524.8,-177.06666666666666
4011,2.1333333333333333,-524.8,-174.93333333333334
4012,2.1333333333333333,-524.8,-166.4
4013,0.0,-526.9333333333333,-166.4
4014,0.0,-529.0666666666666,-172.8
4015,0.0,-529.0666666666666,-170.66666666666666
4016,0.0,-529.0666666666666,-166.4
4017,-2.1333333333333333,-529.0666666666666,-164.26666666666665
4018,0.0,-526.9333333333333,-157.86666666666667
4019,0.0,-531.2,-166.4
4020,0.0,-531.2,-170.66666666666666
4021,0.0,-526.9333333333333,-168.53333333333333
4022,2.1333333333333333,-526.9333333333333,-157.86666666666667
4023,2.1333333333333333,-531.2,-160.0
4024,0.0,-531.2,-164.26666666666665
4025,2.1333333333333333,-526.9333333333333,-166.4
4026,-2.1333333333333333,-522.6666666666666,-160.0
4027,2.1333333333333333,-526.9333333333333,-168.53333333333333
4028,0.0,-524.8,-164.26666666666665
4029,-2.1333333333333333,-524.8,-160.0
4030,-8.533333333333333,-531.2,-172.8
4031,-6.4,-524.8,-160.0
4032,0.0,-529.0666666666666,-166.4
4033,-2.1333333333333333,-533.3333333333334,-157.86666666666667
4034,0.0,-533.3333333333334,-157.86666666666667
4035,-2.1333333333333333,-529.0666666666666,-157.86666666666667
4036,-4.266666666666667,-529.0666666666666,-166.4
4037,-4.266666666666667,-524.8,-160.0
4038,-10.666666666666666,-529.0666666666666,-160.0
4039,-4.266666666666667,-524.8,-166.4
4040,-8.533333333333333,-526.9333333333333,-162.13333333333333
4041,-6.4,-531.2,-164.26666666666665
4042,-6.4,-529.0666666666666,-164.26666666666665
4043,-14.933333333333334,-522.6666666666666,-170.66666666666666
4044,-2.1333333333333333,-522.6666666666666,-172.8
4045,-6.4,-529.0666666666666,-168.53333333333333
4046,0.0,-531.2,-155.73333333333332
4047,-6.4,-529.0666666666666,-166.4
4048,-10.666666666666666,-522.6666666666666,-157.86666666666667
4049,-4.266666666666667,-526.9333333333333,-149.33333333333334
4050,-4.266666666666667,-529.0666666666666,-157.86666666666667
4051,-2.1333333333333333,-526.9333333333333,-157.86666666666667
4052,-4.266666666666667,-529.0666666666666,-153.6
4053,0.0,-529.0666666666666,-155.73333333333332
4054,0.0,-524.8,-157.86666666666667
4055,-4.266666666666667,-531.2,-162.13333333333333
4056,0.0,-531.2,-155.73333333333332
4057,0.0,-526.9333333333333,-160.0
4058,-4.266666666666667,-529.0666666666666,-157.86666666666667
4059,-2.1333333333333333,-529.0666666666666,-162.13333333333333
4060,-2.1333333333333333,-529.0666666666666,-166.4
4061,-6.4,-529.0666666666666,-160.0
4062,0.0,-529.0666666666666,-160.0
4063,-2.1333333333333333,-529.0666666666666,-162.13333333333333
4064,-2.1333333333333333,-526.9333333333333,-157.86666666666667
4065,-2.1333333333333333,-526.9333333333333,-155.73333333333332
4066,-8.533333333333333,-529.0666666666666,-164.26666666666665
4067,-4.266666666666667,-529.0666666666666,-153.6
4068,0.0,-526.9333333333333,-162.13333333333333
4069,-2.1333333333333333,-522.6666666666666,-153.6
4070,-4.266666666666667,-524.8,-155.73333333333332
4071,0.0,-524.8,-149.33333333333334
4072,-2.1333333333333333,-522.6666666666666,-149.33333333333334
4073,-6.4,-524.8,-153.6
4074,0.0,-524.8,-153.6
4075,-2.1333333333333333,-526.9333333333333,-160.0
4076,-2.1333333333333333,-524.8,-164.26666666666665
4077,-2.1333333333333333,-526.9333333333333,-153.6
4078,-8.533333333333333,-529.0666666666666,-160.0
4079,-4.266666666666667,-524.8,-155.73333333333332
4080,0.0,-529.0666666666666,-157.86666666666667
4081,0.0,-533.3333333333334,-153.6
4082,-4.266666666666667,-531.2,-149.33333333333334
4083,0.0,-524.8,-153.6
4084,0.0,-524.8,-153.6
4085,-2.1333333333333333,-529.0666666666666,-162.13333333333333
4086,-4.266666666666667,-529.0666666666666,-151.46666666666667
4087,-12.8,-522.6666666666666,-157.86666666666667
4088,-2.1333333333333333,-529.0666666666666,-155.73333333333332
4089,-6.4,-533.3333333333334,-164.26666666666665
4090,0.0,-529.0666666666666,-153.6
4091,0.0,-526.9333333333333,-155.73333333333332
4092,0.0,-526.9333333333333,-155.73333333333332
4093,-4.266666666666667,-531.2,-160.0
4094,0.0,-526.9333333333333,-155.73333333333332
4095,0.0,-524.8,-157.86666666666667
4096,-2.1333333333333333,-522.6666666666666,-157.86666666666667
4097,-4.266666666666667,-524.8,-149.33333333333334
4098,-2.1333333333333333,-529.0666666666666,-147.2
4099,0.0,-524.8,-160.0
4100,0.0,-531.2,-151.46666666666667
4101,0.0,-529.0666666666666,-149.33333333333334
4102,-6.4,-524.8,-153.6
4103,0.0,-529.0666666666666,-147.2
4104,-4.266666666666667,-533.3333333333334,-145.06666666666666
4105,0.0,-533.3333333333334,-160.0
4106,-6.4,-531.2,-151.46666666666667
4107,0.0,-524.8,-160.0
4108,2.1333333333333333,-522.6666666666666,-168.53333333333333
4109,0.0,-518.4,-166.4
4110,0.0,-526.9333333333333,-155.73333333333332
4111,0.0,-526.9333333333333,-147.2
4112,-6.4,-537.6,-138.66666666666666
4113,0.0,-535.4666666666667,-151.46666666666667
4114,0.0,-539.7333333333333,-147.2
4115,-2.1333333333333333,-537.6,-149.33333333333334
4116,0.0,-537.6,-151.46666666666667
4117,-4.266666666666667,-531.2,-157.86666666666667
4118,-2.1333333333333333,-531.2,-162.13333333333333
4119,0.0,-526.9333333333333,-166.4
4120,-2.1333333333333333,-529.0666666666666,-160.0
4121,-4.266666666666667,-524.8,-160.0
4122,-4.266666666666667,-520.5333333333333,-160.0
4123,-4.266666666666667,-518.4,-157.86666666666667
4124,0.0,-520.5333333333333,-160.0
4125,-2.1333333333333333,-524.8,-155.73333333333332
4126,-6.4,-518.4,-147.2
4127,2.1333333333333333,-522.6666666666666,-162.13333333333333
4128,-6.4,-524.8,-155.73333333333332
4129,-10.666666666666666,-524.8,-155.73333333333332
4130,-2.1333333333333333,-520.5333333333333,-155.73333333333332
4131,0.0,-531.2,-151.46666666666667
4132,-2.1333333333333333,-533.3333333333334,-160.0
4133,-6.4,-537.6,-160.0
4134,-2.1333333333333333,-531.2,-151.46666666666667
4135,-12.8,-533.3333333333334,-157.86666666666667
4136,-10.666666666666666,-531.2,-160.0
4137,-12.8,-526.9333333333333,-155.73333333333332
4138,-2.1333333333333333,-529.0666666666666,-153.6
4139,0.0,-533.3333333333334,-155.73333333333332
4140,-4.266666666666667,-533.3333333333334,-155.73333333333332
4141,2.1333333333333333,-529.0666666666666,-157.86666666666667
4142,-4.266666666666667,-539.7333333333333,-162.13333333333333
4143,-14.933333333333334,-529.0666666666666,-164.26666666666665
4144,-8.533333333333333,-524.8,-166.4
4145,-6.4,-526.9333333333333,-157.86666666666667
4146,-4.266666666666667,-524.8,-168.53333333333333
4147,-12.8,-524.8,-166.4
4148,-8.533333333333333,-524.8,-162.13333333333333
4149,-4.266666666666667,-518.4,-155.73333333333332
4150,-2.1333333333333333,-529.0666666666666,-160.0
4151,-12.8,-529.0666666666666,-160.0
4152,-8.533333333333333,-522.6666666666666,-155.73333333333332
4153,-4.266666666666667,-520.5333333333333,-153.6
4154,-6.4,-529.0666666666666,-155.73333333333332
4155,-10.666666666666666,-520.5333333333333,-164.26666666666665
4156,0.0,-526.9333333333333,-151.46666666666667
4157,-2.1333333333333333,-526.9333333333333,-153.6
4158,-6.4,-526.9333333333333,-157.86666666666667
4159,-4.266666666666667,-526.9333333333333,-157.86666666666667
4160,-2.1333333333333333,-529.0666666666666,-151.46666666666667
4161,-2.1333333333333333,-531.2,-153.6
4162,0.0,-524.8,-155.73333333333332
4163,-2.1333333333333333,-529.0666666666666,-151.46666666666667
4164,-2.1333333333333333,-529.0666666666666,-164.26666666666665
4165,0.0,-535.4666666666667,-147.2
4166,-14.933333333333334,-529.0666666666666,-157.86666666666667
4167,-4.266666666666667,-526.9333333333333,-162.13333333333333
4168,-6.4,-535.4666666666667,-155.73333333333332
4169,-12.8,-526.9333333333333,-160.0
4170,-4.266666666666667,-535.4666666666667,-164.26666666666665
4171,0.0,-535.4666666666667,-160.0
4172,-8.533333333333333,-533.3333333333334,-157.86666666666667
4173,-2.1333333333333333,-524.8,-160.0
4174,0.0,-522.6666666666666,-166.4
4175,-2.1333333333333333,-526.9333333333333,-164.26666666666665
4176,0.0,-526.9333333333333,-162.13333333333333
4177,-2.1333333333333333,-526.9333333333333,-168.53333333333333
4178,-4.266666666666667,-522.6666666666666,-162.13333333333333
4179,2.1333333333333333,-524.8,-160.0
4180,2.1333333333333333,-529.0666666666666,-155.73333333333332
4181,0.0,-524.8,-151.46666666666667
4182,-4.266666666666667,-526.9333333333333,-164.26666666666665
4183,-2.1333333333333333,-529.0666666666666,-164.26666666666665
4184,-2.1333333333333333,-531.2,-155.73333333333332
4185,-2.1333333333333333,-529.0666666666666,-151.46666666666667
4186,0.0,-524.8,-162.13333333333333
4187,0.0,-529.0666666666666,-162.13333333333333
4188,0.0,-529.0666666666666,-164.26666666666665
4189,0.0,-526.9333333333333,-151.46666666666667
4190,-2.1333333333333333,-529.0666666666666,-157.86666666666667
4191,0.0,-529.0666666666666,-151.46666666666667
4192,-4.266666666666667,-529.0666666666666,-160.0
4193,-6.4,-529.0666666666666,-162.13333333333333
4194,-2.1333333333333333,-529.0666666666666,-162.13333333333333
4195,-12.8,-529.0666666666666,-145.06666666666666
4196,0.0,-531.2,-147.2
4197,2.1333333333333333,-531.2,-151.46666666666667
4198,4.266666666666667,-529.0666666666666,-157.86666666666667
4199,2.1333333333333333,-529.0666666666666,-157.86666666666667
4200,4.266666666666667,-531.2,-157.86666666666667
4201,2.1333333333333333,-526.9333333333333,-160.0
4202,0.0,-529.0666666666666,-160.0
4203,2.1333333333333333,-533.3333333333334,-160.0
4204,2.1333333333333333,-526.9333333333333,-162.13333333333333
4205,2.1333333333333333,-526.9333333333333,-160.0
4206,0.0,-526.9333333333333,-151.46666666666667
4207,2.1333333333333333,-529.0666666666666,-155.73333333333332
4208,0.0,-526.9333333333333,-151.46666666666667
4209,2.1333333333333333,-526.9333333333333,-155.73333333333332
4210,2.1333333333333333,-526.9333333333333,-151.46666666666667
4211,0.0,-529.0666666666666,-160.0
4212,2.1333333333333333,-524.8,-164.26666666666665
4213,2.1333333333333333,-522.6666666666666,-157.86666666666667
4214,2.1333333333333333,-524.8,-164.26666666666665
4215,4.266666666666667,-518.4,-166.4
4216,0.0,-522.6666666666666,-149.33333333333334
4217,4.266666666666667,-524.8,-157.86666666666667
4218,0.0,-526.9333333333333,-157.86666666666667
4219,0.0,-531.2,-153.6
4220,0.0,-529.0666666666666,-153.6
4221,4.266666666666667,-526.9333333333333,-162.13333333333333
4222,2.1333333333333333,-529.0666666666666,-170.66666666666666
4223,2.1333333333333333,-526.9333333333333,-177.06666666666666
4224,2.1333333333333333,-526.9333333333333,-170.66666666666666
4225,4.266666666666667,-529.0666666666666,-157.86666666666667
4226,2.1333333333333333,-529.0666666666666,-157.86666666666667
4227,0.0,-529.0666666666666,-151.46666666666667
4228,0.0,-529.0666666666666,-153.6
4229,-2.1333333333333333,-529.0666666666666,-164.26666666666665
4230,2.1333333333333333,-531.2,-164.26666666666665
4231,2.1333333333333333,-529.0666666666666,-166.4
4232,0.0,-524.8,-164.26666666666665
4233,-4.266666666666667,-522.6666666666666,-170.66666666666666
4234,2.1333333333333333,-522.6666666666666,-166.4
4235,2.1333333333333333,-522.6666666666666,-164.26666666666665
4236,0.0,-518.4,-166.4
4237,2.1333333333333333,-522.6666666666666,-164.26666666666665
4238,-2.1333333333333333,-514.1333333333333,-170.66666666666666
4239,-6.4,-520.5333333333333,-168.53333333333333
4240,2.1333333333333333,-522.6666666666666,-172.8
4241,2.1333333333333333,-522.6666666666666,-170.66666666666666
4242,4.266666666666667,-529.0666666666666,-168.53333333333333
4243,2.1333333333333333,-526.9333333333333,-166.4
4244,2.1333333333333333,-529.0666666666666,-162.13333333333333
4245,2.1333333333333333,-529.0666666666666,-155.73333333333332
4246,2.1333333333333333,-535.4666666666667,-170.66666666666666
4247,0.0,-529.0666666666666,-168.53333333333333
4248,0.0,-533.3333333333334,-155.73333333333332
4249,0.0,-533.3333333333334,-162.13333333333333
4250,0.0,-526.9333333333333,-157.86666666666667
4251,0.0,-526.9333333333333,-162.13333333333333
4252,2.1333333333333333,-526.9333333333333,-168.53333333333333
4253,0.0,-524.8,-168.53333333333333
4254,2.1333333333333333,-524.8,-168.53333333333333
4255,0.0,-522.6666666666666,-164.26666666666665
4256,0.0,-526.9333333333333,-164.26666666666665
4257,2.1333333333333333,-524.8,-160.0
4258,-10.666666666666666,-518.4,-162.13333333333333
4259,-2.1333333333333333,-522.6666666666666,-166.4
4260,-4.266666666666667,-520.5333333333333,-174.93333333333334
4261,0.0,-522.6666666666666,-166.4
4262,-8.533333333333333,-526.9333333333333,-155.73333333333332
4263,0.0,-524.8,-166.4
4264,-2.1333333333333333,-533.3333333333334,-168.53333333333333
4265,-4.266666666666667,-531.2,-168.53333333333333
4266,-2.1333333333333333,-529.0666666666666,-170.66666666666666
4267,-4.266666666666667,-524.8,-168.53333333333333
4268,-8.533333333333333,-526.9333333333333,-168.53333333333333
4269,-10.666666666666666,-529.0666666666666,-168.53333333333333
4270,-10.666666666666666,-531.2,-155.73333333333332
4271,0.0,-529.0666666666666,-162.13333333333333
4272,-10.666666666666666,-526.9333333333333,-157.86666666666667
4273,-8.533333333333333,-524.8,-162.13333333333333
4274,-10.666666666666666,-526.9333333333333,-166.4
4275,-2.1333333333333333,-526.9333333333333,-166.4
4276,-6.4,-526.9333333333333,-172.8
4277,-2.1333333333333333,-524.8,-164.26666666666665
4278,0.0,-529.0666666666666,-168.53333333333333
4279,4.266666666666667,-524.8,-168.53333333333333
4280,-12.8,-524.8,-168.53333333333333
4281,-8.533333333333333,-524.8,-160.0
4282,0.0,-526.9333333333333,-166.4
4283,-2.1333333333333333,-526.9333333333333,-174.93333333333334
4284,-2.1333333333333333,-524.8,-170.66666666666666
4285,-2.1333333333333333,-529.0666666666666,-170.66666666666666
4286,0.0,-526.9333333333333,-160.0
4287,-2.1333333333333333,-526.9333333333333,-160.0
4288,0.0,-526.9333333333333,-170.66666666666666
4289,0.0,-531.2,-160.0
4290,0.0,-524.8,-157.86666666666667
4291,2.1333333333333333,-529.0666666666666,-170.66666666666666
4292,-2.1333333333333333,-524.8,-166.4
4293,0.0,-526.9333333333333,-166.4
4294,-4.266666666666667,-524.8,-168.53333333333333
4295,0.0,-524.8,-164.26666666666665
4296,0.0,-526.9333333333333,-168.53333333333333
4297,-2.1333333333333333,-529.0666666666666,-166.4
4298,0.0,-529.0666666666666,-170.66666666666666
4299,-2.1333333333333333,-526.9333333333333,-162.13333333333333
4300,-2.1333333333333333,-526.9333333333333,-166.4
4301,-4.266666666666667,-526.9333333333333,-160.0
4302,-6.4,-526.9333333333333,-166.4
4303,0.0,-529.0666666666666,-168.53333333333333
4304,0.0,-526.9333333333333,-162.13333333333333
4305,-2.1333333333333333,-526.9333333333333,-172.8
4306,-2.1333333333333333,-529.0666666666666,-157.86666666666667
4307,0.0,-529.0666666666666,-164.26666666666665
4308,0.0,-529.0666666666666,-170.66666666666666
4309,0.0,-526.9333333333333,-166.4
4310,-2.1333333333333333,-526.9333333333333,-170.66666666666666
4311,0.0,-529.0666666666666,-162.13333333333333
4312,-6.4,-529.0666666666666,-168.53333333333333
4313,-4.266666666666667,-522.6666666666666,-164.26666666666665
4314,-8.533333333333333,-529.0666666666666,-170.66666666666666
4315,-10.666666666666666,-529.0666666666666,-168.53333333333333
4316,-8.533333333333333,-533.3333333333334,-164.26666666666665
4317,0.0,-529.0666666666666,-168.53333333333333
4318,-2.1333333333333333,-533.3333333333334,-155.73333333333332
4319,-8.533333333333333,-526.9333333333333,-157.86666666666667
4320,0.0,-529.0666666666666,-166.4
4321,0.0,-531.2,-160.0
4322,0.0,-531.2,-155.73333333333332
4323,-2.1333333333333333,-529.0666666666666,-164.26666666666665
4324,-2.1333333333333333,-524.8,-168.53333333333333
4325,0.0,-526.9333333333333,-166.4
4326,-4.266666666666667,-529.0666666666666,-168.53333333333333
4327,-2.1333333333333333,-529.0666666666666,-168.53333333333333
4328,0.0,-529.0666666666666,-166.4
4329,-10.666666666666666,-522.6666666666666,-168.53333333333333
4330,-4.266666666666667,-529.0666666666666,-157.86666666666667
4331,-4.266666666666667,-524.8,-162.13333333333333
4332,-2.1333333333333333,-529.0666666666666,-162.13333333333333
4333,0.0,-522.6666666666666,-168.53333333333333
4334,0.0,-526.9333333333333,-168.53333333333333
4335,2.1333333333333333,-524.8,-166.4
4336,-4.266666666666667,-518.4,-172.8
4337,0.0,-522.6666666666666,-162.13333333333333
4338,0.0,-512.0,-155.73333333333332
4339,-2.1333333333333333,-529.0666666666666,-155.73333333333332
4340,2.1333333333333333,-529.0666666666666,-151.46666666666667
4341,0.0,-531.2,-157.86666666666667
4342,-4.266666666666667,-531.2,-142.93333333333334
4343,-2.1333333333333333,-539.7333333333333,-153.6
4344,-6.4,-531.2,-155.73333333333332
4345,-2.1333333333333333,-526.9333333333333,-151.46666666666667
4346,-4.266666666666667,-529.0666666666666,-162.13333333333333
4347,-4.266666666666667,-529.0666666666666,-155.73333333333332
4348,-2.1333333333333333,-524.8,-168.53333333333333
4349,0.0,-526.9333333333333,-155.73333333333332
4350,-2.1333333333333333,-524.8,-164.26666666666665
4351,0.0,-526.9333333333333,-164.26666666666665
4352,-2.1333333333333333,-526.9333333333333,-160.0
4353,4.266666666666667,-522.6666666666666,-160.0
4354,-2.1333333333333333,-529.0666666666666,-162.13333333333333
4355,-2.1333333333333333,-526.9333333333333,-164.26666666666665
4356,0.0,-529.0666666666666,-170.66666666666666
4357,-6.4,-524.8,-164.26666666666665
4358,-4.266666666666667,-526.9333333333333,-157.86666666666667
4359,-2.1333333333333333,-526.9333333333333,-164.26666666666665
4360,-6.4,-526.9333333333333,-174.93333333333334
4361,-4.266666666666667,-529.0666666666666,-157.86666666666667
4362,2.1333333333333333,-533.3333333333334,-162.13333333333333
4363,0.0,-531.2,-157.86666666666667
4364,-2.1333333333333333,-529.0666666666666,-157.86666666666667
4365,0.0,-529.0666666666666,-153.6
4366,-2.1333333333333333,-531.2,-162.13333333333333
4367,0.0,-531.2,-162.13333333333333
4368,-4.266666666666667,-529.0666666666666,-157.86666666666667
4369,-4.266666666666667,-529.0666666666666,-155.73333333333332
4370,-4.266666666666667,-529.0666666666666,-162.13333333333333
4371,0.0,-529.0666666666666,-157.86666666666667
4372,0.0,-531.2,-155.73333333333332
4373,0.0,-531.2,-162.13333333333333
4374,0.0,-529.0666666666666,-168.53333333333333
4375,-2.1333333333333333,-524.8,-160.0
4376,-4.266666666666667,-526.9333333333333,-155.73333333333332
4377,-4.266666666666667,-526.9333333333333,-153.6
4378,-4.266666666666667,-526.9333333333333,-155.73333333333332
4379,-8.533333333333333,-531.2,-157.86666666666667
4380,0.0,-526.9333333333333,-155.73333333333332
4381,0.0,-518.4,-145.06666666666666
4382,0.0,-529.0666666666666,-155.73333333333332
4383,-2.1333333333333333,-529.0666666666666,-151.46666666666667
4384,-6.4,-533.3333333333334,-153.6
4385,0.0,-529.0666666666666,-151.46666666666667
4386,-6.4,-529.0666666666666,-155.73333333333332
4387,2.1333333333333333,-533.3333333333334,-147.2
4388,-6.4,-526.9333333333333,-155.73333333333332
4389,0.0,-535.4666666666667,-157.86666666666667
4390,2.1333333333333333,-529.0666666666666,-160.0
4391,0.0,-529.0666666666666,-162.13333333333333
4392,0.0,-531.2,-162.13333333333333
4393,-4.266666666666667,-526.9333333333333,-155.73333333333332
4394,-4.266666666666667,-529.0666666666666,-157.86666666666667
4395,-2.1333333333333333,-526.9333333333333,-151.46666666666667
4396,0.0,-529.0666666666666,-162.13333333333333
4397,0.0,-531.2,-151.46666666666667
4398,-4.266666666666667,-526.9333333333333,-149.33333333333334
4399,-2.1333333333333333,-526.9333333333333,-151.46666666666667
4400,-4.266666666666667,-526.9333333333333,-151.46666666666667
4401,-10.666666666666666,-524.8,-151.46666666666667
4402,-6.4,-529.0666666666666,-151.46666666666667
4403,-12.8,-524.8,-153.6
4404,-2.1333333333333333,-531.2,-155.73333333333332
4405,-4.266666666666667,-533.3333333333334,-151.46666666666667
4406,-6.4,-529.0666666666666,-155.73333333333332
4407,0.0,-535.4666666666667,-149.33333333333334
4408,-6.4,-535.4666666666667,-153.6
4409,-6.4,-531.2,-153.6
4410,0.0,-531.2,-147.2
4411,-2.1333333333333333,-531.2,-147.2
4412,-12.8,-529.0666666666666,-149.33333333333334
4413,-4.266666666666667,-529.0666666666666,-147.2
4414,-2.1333333333333333,-531.2,-155.73333333333332
4415,0.0,-529.0666666666666,-147.2
4416,-6.4,-531.2,-142.93333333333334
4417,-4.266666666666667,-529.0666666666666,-149.33333333333334
4418,-2.1333333333333333,-524.8,-155.73333333333332
4419,-6.4,-531.2,-155.73333333333332
4420,0.0,-529.0666666666666,-153.6
4421,0.0,-526.9333333333333,-151.46666666666667
4422,2.1333333333333333,-526.9333333333333,-151.46666666666667
4423,0.0,-531.2,-149.33333333333334
4424,-8.533333333333333,-531.2,-153.6
4425,-10.666666666666666,-522.6666666666666,-153.6
4426,0.0,-526.9333333333333,-151.46666666666667
4427,-4.266666666666667,-526.9333333333333,-153.6
4428,2.1333333333333333,-531.2,-147.2
4429,-6.4,-529.0666666666666,-149.33333333333334
4430,-4.266666666666667,-531.2,-153.6
4431,-4.266666666666667,-526.9333333333333,-147.2
4432,0.0,-526.9333333333333,-151.46666666666667
4433,0.0,-533.3333333333334,-142.93333333333334
4434,-2.1333333333333333,-529.0666666666666,-147.2
4435,2.1333333333333333,-526.9333333333333,-140.8
4436,0.0,-529.0666666666666,-149.33333333333334
4437,0.0,-533.3333333333334,-153.6
4438,2.1333333333333333,-531.2,-155.73333333333332
4439,-2.1333333333333333,-531.2,-157.86666666666667
4440,-4.266666666666667,-531.2,-147.2
4441,-4.266666666666667,-533.3333333333334,-138.66666666666666
4442,0.0,-535.4666666666667,-142.93333333333334
4443,-8.533333333333333,-533.3333333333334,-142.93333333333334
4444,-2.1333333333333333,-535.4666666666667,-151.46666666666667
4445,-6.4,-531.2,-153.6
4446,-6.4,-526.9333333333333,-174.93333333333334
4447,-6.4,-531.2,-155.73333333333332
4448,0.0,-526.9333333333333,-151.46666666666667
4449,-2.1333333333333333,-524.8,-149.33333333333334
4450,0.0,-524.8,-151.46666666666667
4451,-2.1333333333333333,-539.7333333333333,-149.33333333333334
4452,-2.1333333333333333,-529.0666666666666,-142.93333333333334
4453,-2.1333333333333333,-529.0666666666666,-149.33333333333334
4454,-2.1333333333333333,-535.4666666666667,-140.8
4455,0.0,-533.3333333333334,-151.46666666666667
4456,-4.266666666666667,-535.4666666666667,-140.8
4457,-6.4,-535.4666666666667,-142.93333333333334
4458,-6.4,-533.3333333333334,-147.2
4459,0.0,-531.2,-145.06666666666666
4460,-8.533333333333333,-533.3333333333334,-140.8
4461,0.0,-526.9333333333333,-138.66666666666666
4462,-4.266666666666667,-529.0666666666666,-149.33333333333334
4463,-12.8,-524.8,-145.06666666666666
4464,-4.266666666666667,-529.0666666666666,-149.33333333333334
4465,-2.1333333333333333,-524.8,-136.53333333333333
4466,-6.4,-529.0666666666666,-140.8
4467,0.0,-529.0666666666666,-149.33333333333334
4468,-6.4,-529.0666666666666,-153.6
4469,0.0,-531.2,-145.06666666666666
4470,-2.1333333333333333,-531.2,-142.93333333333334
4471,-6.4,-533.3333333333334,-138.66666666666666
4472,4.266666666666667,-535.4666666666667,-138.66666666666666
4473,-2.1333333333333333,-533.3333333333334,-138.66666666666666
4474,-12.8,-531.2,-138.66666666666666
4475,-6.4,-533.3333333333334,-145.06666666666666
4476,-8.533333333333333,-531.2,-138.66666666666666
4477,-4.266666666666667,-531.2,-138.66666666666666
4478,-4.266666666666667,-533.3333333333334,-140.8
4479,-2.1333333333333333,-526.9333333333333,-142.93333333333334
4480,-2.1333333333333333,-529.0666666666666,-140.8
4481,-4.266666666666667,-531.2,-140.8
4482,0.0,-529.0666666666666,-138.66666666666666
4483,-2.1333333333333333,-529.0666666666666,-147.2
4484,0.0,-533.3333333333334,-145.06666666666666
4485,-4.266666666666667,-526.9333333333333,-140.8
4486,2.1333333333333333,-529.0666666666666,-145.06666666666666
4487,0.0,-529.0666666666666,-142.93333333333334
4488,0.0,-526.9333333333333,-149.33333333333334
4489,-2.1333333333333333,-526.9333333333333,-145.06666666666666
4490,-4.266666666666667,-529.0666666666666,-138.66666666666666
4491,-4.266666666666667,-531.2,-138.66666666666666
4492,0.0,-531.2,-134.4
4493,0.0,-531.2,-134.4
4494,0.0,-529.0666666666666,-145.06666666666666
4495,0.0,-533.3333333333334,-136.53333333333333
4496,4.266666666666667,-537.6,-140.8
4497,0.0,-531.2,-132.26666666666665
4498,0.0,-531.2,-145.06666666666666
4499,2.1333333333333333,-531.2,-138.66666666666666
4500,-4.266666666666667,-529.0666666666666,-142.93333333333334
4501,0.0,-531.2,-138.66666666666666
4502,-6.4,-531.2,-140.8
4503,-6.4,-529.0666666666666,-145.06666666666666
4504,0.0,-533.3333333333334,-136.53333333333333
4505,-4.266666666666667,-531.2,-138.66666666666666
4506,0.0,-533.3333333333334,-132.26666666666665
4507,2.1333333333333333,-531.2,-138.66666666666666
4508,0.0,-533.3333333333334,-140.8
4509,0.0,-529.0666666666666,-142.93333333333334
4510,2.1333333333333333,-535.4666666666667,-138.66666666666666
4511,-4.266666666666667,-533.3333333333334,-140.8
4512,0.0,-529.0666666666666,-145.06666666666666
4513,0.0,-529.0666666666666,-147.2
4514,0.0,-533.3333333333334,-138.66666666666666
4515,0.0,-531.2,-130.13333333333333
4516,-2.1333333333333333,-529.0666666666666,-140.8
4517,0.0,-526.9333333333333,-138.66666666666666
4518,0.0,-529.0666666666666,-140.8
4519,2.1333333333333333,-533.3333333333334,-138.66666666666666
4520,0.0,-531.2,-140.8
4521,-4.266666666666667,-529.0666666666666,-145.06666666666666
4522,2.1333333333333333,-531.2,-140.8
4523,-6.4,-505.59999999999997,-134.4
4524,0.0,-529.0666666666666,-145.06666666666666
4525,0.0,-533.3333333333334,-145.06666666666666
4526,0.0,-531.2,-138.66666666666666
4527,-2.1333333333333333,-535.4666666666667,-130.13333333333333
4528,0.0,-537.6,-136.53333333333333
4529,0.0,-535.4666666666667,-136.53333333333333
4530,-2.1333333333333333,-535.4666666666667,-140.8
4531,-6.4,-537.6,-136.53333333333333
4532,0.0,-533.3333333333334,-140.8
4533,0.0,-529.0666666666666,-134.4
4534,4.266666666666667,-535.4666666666667,-136.53333333333333
4535,2.1333333333333333,-529.0666666666666,-140.8
4536,-2.1333333333333333,-531.2,-134.4
4537,0.0,-531.2,-134.4
4538,-2.1333333333333333,-529.0666666666666,-136.53333333333333
4539,2.1333333333333333,-526.9333333333333,-136.53333333333333
4540,2.1333333333333333,-535.4666666666667,-142.93333333333334
4541,0.0,-529.0666666666666,-140.8
4542,-4.266666666666667,-535.4666666666667,-138.66666666666666
4543,-2.1333333333333333,-531.2,-134.4
4544,4.266666666666667,-529.0666666666666,-136.53333333333333
4545,0.0,-529.0666666666666,-138.66666666666666
4546,0.0,-535.4666666666667,-134.4
4547,0.0,-531.2,-134.4
4548,0.0,-531.2,-142.93333333333334
4549,0.0,-529.0666666666666,-134.4
4550,0.0,-531.2,-138.66666666666666
4551,2.1333333333333333,-533.3333333333334,-136.53333333333333
4552,0.0,-537.6,-140.8
4553,0.0,-535.4666666666667,-128.0
4554,0.0,-544.0,-136.53333333333333
4555,-8.533333333333333,-533.3333333333334,-134.4
4556,-2.1333333333333333,-531.2,-134.4
4557,0.0,-533.3333333333334,-136.53333333333333
4558,-2.1333333333333333,-533.3333333333334,-142.93333333333334
4559,0.0,-537.6,-140.8
4560,0.0,-529.0666666666666,-147.2
4561,-2.1333333333333333,-526.9333333333333,-149.33333333333334
4562,0.0,-531.2,-142.93333333333334
4563,2.1333333333333333,-533.3333333333334,-142.93333333333334
4564,0.0,-531.2,-134.4
4565,0.0,-531.2,-138.66666666666666
4566,2.1333333333333333,-531.2,-132.26666666666665
4567,-4.266666666666667,-537.6,-142.93333333333334
4568,-6.4,-529.0666666666666,-142.93333333333334
4569,0.0,-533.3333333333334,-132.26666666666665
4570,0.0,-533.3333333333334,-136.53333333333333
4571,-4.266666666666667,-537.6,-136.53333333333333
4572,-2.1333333333333333,-533.3333333333334,-128.0
4573,0.0,-531.2,-136.53333333333333
4574,-4.266666666666667,-526.9333333333333,-142.93333333333334
4575,-6.4,-526.9333333333333,-134.4
4576,0.0,-526.9333333333333,-138.66666666666666
4577,0.0,-529.0666666666666,-136.53333333333333
4578,-2.1333333333333333,-522.6666666666666,-138.66666666666666
4579,0.0,-529.0666666666666,-140.8
4580,-6.4,-537.6,-140.8
4581,-4.266666666666667,-533.3333333333334,-145.06666666666666
4582,0.0,-535.4666666666667,-136.53333333333333
4583,-2.1333333333333333,-535.4666666666667,-140.8
4584,-4.266666666666667,-539.7333333333333,-142.93333333333334
4585,-4.266666666666667,-533.3333333333334,-149.33333333333334
4586,0.0,-541.8666666666667,-145.06666666666666
4587,-2.1333333333333333,-533.3333333333334,-145.06666666666666
4588,-2.1333333333333333,-529.0666666666666,-151.46666666666667
4589,-8.533333333333333,-526.9333333333333,-145.06666666666666
4590,0.0,-529.0666666666666,-140.8
4591,-4.266666666666667,-526.9333333333333,-142.93333333333334
4592,-4.266666666666667,-524.8,-138.66666666666666
4593,0.0,-531.2,-140.8
4594,-8.533333333333333,-531.2,-145.06666666666666
4595,-4.266666666666667,-531.2,-147.2
4596,-8.533333333333333,-526.9333333333333,-136.53333333333333
4597,0.0,-529.0666666666666,-145.06666666666666
4598,-2.1333333333333333,-529.0666666666666,-151.46666666666667
4599,4.266666666666667,-533.3333333333334,-157.86666666666667
4600,-6.4,-529.0666666666666,-147.2
4601,-10.666666666666666,-531.2,-149.33333333333334
4602,-2.1333333333333333,-531.2,-138.66666666666666
4603,0.0,-531.2,-147.2
4604,-8.533333333333333,-529.0666666666666,-145.06666666666666
4605,-2.1333333333333333,-531.2,-138.66666666666666
4606,-4.266666666666667,-531.2,-142.93333333333334
4607,-6.4,-535.4666666666667,-136.53333333333333
4608,-14.933333333333334,-529.0666666666666,-138.66666666666666
4609,-6.4,-535.4666666666667,-160.0
4610,2.1333333333333333,-535.4666666666667,-138.66666666666666
4611,-2.1333333333333333,-529.0666666666666,-142.93333333333334
4612,-10.666666666666666,-533.3333333333334,-145.06666666666666
4613,-2.1333333333333333,-533.3333333333334,-147.2
4614,-2.1333333333333333,-531.2,-155.73333333333332
4615,-4.266666666666667,-529.0666666666666,-149.33333333333334
4616,-4.266666666666667,-526.9333333333333,-160.0
4617,-6.4,-531.2,-147.2
4618,0.0,-531.2,-145.06666666666666
4619,-4.266666666666667,-531.2,-149.33333333333334
4620,-12.8,-522.6666666666666,-149.33333333333334
4621,8.533333333333333,-518.4,-155.73333333333332
4622,-4.266666666666667,-526.9333333333333,-151.46666666666667
4623,-2.1333333333333333,-529.0666666666666,-145.06666666666666
4624,-2.1333333333333333,-524.8,-153.6
4625,-8.533333333333333,-520.5333333333333,-157.86666666666667
4626,0.0,-529.0666666666666,-147.2
4627,-6.4,-531.2,-142.93333333333334
4628,0.0,-529.0666666666666,-145.06666666666666
4629,-4.266666666666667,-533.3333333333334,-142.93333333333334
4630,0.0,-533.3333333333334,-151.46666666666667
4631,0.0,-533.3333333333334,-136.53333333333333
4632,0.0,-531.2,-149.33333333333334
4633,0.0,-533.3333333333334,-153.6
4634,-4.266666666666667,-531.2,-142.93333333333334
4635,-8.533333333333333,-535.4666666666667,-147.2
4636,-4.266666666666667,-529.0666666666666,-153.6
4637,-4.266666666666667,-533.3333333333334,-153.6
4638,-6.4,-529.0666666666666,-151.46666666666667
4639,-10.666666666666666,-529.0666666666666,-153.6
4640,0.0,-531.2,-145.06666666666666
4641,-2.1333333333333333,-533.3333333333334,-153.6
4642,0.0,-531.2,-140.8
4643,12.8,-531.2,-130.13333333333333
4644,-4.266666666666667,-524.8,-155.73333333333332
4645,-4.266666666666667,-524.8,-157.86666666666667
4646,0.0,-529.0666666666666,-160.0
4647,-6.4,-526.9333333333333,-153.6
4648,-2.1333333333333333,-529.0666666666666,-160.0
4649,-12.8,-522.6666666666666,-155.73333333333332
4650,-8.533333333333333,-526.9333333333333,-155.73333333333332
4651,-6.4,-529.0666666666666,-160.0
4652,-8.533333333333333,-522.6666666666666,-157.86666666666667
4653,-4.266666666666667,-526.9333333333333,-151.46666666666667
4654,-6.4,-526.9333333333333,-149.33333333333334
4655,-6.4,-526.9333333333333,-160.0
4656,-10.666666666666666,-526.9333333333333,-153.6
4657,0.0,-526.9333333333333,-153.6
4658,-6.4,-526.9333333333333,-142.93333333333334
4659,-2.1333333333333333,-526.9333333333333,-149.33333333333334
4660,-6.4,-529.0666666666666,-149.33333333333334
4661,-6.4,-531.2,-145.06666666666666
4662,-2.1333333333333333,-531.2,-151.46666666666667
4663,0.0,-531.2,-155.73333333333332
4664,0.0,-531.2,-157.86666666666667
4665,0.0,-541.8666666666667,-155.73333333333332
4666,-6.4,-531.2,-155.73333333333332
4667,0.0,-524.8,-164.26666666666665
4668,-4.266666666666667,-529.0666666666666,-157.86666666666667
4669,0.0,-522.6666666666666,-155.73333333333332
4670,-2.1333333333333333,-522.6666666666666,-160.0
4671,-8.533333333333333,-526.9333333333333,-149.33333333333334
4672,-4.266666666666667,-533.3333333333334,-160.0
4673,-8.533333333333333,-531.2,-153.6
4674,0.0,-529.0666666666666,-162.13333333333333
4675,-4.266666666666667,-522.6666666666666,-160.0
4676,-2.1333333333333333,-526.9333333333333,-157.86666666666667
4677,0.0,-529.0666666666666,-160.0
4678,-4.266666666666667,-526.9333333333333,-149.33333333333334
4679,-10.666666666666666,-529.0666666666666,-142.93333333333334
4680,-2.1333333333333333,-533.3333333333334,-142.93333333333334
4681,0.0,-531.2,-151.46666666666667
4682,0.0,-533.3333333333334,-157.86666666666667
4683,-8.533333333333333,-529.0666666666666,-151.46666666666667
4684,-8.533333333333333,-524.8,-151.46666666666667
4685,-8.533333333333333,-533.3333333333334,-149.33333333333334
4686,-2.1333333333333333,-537.6,-160.0
4687,-4.266666666666667,-529.0666666666666,-166.4
4688,0.0,-529.0666666666666,-164.26666666666665
4689,0.0,-522.6666666666666,-155.73333333333332
4690,-2.1333333333333333,-524.8,-155.73333333333332
4691,0.0,-520.5333333333333,-164.26666666666665
4692,-4.266666666666667,-526.9333333333333,-162.13333333333333
4693,-8.533333333333333,-524.8,-168.53333333333333
4694,-2.1333333333333333,-526.9333333333333,-162.13333333333333
4695,0.0,-529.0666666666666,-157.86666666666667
4696,-14.933333333333334,-529.0666666666666,-164.26666666666665
4697,-2.1333333333333333,-529.0666666666666,-157.86666666666667
4698,-4.266666666666667,-526.9333333333333,-160.0
4699,-14.933333333333334,-531.2,-160.0
4700,-8.533333333333333,-529.0666666666666,-168.53333333333333
4701,-14.933333333333334,-526.9333333333333,-162.13333333333333
4702,-4.266666666666667,-529.0666666666666,-162.13333333333333
4703,-2.1333333333333333,-526.9333333333333,-162.13333333333333
4704,-6.4,-526.9333333333333,-157.86666666666667
4705,-6.4,-524.8,-162.13333333333333
4706,-8.533333333333333,-522.6666666666666,-164.26666666666665
4707,6.4,-529.0666666666666,-160.0
4708,-6.4,-524.8,-157.86666666666667
4709,-2.1333333333333333,-529.0666666666666,-164.26666666666665
4710,-6.4,-518.4,-157.86666666666667
4711,-4.266666666666667,-526.9333333333333,-155.73333333333332
4712,-2.1333333333333333,-529.0666666666666,-153.6
4713,-8.533333333333333,-522.6666666666666,-162.13333333333333
4714,-8.533333333333333,-526.9333333333333,-157.86666666666667
4715,-10.666666666666666,-524.8,-151.46666666666667
4716,-4.266666666666667,-526.9333333333333,-157.86666666666667
4717,-10.666666666666666,-531.2,-164.26666666666665
4718,-8.533333333333333,-529.0666666666666,-157.86666666666667
4719,-12.8,-522.6666666666666,-168.53333333333333
4720,-8.533333333333333,-526.9333333333333,-157.86666666666667
4721,-8.533333333333333,-529.0666666666666,-160.0
4722,-14.933333333333334,-526.9333333333333,-168.53333333333333
4723,-10.666666666666666,-524.8,-162.13333333333333
4724,-8.533333333333333,-529.0666666666666,-164.26666666666665
4725,-6.4,-529.0666666666666,-157.86666666666667
4726,-6.4,-529.0666666666666,-160.0
4727,-6.4,-526.9333333333333,-164.26666666666665
4728,-6.4,-526.9333333333333,-166.4
4729,-4.266666666666667,-526.9333333333333,-160.0
4730,-8.533333333333333,-524.8,-162.13333333333333
4731,-4.266666666666667,-526.9333333333333,-160.0
4732,-8.533333333333333,-526.9333333333333,-162.13333333333333
4733,-10.666666666666666,-526.9333333333333,-160.0
4734,0.0,-526.9333333333333,-160.0
4735,-4.266666666666667,-529.0666666666666,-168.53333333333333
4736,-10.666666666666666,-524.8,-172.8
4737,-6.4,-526.9333333333333,-166.4
4738,-2.1333333333333333,-531.2,-170.66666666666666
4739,-6.4,-526.9333333333333,-172.8
4740,-2.1333333333333333,-529.0666666666666,-172.8
4741,-8.533333333333333,-529.0666666666666,-164.26666666666665
4742,0.0,-526.9333333333333,-170.66666666666666
4743,-12.8,-529.0666666666666,-170.66666666666666
4744,-6.4,-531.2,-164.26666666666665
4745,-2.1333333333333333,-529.0666666666666,-166.4
4746,-4.266666666666667,-533.3333333333334,-166.4
4747,-10.666666666666666,-529.0666666666666,-160.0
4748,0.0,-529.0666666666666,-164.26666666666665
4749,-8.533333333333333,-522.6666666666666,-166.4
4750,-2.1333333333333333,-526.9333333333333,-162.13333333333333
4751,-4.266666666666667,-524.8,-168.53333333333333
4752,-2.1333333333333333,-529.0666666666666,-174.93333333333334
4753,-8.533333333333333,-524.8,-164.26666666666665
4754,-6.4,-524.8,-166.4
4755,-8.533333333333333,-524.8,-164.26666666666665
4756,-6.4,-529.0666666666666,-168.53333333333333
4757,-4.266666666666667,-520.5333333333333,-164.26666666666665
4758,-6.4,-520.5333333333333,-170.66666666666666
4759,-6.4,-514.1333333333333,-168.53333333333333
4760,-8.533333333333333,-529.0666666666666,-172.8
4761,-10.666666666666666,-526.9333333333333,-162.13333333333333
4762,-4.266666666666667,-526.9333333333333,-164.26666666666665
4763,-2.1333333333333333,-531.2,-168.53333333333333
4764,-8.533333333333333,-526.9333333333333,-166.4
4765,-10.666666666666666,-529.0666666666666,-157.86666666666667
4766,-10.666666666666666,-529.0666666666666,-164.26666666666665
4767,-6.4,-526.9333333333333,-174.93333333333334
4768,-10.666666666666666,-526.9333333333333,-162.13333333333333
4769,-6.4,-524.8,-166.4
4770,-4.266666666666667,-520.5333333333333,-166.4
4771,-4.266666666666667,-529.0666666666666,-160.0
4772,-6.4,-526.9333333333333,-162.13333333333333
4773,-6.4,-522.6666666666666,-157.86666666666667
4774,2.1333333333333333,-526.9333333333333,-147.2
4775,2.1333333333333333,-529.0666666666666,-160.0
4776,0.0,-524.8,-160.0
4777,-2.1333333333333333,-526.9333333333333,-168.53333333333333
4778,0.0,-526.9333333333333,-170.66666666666666
4779,-4.266666666666667,-529.0666666666666,-168.53333333333333
4780,-6.4,-526.9333333333333,-168.53333333333333
4781,-2.1333333333333333,-526.9333333333333,-166.4
4782,-8.533333333333333,-522.6666666666666,-164.26666666666665
4783,-8.533333333333333,-524.8,-170.66666666666666
4784,-6.4,-524.8,-166.4
4785,-14.933333333333334,-522.6666666666666,-170.66666666666666
4786,-8.533333333333333,-529.0666666666666,-170.66666666666666
4787,-8.533333333333333,-520.5333333333333,-172.8
4788,-6.4,-522.6666666666666,-170.66666666666666
4789,-4.266666666666667,-522.6666666666666,-160.0
4790,0.0,-524.8,-157.86666666666667
4791,-6.4,-524.8,-160.0
4792,-6.4,-529.0666666666666,-149.33333333333334
4793,-4.266666666666667,-529.0666666666666,-157.86666666666667
4794,-8.533333333333333,-531.2,-162.13333333333333
4795,0.0,-531.2,-160.0
4796,-10.666666666666666,-531.2,-155.73333333333332
4797,-4.266666666666667,-526.9333333333333,-157.86666666666667
4798,-6.4,-526.9333333333333,-157.86666666666667
4799,-6.4,-524.8,-168.53333333333333
4800,-2.1333333333333333,-526.9333333333333,-164.26666666666665
4801,-8.533333333333333,-526.9333333333333,-160.0
4802,-6.4,-526.9333333333333,-166.4
4803,-10.666666666666666,-526.9333333333333,-160.0
4804,-4.266666666666667,-529.0666666666666,-162.13333333333333
4805,-4.266666666666667,-531.2,-162.13333333333333
4806,-4.266666666666667,-516.2666666666667,-164.26666666666665
4807,-4.266666666666667,-526.9333333333333,-166.4
4808,-12.8,-526.9333333333333,-162.13333333333333
4809,-10.666666666666666,-531.2,-166.4
4810,-2.1333333333333333,-531.2,-160.0
4811,-12.8,-529.0666666666666,-164.26666666666665
4812,-8.533333333333333,-526.9333333333333,-166.4
4813,-12.8,-524.8,-157.86666666666667
4814,-4.266666666666667,-533.3333333333334,-164.26666666666665
4815,0.0,-531.2,-164.26666666666665
4816,-12.8,-531.2,-155.73333333333332
4817,10.666666666666666,-522.6666666666666,-138.66666666666666
4818,-8.533333333333333,-526.9333333333333,-155.73333333333332
4819,-6.4,-531.2,-168.53333333333333
4820,-2.1333333333333333,-529.0666666666666,-160.0
4821,0.0,-529.0666666666666,-162.13333333333333
4822,-2.1333333333333333,-526.9333333333333,-166.4
4823,-10.666666666666666,-520.5333333333333,-162.13333333333333
4824,-4.266666666666667,-529.0666666666666,-164.26666666666665
4825,-8.533333333333333,-526.9333333333333,-160.0
4826,-8.533333333333333,-522.6666666666666,-153.6
4827,0.0,-529.0666666666666,-157.86666666666667
4828,-6.4,-529.0666666666666,-160.0
4829,-4.266666666666667,-531.2,-160.0
4830,-12.8,-524.8,-155.73333333333332
4831,-2.1333333333333333,-529.0666666666666,-162.13333333333333
4832,-10.666666666666666,-531.2,-157.86666666666667
4833,-2.1333333333333333,-529.0666666666666,-155.73333333333332
4834,-12.8,-529.0666666666666,-164.26666666666665
4835,-12.8,-526.9333333333333,-153.6
4836,-12.8,-526.9333333333333,-149.33333333333334
4837,-4.266666666666667,-529.0666666666666,-160.0
4838,-10.666666666666666,-531.2,-160.0
4839,-2.1333333333333333,-544.0,-153.6
4840,-2.1333333333333333,-526.9333333333333,-166.4
4841,-6.4,-531.2,-162.13333333333333
4842,-8.533333333333333,-529.0666666666666,-164.26666666666665
4843,-2.1333333333333333,-522.6666666666666,-149.33333333333334
4844,-6.4,-524.8,-153.6
4845,2.1333333333333333,-526.9333333333333,-160.0
4846,-6.4,-526.9333333333333,-153.6
4847,-10.666666666666666,-529.0666666666666,-162.13333333333333
4848,-2.1333333333333333,-526.9333333333333,-157.86666666666667
4849,-2.1333333333333333,-526.9333333333333,-157.86666666666667
4850,-12.8,-524.8,-155.73333333333332
4851,-4.266666666666667,-526.9333333333333,-157.86666666666667
4852,-6.4,-531.2,-157.86666666666667
4853,-4.266666666666667,-526.9333333333333,-153.6
4854,-4.266666666666667,-526.9333333333333,-151.46666666666667
4855,-4.266666666666667,-529.0666666666666,-164.26666666666665
4856,0.0,-526.9333333333333,-160.0
4857,-8.533333333333333,-529.0666666666666,-151.46666666666667
4858,-2.1333333333333333,-531.2,-155.73333333333332
4859,0.0,-533.3333333333334,-162.13333333333333
4860,-8.533333333333333,-529.0666666666666,-153.6
4861,-6.4,-533.3333333333334,-162.13333333333333
4862,-6.4,-529.0666666666666,-157.86666666666667
4863,-12.8,-531.2,-151.46666666666667
4864,-2.1333333333333333,-533.3333333333334,-149.33333333333334
4865,-6.4,-531.2,-149.33333333333334
4866,-2.1333333333333333,-529.0666666666666,-147.2
4867,-4.266666666666667,-529.0666666666666,-153.6
4868,-6.4,-529.0666666666666,-157.86666666666667
4869,0.0,-522.6666666666666,-149.33333333333334
4870,0.0,-531.2,-157.86666666666667
4871,0.0,-522.6666666666666,-160.0
4872,-6.4,-529.0666666666666,-155.73333333333332
4873,-6.4,-529.0666666666666,-153.6
4874,0.0,-529.0666666666666,-155.73333333333332
4875,-2.1333333333333333,-526.9333333333333,-151.46666666666667
4876,-6.4,-529.0666666666666,-147.2
4877,-4.266666666666667,-529.0666666666666,-147.2
4878,-4.266666666666667,-533.3333333333334,-155.73333333333332
4879,-2.1333333333333333,-524.8,-155.73333333333332
4880,-6.4,-529.0666666666666,-151.46666666666667
4881,-2.1333333333333333,-529.0666666666666,-157.86666666666667
4882,0.0,-531.2,-149.33333333333334
4883,2.1333333333333333,-548.2666666666667,-155.73333333333332
4884,-4.266666666666667,-529.0666666666666,-155.73333333333332
4885,-4.266666666666667,-533.3333333333334,-151.46666666666667
4886,0.0,-533.3333333333334,-149.33333333333334
4887,-12.8,-529.0666666666666,-147.2
4888,0.0,-531.2,-147.2
4889,-2.1333333333333333,-529.0666666666666,-147.2
4890,0.0,-526.9333333333333,-147.2
4891,0.0,-529.0666666666666,-147.2
4892,-8.533333333333333,-529.0666666666666,-145.06666666666666
4893,-4.266666666666667,-533.3333333333334,-151.46666666666667
4894,0.0,-533.3333333333334,-151.46666666666667
4895,-2.1333333333333333,-529.0666666666666,-153.6
4896,0.0,-529.0666666666666,-149.33333333333334
4897,-12.8,-531.2,-140.8
4898,-10.666666666666666,-526.9333333333333,-147.2
4899,-6.4,-535.4666666666667,-149.33333333333334
4900,-8.533333333333333,-529.0666666666666,-149.33333333333334
4901,-2.1333333333333333,-529.0666666666666,-142.93333333333334
4902,-4.266666666666667,-529.0666666666666,-155.73333333333332
4903,-2.1333333333333333,-524.8,-153.6
4904,-10.666666666666666,-524.8,-149.33333333333334
4905,0.0,-531.2,-147.2
4906,0.0,-526.9333333333333,-142.93333333333334
4907,-2.1333333333333333,-526.9333333333333,-142.93333333333334
4908,0.0,-533.3333333333334,-145.06666666666666
4909,-2.1333333333333333,-533.3333333333334,-142.93333333333334
4910,-4.266666666666667,-537.6,-145.06666666666666
4911,-10.666666666666666,-531.2,-145.06666666666666
4912,-12.8,-539.7333333333333,-140.8
4913,-17.066666666666666,-531.2,-136.53333333333333
4914,-2.1333333333333333,-531.2,-142.93333333333334
4915,-4.266666666666667,-533.3333333333334,-149.33333333333334
4916,-2.1333333333333333,-531.2,-147.2
4917,-2.1333333333333333,-533.3333333333334,-145.06666666666666
4918,-6.4,-529.0666666666666,-134.4
4919,0.0,-526.9333333333333,-134.4
4920,-4.266666666666667,-524.8,-136.53333333333333
4921,-2.1333333333333333,-529.0666666666666,-151.46666666666667
4922,-4.266666666666667,-526.9333333333333,-147.2
4923,-4.266666666666667,-526.9333333333333,-149.33333333333334
4924,-2.1333333333333333,-529.0666666666666,-142.93333333333334
4925,-8.533333333333333,-535.4666666666667,-151.46666666666667
4926,-8.533333333333333,-531.2,-140.8
4927,-6.4,-531.2,-147.2
4928,0.0,-531.2,-140.8
4929,-6.4,-531.2,-147.2
4930,-8.533333333333333,-531.2,-147.2
4931,0.0,-531.2,-145.06666666666666
4932,0.0,-531.2,-142.93333333333334
4933,-12.8,-531.2,-138.66666666666666
4934,-2.1333333333333333,-535.4666666666667,-145.06666666666666
4935,0.0,-529.0666666666666,-145.06666666666666
4936,-4.266666666666667,-535.4666666666667,-136.53333333333333
4937,-10.666666666666666,-520.5333333333333,-142.93333333333334
4938,-6.4,-524.8,-138.66666666666666
4939,-4.266666666666667,-537.6,-142.93333333333334
4940,-4.266666666666667,-526.9333333333333,-142.93333333333334
4941,-4.266666666666667,-533.3333333333334,-142.93333333333334
4942,-2.1333333333333333,-533.3333333333334,-140.8
4943,-2.1333333333333333,-529.0666666666666,-140.8
4944,-8.533333333333333,-529.0666666666666,-142.93333333333334
4945,-8.533333333333333,-529.0666666666666,-136.53333333333333
4946,-4.266666666666667,-529.0666666666666,-142.93333333333334
4947,-6.4,-539.7333333333333,-136.53333333333333
4948,2.1333333333333333,-492.8,-142.93333333333334
4949,-2.1333333333333333,-539.7333333333333,-134.4
4950,-6.4,-541.8666666666667,-106.66666666666667
4951,-6.4,-533.3333333333334,-125.86666666666666
4952,-8.533333333333333,-529.0666666666666,-140.8
4953,-6.4,-524.8,-136.53333333333333
4954,-2.1333333333333333,-529.0666666666666,-136.53333333333333
4955,-12.8,-546.1333333333333,-142.93333333333334
4956,0.0,-526.9333333333333,-157.86666666666667
4957,6.4,-541.8666666666667,-123.73333333333333
4958,-8.533333333333333,-533.3333333333334,-134.4
4959,-2.1333333333333333,-529.0666666666666,-138.66666666666666
4960,-2.1333333333333333,-533.3333333333334,-136.53333333333333
4961,-14.933333333333334,-535.4666666666667,-134.4
4962,-2.1333333333333333,-535.4666666666667,-130.13333333333333
4963,0.0,-526.9333333333333,-145.06666666666666
4964,-2.1333333333333333,-531.2,-115.2
4965,-19.2,-531.2,-149.33333333333334
4966,-8.533333333333333,-535.4666666666667,-136.53333333333333
4967,-10.666666666666666,-526.9333333333333,-145.06666666666666
4968,0.0,-535.4666666666667,-145.06666666666666
4969,0.0,-537.6,-140.8
4970,-8.533333333333333,-531.2,-128.0
4971,-8.533333333333333,-526.9333333333333,-132.26666666666665
4972,-6.4,-554.6666666666666,-147.2
4973,-19.2,-524.8,-132.26666666666665
4974,0.0,-533.3333333333334,-132.26666666666665
4975,-8.533333333333333,-529.0666666666666,-138.66666666666666
4976,-6.4,-533.3333333333334,-130.13333333333333
4977,-2.1333333333333333,-533.3333333333334,-138.66666666666666
4978,-8.533333333333333,-533.3333333333334,-136.53333333333333
4979,-21.333333333333332,-533.3333333333334,-138.66666666666666
4980,-14.933333333333334,-518.4,-136.53333333333333
4981,-8.533333333333333,-531.2,-134.4
4982,2.1333333333333333,-541.8666666666667,-130.13333333333333
4983,0.0,-529.0666666666666,-132.26666666666665
4984,-19.2,-533.3333333333334,-136.53333333333333
4985,-25.6,-531.2,-155.73333333333332
4986,-2.1333333333333333,-529.0666666666666,-134.4
4987,-10.666666666666666,-529.0666666666666,-123.73333333333333
4988,-14.933333333333334,-537.6,-110.93333333333334
4989,0.0,-533.3333333333334,-134.4
4990,0.0,-531.2,-138.66666666666666
4991,-8.533333333333333,-533.3333333333334,-134.4
4992,-6.4,-529.0666666666666,-136.53333333333333
4993,-4.266666666666667,-522.6666666666666,-153.6
4994,-2.1333333333333333,-537.6,-115.2
4995,-4.266666666666667,-529.0666666666666,-136.53333333333333
4996,4.266666666666667,-522.6666666666666,-130.13333333333333
4997,-10.666666666666666,-535.4666666666667,-149.33333333333334
4998,2.1333333333333333,-533.3333333333334,-128.0
4999,-8.533333333333333,-544.0,-145.06666666666666
