,accelerometerAccelerationX(G),accelerometerAccelerationY(G),accelerometerAccelerationZ(G)
0,-38.4,-556.8,-72.53333333333333
1,-38.4,-552.5333333333333,-87.46666666666667
2,-38.4,-561.0666666666666,-89.6
3,-44.8,-556.8,-78.93333333333334
4,-40.53333333333333,-552.5333333333333,-68.26666666666667
5,-59.733333333333334,-558.9333333333333,-83.2
6,-38.4,-556.8,-76.8
7,-38.4,-554.6666666666666,-78.93333333333334
8,-36.266666666666666,-552.5333333333333,-74.66666666666667
9,-36.266666666666666,-561.0666666666666,-81.06666666666666
10,-36.266666666666666,-554.6666666666666,-78.93333333333334
11,-34.13333333333333,-554.6666666666666,-74.66666666666667
12,-36.266666666666666,-556.8,-78.93333333333334
13,-34.13333333333333,-558.9333333333333,-76.8
14,-34.13333333333333,-556.8,-78.93333333333334
15,-32.0,-552.5333333333333,-93.86666666666666
16,-36.266666666666666,-554.6666666666666,-87.46666666666667
17,-34.13333333333333,-552.5333333333333,-81.06666666666666
18,-34.13333333333333,-556.8,-78.93333333333334
19,-42.666666666666664,-554.6666666666666,-74.66666666666667
20,-36.266666666666666,-550.4,-74.66666666666667
21,-44.8,-552.5333333333333,-81.06666666666666
22,-34.13333333333333,-563.2,-81.06666666666666
23,-40.53333333333333,-561.0666666666666,-74.66666666666667
24,-34.13333333333333,-558.9333333333333,-87.46666666666667
25,-44.8,-552.5333333333333,-68.26666666666667
26,-46.93333333333333,-548.2666666666667,-66.13333333333333
27,-40.53333333333333,-550.4,-81.06666666666666
28,-38.4,-563.2,-66.13333333333333
29,-40.53333333333333,-554.6666666666666,-72.53333333333333
30,-36.266666666666666,-552.5333333333333,-78.93333333333334
31,-40.53333333333333,-556.8,-81.06666666666666
32,-42.666666666666664,-552.5333333333333,-72.53333333333333
33,-38.4,-552.5333333333333,-72.53333333333333
34,-38.4,-561.0666666666666,-76.8
35,-34.13333333333333,-550.4,-78.93333333333334
36,-44.8,-554.6666666666666,-81.06666666666666
37,-51.2,-567.4666666666667,-76.8
38,-36.266666666666666,-556.8,-78.93333333333334
39,-36.266666666666666,-558.9333333333333,-78.93333333333334
40,-38.4,-552.5333333333333,-83.2
41,-40.53333333333333,-554.6666666666666,-83.2
42,-38.4,-550.4,-78.93333333333334
43,-40.53333333333333,-558.9333333333333,-68.26666666666667
44,-36.266666666666666,-556.8,-76.8
45,-40.53333333333333,-554.6666666666666,-68.26666666666667
46,-38.4,-550.4,-61.86666666666667
47,-34.13333333333333,-556.8,-85.33333333333333
48,-42.666666666666664,-552.5333333333333,-72.53333333333333
49,-42.666666666666664,-558.9333333333333,-72.53333333333333
50,-36.266666666666666,-556.8,-66.13333333333333
51,-40.53333333333333,-550.4,-64.0
52,-36.266666666666666,-554.6666666666666,-74.66666666666667
53,-36.266666666666666,-554.6666666666666,-72.53333333333333
54,-44.8,-554.6666666666666,-72.53333333333333
55,-34.13333333333333,-558.9333333333333,-81.06666666666666
56,-36.266666666666666,-552.5333333333333,-76.8
57,-40.53333333333333,-561.0666666666666,-66.13333333333333
58,-32.0,-561.0666666666666,-83.2
59,-38.4,-558.9333333333333,-72.53333333333333
60,-44.8,-550.4,-81.06666666666666
61,-44.8,-552.5333333333333,-81.06666666666666
62,-44.8,-554.6666666666666,-78.93333333333334
63,-42.666666666666664,-558.9333333333333,-72.53333333333333
64,-46.93333333333333,-548.2666666666667,-74.66666666666667
65,-40.53333333333333,-550.4,-81.06666666666666
66,-38.4,-548.2666666666667,-83.2
67,-42.666666666666664,-552.5333333333333,-78.93333333333334
68,-38.4,-548.2666666666667,-66.13333333333333
69,-38.4,-556.8,-74.66666666666667
70,-38.4,-556.8,-70.4
71,-36.266666666666666,-552.5333333333333,-68.26666666666667
72,-36.266666666666666,-556.8,-70.4
73,-42.666666666666664,-552.5333333333333,-72.53333333333333
74,-49.06666666666666,-552.5333333333333,-72.53333333333333
75,-44.8,-554.6666666666666,-70.4
76,-44.8,-554.6666666666666,-74.66666666666667
77,-36.266666666666666,-563.2,-76.8
78,-34.13333333333333,-558.9333333333333,-78.93333333333334
79,-38.4,-558.9333333333333,-96.0
80,-34.13333333333333,-554.6666666666666,-74.66666666666667
81,-36.266666666666666,-556.8,-87.46666666666667
82,-38.4,-552.5333333333333,-72.53333333333333
83,-34.13333333333333,-554.6666666666666,-76.8
84,-36.266666666666666,-554.6666666666666,-85.33333333333333
85,-36.266666666666666,-550.4,-78.93333333333334
86,-46.93333333333333,-548.2666666666667,-78.93333333333334
87,-36.266666666666666,-552.5333333333333,-68.26666666666667
88,-44.8,-550.4,-70.4
89,-38.4,-552.5333333333333,-72.53333333333333
90,-36.266666666666666,-546.1333333333333,-93.86666666666666
91,-40.53333333333333,-552.5333333333333,-74.66666666666667
92,-38.4,-554.6666666666666,-70.4
93,-38.4,-552.5333333333333,-70.4
94,-36.266666666666666,-556.8,-74.66666666666667
95,-36.266666666666666,-552.5333333333333,-78.93333333333334
96,-42.666666666666664,-556.8,-70.4
97,-46.93333333333333,-558.9333333333333,-78.93333333333334
98,-46.93333333333333,-561.0666666666666,-81.06666666666666
99,-38.4,-550.4,-70.4
100,-40.53333333333333,-552.5333333333333,-74.66666666666667
101,-34.13333333333333,-571.7333333333333,-96.0
102,-38.4,-554.6666666666666,-81.06666666666666
103,-40.53333333333333,-558.9333333333333,-78.93333333333334
104,-42.666666666666664,-552.5333333333333,-76.8
105,-38.4,-552.5333333333333,-78.93333333333334
106,-42.666666666666664,-558.9333333333333,-81.06666666666666
107,-44.8,-554.6666666666666,-76.8
108,-42.666666666666664,-554.6666666666666,-78.93333333333334
109,-38.4,-556.8,-78.93333333333334
110,-44.8,-558.9333333333333,-81.06666666666666
111,-44.8,-550.4,-76.8
112,-44.8,-552.5333333333333,-74.66666666666667
113,-46.93333333333333,-552.5333333333333,-81.06666666666666
114,-49.06666666666666,-554.6666666666666,-72.53333333333333
115,-49.06666666666666,-548.2666666666667,-78.93333333333334
116,-49.06666666666666,-548.2666666666667,-85.33333333333333
117,-49.06666666666666,-552.5333333333333,-85.33333333333333
118,-49.06666666666666,-550.4,-81.06666666666666
119,-44.8,-552.5333333333333,-76.8
120,-51.2,-548.2666666666667,-78.93333333333334
121,-44.8,-556.8,-85.33333333333333
122,-44.8,-558.9333333333333,-55.46666666666667
123,-38.4,-554.6666666666666,-83.2
124,-49.06666666666666,-556.8,-81.06666666666666
125,-42.666666666666664,-554.6666666666666,-85.33333333333333
126,-46.93333333333333,-558.9333333333333,-78.93333333333334
127,-46.93333333333333,-554.6666666666666,-78.93333333333334
128,-46.93333333333333,-554.6666666666666,-76.8
129,-51.2,-554.6666666666666,-78.93333333333334
130,-40.53333333333333,-561.0666666666666,-89.6
131,-42.666666666666664,-548.2666666666667,-68.26666666666667
132,-49.06666666666666,-567.4666666666667,-83.2
133,-49.06666666666666,-552.5333333333333,-78.93333333333334
134,-46.93333333333333,-548.2666666666667,-74.66666666666667
135,-42.666666666666664,-550.4,-85.33333333333333
136,-53.333333333333336,-552.5333333333333,-83.2
137,-53.333333333333336,-552.5333333333333,-78.93333333333334
138,-46.93333333333333,-552.5333333333333,-76.8
139,-51.2,-552.5333333333333,-72.53333333333333
140,-53.333333333333336,-550.4,-85.33333333333333
141,-49.06666666666666,-550.4,-81.06666666666666
142,-44.8,-552.5333333333333,-78.93333333333334
143,-42.666666666666664,-569.6,-85.33333333333333
144,-38.4,-556.8,-85.33333333333333
145,-40.53333333333333,-556.8,-83.2
146,-46.93333333333333,-550.4,-89.6
147,-51.2,-552.5333333333333,-81.06666666666666
148,-40.53333333333333,-552.5333333333333,-74.66666666666667
149,-49.06666666666666,-546.1333333333333,-72.53333333333333
150,-44.8,-552.5333333333333,-85.33333333333333
151,-49.06666666666666,-550.4,-81.06666666666666
152,-44.8,-554.6666666666666,-87.46666666666667
153,-42.666666666666664,-561.0666666666666,-83.2
154,-42.666666666666664,-539.7333333333333,-87.46666666666667
155,-51.2,-548.2666666666667,-85.33333333333333
156,-46.93333333333333,-554.6666666666666,-76.8
157,-44.8,-554.6666666666666,-81.06666666666666
158,-49.06666666666666,-554.6666666666666,-83.2
159,-42.666666666666664,-556.8,-83.2
160,-44.8,-556.8,-85.33333333333333
161,-49.06666666666666,-552.5333333333333,-93.86666666666666
162,-49.06666666666666,-554.6666666666666,-81.06666666666666
163,-51.2,-556.8,-85.33333333333333
164,-46.93333333333333,-554.6666666666666,-85.33333333333333
165,-51.2,-550.4,-85.33333333333333
166,-51.2,-552.5333333333333,-83.2
167,-46.93333333333333,-550.4,-85.33333333333333
168,-51.2,-548.2666666666667,-87.46666666666667
169,-51.2,-552.5333333333333,-74.66666666666667
170,-49.06666666666666,-554.6666666666666,-83.2
171,-40.53333333333333,-552.5333333333333,-76.8
172,-46.93333333333333,-550.4,-81.06666666666666
173,-51.2,-550.4,-76.8
174,-51.2,-546.1333333333333,-83.2
175,-51.2,-561.0666666666666,-78.93333333333334
176,-42.666666666666664,-554.6666666666666,-78.93333333333334
177,-53.333333333333336,-552.5333333333333,-74.66666666666667
178,-49.06666666666666,-552.5333333333333,-83.2
179,-44.8,-548.2666666666667,-81.06666666666666
180,-49.06666666666666,-552.5333333333333,-78.93333333333334
181,-49.06666666666666,-556.8,-76.8
182,-57.6,-556.8,-81.06666666666666
183,-53.333333333333336,-554.6666666666666,-85.33333333333333
184,-51.2,-550.4,-78.93333333333334
185,-51.2,-552.5333333333333,-74.66666666666667
186,-44.8,-561.0666666666666,-91.73333333333333
187,-57.6,-552.5333333333333,-76.8
188,-44.8,-554.6666666666666,-76.8
189,-46.93333333333333,-552.5333333333333,-83.2
190,-51.2,-558.9333333333333,-81.06666666666666
191,-40.53333333333333,-556.8,-83.2
192,-51.2,-548.2666666666667,-78.93333333333334
193,-46.93333333333333,-558.9333333333333,-85.33333333333333
194,-53.333333333333336,-550.4,-83.2
195,-55.46666666666667,-546.1333333333333,-81.06666666666666
196,-44.8,-558.9333333333333,-83.2
197,-55.46666666666667,-563.2,-96.0
198,-42.666666666666664,-561.0666666666666,-81.06666666666666
199,-53.333333333333336,-556.8,-81.06666666666666
200,-57.6,-550.4,-83.2
201,-55.46666666666667,-548.2666666666667,-81.06666666666666
202,-49.06666666666666,-552.5333333333333,-78.93333333333334
203,-57.6,-550.4,-85.33333333333333
204,-57.6,-548.2666666666667,-83.2
205,-55.46666666666667,-552.5333333333333,-83.2
206,-46.93333333333333,-552.5333333333333,-76.8
207,-55.46666666666667,-548.2666666666667,-87.46666666666667
208,-51.2,-550.4,-76.8
209,-55.46666666666667,-554.6666666666666,-74.66666666666667
210,-53.333333333333336,-548.2666666666667,-74.66666666666667
211,-53.333333333333336,-546.1333333333333,-85.33333333333333
212,-59.733333333333334,-550.4,-81.06666666666666
213,-57.6,-556.8,-74.66666666666667
214,-51.2,-556.8,-85.33333333333333
215,-57.6,-550.4,-70.4
216,-55.46666666666667,-552.5333333333333,-85.33333333333333
217,-53.333333333333336,-556.8,-72.53333333333333
218,-61.86666666666667,-552.5333333333333,-85.33333333333333
219,-64.0,-552.5333333333333,-76.8
220,-57.6,-563.2,-78.93333333333334
221,-68.26666666666667,-552.5333333333333,-70.4
222,-61.86666666666667,-554.6666666666666,-74.66666666666667
223,-59.733333333333334,-558.9333333333333,-78.93333333333334
224,-55.46666666666667,-556.8,-74.66666666666667
225,-55.46666666666667,-552.5333333333333,-83.2
226,-57.6,-548.2666666666667,-70.4
227,-57.6,-552.5333333333333,-78.93333333333334
228,-55.46666666666667,-554.6666666666666,-76.8
229,-61.86666666666667,-550.4,-72.53333333333333
230,-59.733333333333334,-556.8,-81.06666666666666
231,-61.86666666666667,-552.5333333333333,-68.26666666666667
232,-59.733333333333334,-550.4,-72.53333333333333
233,-57.6,-554.6666666666666,-72.53333333333333
234,-57.6,-558.9333333333333,-78.93333333333334
235,-55.46666666666667,-561.0666666666666,-68.26666666666667
236,-57.6,-565.3333333333334,-78.93333333333334
237,-66.13333333333333,-558.9333333333333,-59.733333333333334
238,-53.333333333333336,-565.3333333333334,-76.8
239,-66.13333333333333,-573.8666666666667,-66.13333333333333
240,-59.733333333333334,-563.2,-78.93333333333334
241,-57.6,-561.0666666666666,-72.53333333333333
242,-59.733333333333334,-569.6,-72.53333333333333
243,-59.733333333333334,-565.3333333333334,-72.53333333333333
244,-57.6,-563.2,-78.93333333333334
245,-59.733333333333334,-558.9333333333333,-70.4
246,-44.8,-565.3333333333334,-74.66666666666667
247,-49.06666666666666,-563.2,-70.4
248,-49.06666666666666,-569.6,-76.8
249,-53.333333333333336,-563.2,-83.2
250,-46.93333333333333,-571.7333333333333,-70.4
251,-53.333333333333336,-563.2,-87.46666666666667
252,-38.4,-563.2,-98.13333333333333
253,-44.8,-565.3333333333334,-93.86666666666666
254,-36.266666666666666,-561.0666666666666,-100.26666666666667
255,-38.4,-556.8,-102.4
256,-32.0,-558.9333333333333,-96.0
257,-29.866666666666667,-552.5333333333333,-106.66666666666667
258,-27.733333333333334,-554.6666666666666,-98.13333333333333
259,-23.466666666666665,-546.1333333333333,-104.53333333333333
260,-19.2,-537.6,-104.53333333333333
261,-12.8,-541.8666666666667,-104.53333333333333
262,-4.266666666666667,-537.6,-108.8
263,8.533333333333333,-531.2,-117.33333333333333
264,8.533333333333333,-529.0666666666666,-115.2
265,17.066666666666666,-522.6666666666666,-104.53333333333333
266,27.733333333333334,-526.9333333333333,-113.06666666666666
267,32.0,-529.0666666666666,-117.33333333333333
268,34.13333333333333,-520.5333333333333,-108.8
269,51.2,-526.9333333333333,-108.8
270,57.6,-526.9333333333333,-104.53333333333333
271,49.06666666666666,-522.6666666666666,-93.86666666666666
272,57.6,-539.7333333333333,-83.2
273,55.46666666666667,-550.4,-81.06666666666666
274,46.93333333333333,-571.7333333333333,-85.33333333333333
275,27.733333333333334,-578.1333333333333,-78.93333333333334
276,29.866666666666667,-593.0666666666666,-93.86666666666666
277,19.2,-603.7333333333333,-102.4
278,21.333333333333332,-614.4,-115.2
279,21.333333333333332,-614.4,-128.0
280,10.666666666666666,-612.2666666666667,-138.66666666666666
281,-2.1333333333333333,-603.7333333333333,-136.53333333333333
282,6.4,-597.3333333333334,-140.8
283,4.266666666666667,-588.8,-123.73333333333333
284,-2.1333333333333333,-576.0,-113.06666666666666
285,-6.4,-561.0666666666666,-93.86666666666666
286,-14.933333333333334,-554.6666666666666,-85.33333333333333
287,-25.6,-548.2666666666667,-66.13333333333333
288,-25.6,-546.1333333333333,-61.86666666666667
289,-27.733333333333334,-546.1333333333333,-44.8
290,-34.13333333333333,-552.5333333333333,-42.666666666666664
291,-42.666666666666664,-550.4,-38.4
292,-53.333333333333336,-552.5333333333333,-40.53333333333333
293,-61.86666666666667,-567.4666666666667,-32.0
294,-53.333333333333336,-569.6,-42.666666666666664
295,-59.733333333333334,-576.0,-46.93333333333333
296,-57.6,-588.8,-51.2
297,-51.2,-601.6,-42.666666666666664
298,-51.2,-612.2666666666667,-42.666666666666664
299,-57.6,-605.8666666666667,-40.53333333333333
300,-53.333333333333336,-616.5333333333333,-36.266666666666666
301,-44.8,-620.8,-38.4
302,-40.53333333333333,-620.8,-38.4
303,-38.4,-622.9333333333333,-17.066666666666666
304,-36.266666666666666,-620.8,-42.666666666666664
305,-34.13333333333333,-612.2666666666667,-32.0
306,-23.466666666666665,-608.0,-12.8
307,-19.2,-599.4666666666667,-14.933333333333334
308,-10.666666666666666,-590.9333333333333,-6.4
309,-12.8,-584.5333333333333,-4.266666666666667
310,-12.8,-586.6666666666666,-8.533333333333333
311,8.533333333333333,-584.5333333333333,-10.666666666666666
312,10.666666666666666,-573.8666666666667,-19.2
313,6.4,-563.2,-19.2
314,19.2,-561.0666666666666,-38.4
315,8.533333333333333,-552.5333333333333,-21.333333333333332
316,8.533333333333333,-548.2666666666667,-21.333333333333332
317,8.533333333333333,-544.0,-17.066666666666666
318,10.666666666666666,-546.1333333333333,-14.933333333333334
319,6.4,-544.0,-4.266666666666667
320,0.0,-546.1333333333333,-8.533333333333333
321,-4.266666666666667,-548.2666666666667,-6.4
322,-17.066666666666666,-544.0,-2.1333333333333333
323,-12.8,-546.1333333333333,-8.533333333333333
324,-14.933333333333334,-539.7333333333333,-6.4
325,-8.533333333333333,-533.3333333333334,-19.2
326,-19.2,-529.0666666666666,-25.6
327,-12.8,-533.3333333333334,-27.733333333333334
328,-17.066666666666666,-529.0666666666666,-34.13333333333333
329,-21.333333333333332,-524.8,-29.866666666666667
330,-21.333333333333332,-520.5333333333333,-27.733333333333334
331,-14.933333333333334,-514.1333333333333,-32.0
332,-17.066666666666666,-514.1333333333333,-32.0
333,-14.933333333333334,-526.9333333333333,-21.333333333333332
334,-17.066666666666666,-516.2666666666667,-25.6
335,-8.533333333333333,-522.6666666666666,-12.8
336,-10.666666666666666,-520.5333333333333,-6.4
337,-6.4,-526.9333333333333,-19.2
338,0.0,-533.3333333333334,-10.666666666666666
339,-4.266666666666667,-535.4666666666667,-10.666666666666666
340,-2.1333333333333333,-537.6,-8.533333333333333
341,6.4,-539.7333333333333,-2.1333333333333333
342,6.4,-544.0,2.1333333333333333
343,6.4,-544.0,0.0
344,21.333333333333332,-544.0,-6.4
345,25.6,-544.0,-10.666666666666666
346,29.866666666666667,-535.4666666666667,-8.533333333333333
347,27.733333333333334,-529.0666666666666,0.0
348,29.866666666666667,-531.2,-17.066666666666666
349,38.4,-535.4666666666667,-8.533333333333333
350,32.0,-529.0666666666666,-14.933333333333334
351,49.06666666666666,-520.5333333333333,-19.2
352,49.06666666666666,-526.9333333333333,-25.6
353,51.2,-526.9333333333333,-17.066666666666666
354,55.46666666666667,-524.8,-14.933333333333334
355,51.2,-522.6666666666666,-8.533333333333333
356,61.86666666666667,-514.1333333333333,-10.666666666666666
357,53.333333333333336,-514.1333333333333,4.266666666666667
358,51.2,-514.1333333333333,-4.266666666666667
359,57.6,-522.6666666666666,-12.8
360,57.6,-516.2666666666667,-19.2
361,55.46666666666667,-518.4,-10.666666666666666
362,51.2,-520.5333333333333,-8.533333333333333
363,53.333333333333336,-533.3333333333334,-8.533333333333333
364,42.666666666666664,-539.7333333333333,-8.533333333333333
365,34.13333333333333,-548.2666666666667,-2.1333333333333333
366,36.266666666666666,-554.6666666666666,-8.533333333333333
367,29.866666666666667,-558.9333333333333,-2.1333333333333333
368,14.933333333333334,-558.9333333333333,-14.933333333333334
369,17.066666666666666,-556.8,-6.4
370,12.8,-552.5333333333333,-19.2
371,23.466666666666665,-558.9333333333333,-19.2
372,19.2,-550.4,-17.066666666666666
373,14.933333333333334,-550.4,-17.066666666666666
374,25.6,-552.5333333333333,-19.2
375,23.466666666666665,-558.9333333333333,-4.266666666666667
376,29.866666666666667,-546.1333333333333,-8.533333333333333
377,36.266666666666666,-554.6666666666666,-2.1333333333333333
378,36.266666666666666,-552.5333333333333,-12.8
379,49.06666666666666,-548.2666666666667,-19.2
380,53.333333333333336,-556.8,-14.933333333333334
381,57.6,-554.6666666666666,-27.733333333333334
382,55.46666666666667,-546.1333333333333,-32.0
383,57.6,-546.1333333333333,-25.6
384,51.2,-541.8666666666667,-38.4
385,53.333333333333336,-533.3333333333334,-40.53333333333333
386,53.333333333333336,-518.4,-44.8
387,57.6,-522.6666666666666,-40.53333333333333
388,53.333333333333336,-529.0666666666666,-38.4
389,51.2,-514.1333333333333,-38.4
390,64.0,-512.0,-27.733333333333334
391,64.0,-529.0666666666666,-36.266666666666666
392,57.6,-520.5333333333333,-36.266666666666666
393,66.13333333333333,-526.9333333333333,-38.4
394,66.13333333333333,-520.5333333333333,-36.266666666666666
395,70.4,-526.9333333333333,-40.53333333333333
396,74.66666666666667,-526.9333333333333,-46.93333333333333
397,76.8,-526.9333333333333,-40.53333333333333
398,87.46666666666667,-526.9333333333333,-57.6
399,98.13333333333333,-541.8666666666667,-76.8
400,113.06666666666666,-544.0,-100.26666666666667
401,138.66666666666666,-550.4,-123.73333333333333
402,170.66666666666666,-569.6,-130.13333333333333
403,168.53333333333333,-584.5333333333333,-121.6
404,170.66666666666666,-610.1333333333333,-108.8
405,157.86666666666667,-635.7333333333333,-104.53333333333333
406,140.8,-665.6,-85.33333333333333
407,121.6,-693.3333333333334,-64.0
408,102.4,-712.5333333333333,-42.666666666666664
409,100.26666666666667,-729.6,-38.4
410,91.73333333333333,-725.3333333333334,-55.46666666666667
411,83.2,-729.6,-59.733333333333334
412,76.8,-727.4666666666667,-89.6
413,72.53333333333333,-742.4,-81.06666666666666
414,64.0,-716.8,-85.33333333333333
415,59.733333333333334,-712.5333333333333,-91.73333333333333
416,51.2,-697.6,-87.46666666666667
417,36.266666666666666,-686.9333333333333,-89.6
418,29.866666666666667,-680.5333333333333,-87.46666666666667
419,25.6,-665.6,-104.53333333333333
420,19.2,-650.6666666666666,-108.8
421,29.866666666666667,-665.6,-115.2
422,38.4,-674.1333333333333,-121.6
423,51.2,-693.3333333333334,-108.8
424,72.53333333333333,-708.2666666666667,-102.4
425,87.46666666666667,-718.9333333333333,-100.26666666666667
426,93.86666666666666,-723.2,-106.66666666666667
427,104.53333333333333,-733.8666666666667,-115.2
428,108.8,-729.6,-140.8
429,108.8,-725.3333333333334,-140.8
430,106.66666666666667,-725.3333333333334,-162.13333333333333
431,100.26666666666667,-716.8,-166.4
432,104.53333333333333,-718.9333333333333,-162.13333333333333
433,83.2,-716.8,-168.53333333333333
434,74.66666666666667,-710.4,-160.0
435,74.66666666666667,-710.4,-160.0
436,64.0,-712.5333333333333,-164.26666666666665
437,57.6,-704.0,-157.86666666666667
438,49.06666666666666,-693.3333333333334,-177.06666666666666
439,42.666666666666664,-686.9333333333333,-170.66666666666666
440,27.733333333333334,-676.2666666666667,-183.46666666666667
441,27.733333333333334,-659.2,-189.86666666666667
442,21.333333333333332,-640.0,-194.13333333333333
443,19.2,-614.4,-194.13333333333333
444,14.933333333333334,-595.2,-198.4
445,14.933333333333334,-569.6,-206.93333333333334
446,19.2,-550.4,-204.8
447,23.466666666666665,-541.8666666666667,-211.2
448,19.2,-520.5333333333333,-200.53333333333333
449,25.6,-520.5333333333333,-202.66666666666666
450,21.333333333333332,-507.73333333333335,-189.86666666666667
451,17.066666666666666,-507.73333333333335,-189.86666666666667
452,14.933333333333334,-499.2,-187.73333333333332
453,8.533333333333333,-503.46666666666664,-187.73333333333332
454,8.533333333333333,-518.4,-196.26666666666665
455,19.2,-522.6666666666666,-194.13333333333333
456,19.2,-537.6,-202.66666666666666
457,29.866666666666667,-541.8666666666667,-209.06666666666666
458,34.13333333333333,-552.5333333333333,-213.33333333333334
459,38.4,-563.2,-215.46666666666667
460,40.53333333333333,-567.4666666666667,-215.46666666666667
461,38.4,-573.8666666666667,-211.2
462,32.0,-576.0,-224.0
463,25.6,-576.0,-228.26666666666665
464,23.466666666666665,-569.6,-217.6
465,32.0,-571.7333333333333,-209.06666666666666
466,25.6,-565.3333333333334,-221.86666666666667
467,27.733333333333334,-563.2,-204.8
468,36.266666666666666,-558.9333333333333,-187.73333333333332
469,42.666666666666664,-548.2666666666667,-183.46666666666667
470,38.4,-552.5333333333333,-166.4
471,36.266666666666666,-546.1333333333333,-172.8
472,49.06666666666666,-539.7333333333333,-174.93333333333334
473,61.86666666666667,-531.2,-179.2
474,55.46666666666667,-522.6666666666666,-192.0
475,61.86666666666667,-512.0,-211.2
476,68.26666666666667,-501.3333333333333,-187.73333333333332
477,55.46666666666667,-501.3333333333333,-204.8
478,53.333333333333336,-488.5333333333333,-204.8
479,51.2,-494.93333333333334,-211.2
480,40.53333333333333,-484.26666666666665,-211.2
481,23.466666666666665,-484.26666666666665,-211.2
482,21.333333333333332,-488.5333333333333,-219.73333333333332
483,10.666666666666666,-488.5333333333333,-211.2
484,-6.4,-482.1333333333333,-202.66666666666666
485,-10.666666666666666,-484.26666666666665,-198.4
486,-27.733333333333334,-492.8,-189.86666666666667
487,-49.06666666666666,-488.5333333333333,-162.13333333333333
488,-44.8,-503.46666666666664,-172.8
489,-42.666666666666664,-507.73333333333335,-170.66666666666666
490,-42.666666666666664,-516.2666666666667,-170.66666666666666
491,-42.666666666666664,-518.4,-164.26666666666665
492,-38.4,-516.2666666666667,-172.8
493,-34.13333333333333,-518.4,-170.66666666666666
494,-32.0,-522.6666666666666,-177.06666666666666
495,-29.866666666666667,-514.1333333333333,-174.93333333333334
496,-19.2,-514.1333333333333,-170.66666666666666
497,-17.066666666666666,-509.8666666666667,-179.2
498,-12.8,-497.06666666666666,-189.86666666666667
499,-14.933333333333334,-503.46666666666664,-187.73333333333332
500,-2.1333333333333333,-497.06666666666666,-194.13333333333333
501,-8.533333333333333,-501.3333333333333,-181.33333333333334
502,-6.4,-505.59999999999997,-185.6
503,-8.533333333333333,-497.06666666666666,-172.8
504,-6.4,-492.8,-181.33333333333334
505,-12.8,-497.06666666666666,-177.06666666666666
506,-17.066666666666666,-488.5333333333333,-177.06666666666666
507,-14.933333333333334,-486.4,-179.2
508,-14.933333333333334,-477.8666666666667,-166.4
509,-12.8,-465.06666666666666,-170.66666666666666
510,-14.933333333333334,-460.8,-174.93333333333334
511,-6.4,-450.1333333333333,-174.93333333333334
512,-4.266666666666667,-441.59999999999997,-181.33333333333334
513,-4.266666666666667,-435.2,-183.46666666666667
514,-2.1333333333333333,-424.5333333333333,-185.6
515,4.266666666666667,-426.6666666666667,-189.86666666666667
516,-2.1333333333333333,-422.4,-181.33333333333334
517,2.1333333333333333,-428.8,-185.6
518,0.0,-424.5333333333333,-179.2
519,4.266666666666667,-428.8,-177.06666666666666
520,4.266666666666667,-413.8666666666667,-177.06666666666666
521,0.0,-443.73333333333335,-168.53333333333333
522,2.1333333333333333,-452.26666666666665,-164.26666666666665
523,6.4,-456.5333333333333,-168.53333333333333
524,6.4,-465.06666666666666,-149.33333333333334
525,4.266666666666667,-465.06666666666666,-166.4
526,0.0,-480.0,-151.46666666666667
527,-2.1333333333333333,-482.1333333333333,-164.26666666666665
528,0.0,-486.4,-168.53333333333333
529,0.0,-499.2,-162.13333333333333
530,-6.4,-494.93333333333334,-185.6
531,-10.666666666666666,-505.59999999999997,-166.4
532,-17.066666666666666,-514.1333333333333,-157.86666666666667
533,-19.2,-516.2666666666667,-164.26666666666665
534,-27.733333333333334,-520.5333333333333,-145.06666666666666
535,-32.0,-531.2,-151.46666666666667
536,-34.13333333333333,-531.2,-153.6
537,-46.93333333333333,-533.3333333333334,-153.6
538,-49.06666666666666,-539.7333333333333,-147.2
539,-40.53333333333333,-541.8666666666667,-134.4
540,-51.2,-546.1333333333333,-136.53333333333333
541,-42.666666666666664,-552.5333333333333,-128.0
542,-44.8,-552.5333333333333,-128.0
543,-46.93333333333333,-554.6666666666666,-134.4
544,-38.4,-548.2666666666667,-125.86666666666666
545,-38.4,-550.4,-130.13333333333333
546,-34.13333333333333,-552.5333333333333,-132.26666666666665
547,-34.13333333333333,-552.5333333333333,-130.13333333333333
548,-34.13333333333333,-550.4,-128.0
549,-32.0,-554.6666666666666,-136.53333333333333
550,-29.866666666666667,-546.1333333333333,-132.26666666666665
551,-34.13333333333333,-546.1333333333333,-119.46666666666667
552,-25.6,-546.1333333333333,-125.86666666666666
553,-34.13333333333333,-546.1333333333333,-106.66666666666667
554,-32.0,-548.2666666666667,-110.93333333333334
555,-34.13333333333333,-546.1333333333333,-110.93333333333334
556,-34.13333333333333,-546.1333333333333,-104.53333333333333
557,-32.0,-550.4,-104.53333333333333
558,-38.4,-537.6,-104.53333333333333
559,-34.13333333333333,-550.4,-98.13333333333333
560,-29.866666666666667,-539.7333333333333,-104.53333333333333
561,-29.866666666666667,-539.7333333333333,-104.53333333333333
562,-32.0,-535.4666666666667,-106.66666666666667
563,-32.0,-526.9333333333333,-106.66666666666667
564,-32.0,-529.0666666666666,-100.26666666666667
565,-32.0,-529.0666666666666,-98.13333333333333
566,-34.13333333333333,-531.2,-91.73333333333333
567,-34.13333333333333,-526.9333333333333,-87.46666666666667
568,-32.0,-529.0666666666666,-78.93333333333334
569,-34.13333333333333,-520.5333333333333,-70.4
570,-40.53333333333333,-518.4,-61.86666666666667
571,-44.8,-512.0,-55.46666666666667
572,-51.2,-499.2,-53.333333333333336
573,-53.333333333333336,-490.6666666666667,-64.0
574,-61.86666666666667,-492.8,-49.06666666666666
575,-70.4,-486.4,-42.666666666666664
576,-74.66666666666667,-494.93333333333334,-42.666666666666664
577,-76.8,-497.06666666666666,-51.2
578,-81.06666666666666,-492.8,-46.93333333333333
579,-85.33333333333333,-499.2,-46.93333333333333
580,-96.0,-501.3333333333333,-49.06666666666666
581,-89.6,-512.0,-44.8
582,-87.46666666666667,-518.4,-42.666666666666664
583,-87.46666666666667,-514.1333333333333,-55.46666666666667
584,-83.2,-520.5333333333333,-51.2
585,-98.13333333333333,-522.6666666666666,-40.53333333333333
586,-87.46666666666667,-524.8,-40.53333333333333
587,-83.2,-533.3333333333334,-42.666666666666664
588,-87.46666666666667,-533.3333333333334,-40.53333333333333
589,-76.8,-535.4666666666667,-40.53333333333333
590,-74.66666666666667,-535.4666666666667,-46.93333333333333
591,-74.66666666666667,-526.9333333333333,-36.266666666666666
592,-74.66666666666667,-535.4666666666667,-38.4
593,-68.26666666666667,-526.9333333333333,-32.0
594,-66.13333333333333,-524.8,-29.866666666666667
595,-57.6,-518.4,-32.0
596,-76.8,-526.9333333333333,-38.4
597,-64.0,-518.4,-32.0
598,-61.86666666666667,-518.4,-38.4
599,-55.46666666666667,-514.1333333333333,-29.866666666666667
600,-53.333333333333336,-520.5333333333333,-25.6
601,-51.2,-522.6666666666666,-36.266666666666666
602,-42.666666666666664,-522.6666666666666,-29.866666666666667
603,-36.266666666666666,-533.3333333333334,-34.13333333333333
604,-42.666666666666664,-535.4666666666667,-29.866666666666667
605,-36.266666666666666,-539.7333333333333,-34.13333333333333
606,-34.13333333333333,-548.2666666666667,-36.266666666666666
607,-32.0,-563.2,-32.0
608,-29.866666666666667,-563.2,-40.53333333333333
609,-23.466666666666665,-573.8666666666667,-49.06666666666666
610,-27.733333333333334,-580.2666666666667,-66.13333333333333
611,-32.0,-586.6666666666666,-85.33333333333333
612,-32.0,-593.0666666666666,-100.26666666666667
613,-36.266666666666666,-605.8666666666667,-117.33333333333333
614,-61.86666666666667,-625.0666666666666,-134.4
615,-74.66666666666667,-633.6,-147.2
616,-93.86666666666666,-659.2,-157.86666666666667
617,-113.06666666666666,-695.4666666666667,-177.06666666666666
618,-123.73333333333333,-721.0666666666666,-160.0
619,-140.8,-753.0666666666666,-134.4
620,-157.86666666666667,-782.9333333333333,-108.8
621,-170.66666666666666,-812.8,-81.06666666666666
622,-177.06666666666666,-834.1333333333333,-66.13333333333333
623,-172.8,-851.1999999999999,-42.666666666666664
624,-172.8,-859.7333333333333,-64.0
625,-149.33333333333334,-866.1333333333333,-83.2
626,-123.73333333333333,-866.1333333333333,-96.0
627,-106.66666666666667,-849.0666666666666,-140.8
628,-81.06666666666666,-821.3333333333334,-166.4
629,-72.53333333333333,-804.2666666666667,-215.46666666666667
630,-57.6,-768.0,-241.06666666666666
631,-49.06666666666666,-746.6666666666666,-262.4
632,-49.06666666666666,-718.9333333333333,-262.4
633,-46.93333333333333,-691.2,-268.8
634,-61.86666666666667,-665.6,-275.2
635,-53.333333333333336,-654.9333333333333,-264.5333333333333
636,-55.46666666666667,-640.0,-249.6
637,-59.733333333333334,-627.2,-241.06666666666666
638,-66.13333333333333,-627.2,-230.4
639,-68.26666666666667,-603.7333333333333,-219.73333333333332
640,-59.733333333333334,-618.6666666666666,-226.13333333333333
641,-55.46666666666667,-601.6,-219.73333333333332
642,-49.06666666666666,-595.2,-219.73333333333332
643,-40.53333333333333,-593.0666666666666,-211.2
644,-38.4,-578.1333333333333,-217.6
645,-34.13333333333333,-567.4666666666667,-226.13333333333333
646,-29.866666666666667,-563.2,-221.86666666666667
647,-12.8,-561.0666666666666,-224.0
648,12.8,-567.4666666666667,-232.53333333333333
649,25.6,-567.4666666666667,-228.26666666666665
650,21.333333333333332,-565.3333333333334,-230.4
651,34.13333333333333,-567.4666666666667,-238.93333333333334
652,34.13333333333333,-578.1333333333333,-236.79999999999998
653,42.666666666666664,-576.0,-232.53333333333333
654,44.8,-584.5333333333333,-217.6
655,46.93333333333333,-580.2666666666667,-211.2
656,46.93333333333333,-582.4,-215.46666666666667
657,53.333333333333336,-586.6666666666666,-204.8
658,51.2,-590.9333333333333,-204.8
659,36.266666666666666,-584.5333333333333,-206.93333333333334
660,23.466666666666665,-586.6666666666666,-206.93333333333334
661,21.333333333333332,-597.3333333333334,-211.2
662,4.266666666666667,-593.0666666666666,-204.8
663,-6.4,-590.9333333333333,-206.93333333333334
664,-21.333333333333332,-588.8,-215.46666666666667
665,-34.13333333333333,-586.6666666666666,-224.0
666,-36.266666666666666,-576.0,-224.0
667,-55.46666666666667,-569.6,-226.13333333333333
668,-59.733333333333334,-565.3333333333334,-228.26666666666665
669,-83.2,-550.4,-232.53333333333333
670,-98.13333333333333,-535.4666666666667,-230.4
671,-104.53333333333333,-526.9333333333333,-236.79999999999998
672,-113.06666666666666,-512.0,-238.93333333333334
673,-110.93333333333334,-490.6666666666667,-230.4
674,-110.93333333333334,-477.8666666666667,-232.53333333333333
675,-106.66666666666667,-458.6666666666667,-224.0
676,-108.8,-441.59999999999997,-226.13333333333333
677,-102.4,-437.3333333333333,-217.6
678,-96.0,-420.26666666666665,-215.46666666666667
679,-81.06666666666666,-422.4,-215.46666666666667
680,-81.06666666666666,-411.73333333333335,-204.8
681,-61.86666666666667,-416.0,-198.4
682,-46.93333333333333,-409.6,-202.66666666666666
683,-46.93333333333333,-409.6,-185.6
684,-32.0,-422.4,-189.86666666666667
685,-23.466666666666665,-426.6666666666667,-179.2
686,-21.333333333333332,-435.2,-168.53333333333333
687,-19.2,-430.93333333333334,-164.26666666666665
688,-10.666666666666666,-450.1333333333333,-153.6
689,-8.533333333333333,-454.4,-166.4
690,-4.266666666666667,-454.4,-145.06666666666666
691,-2.1333333333333333,-462.93333333333334,-149.33333333333334
692,-6.4,-452.26666666666665,-128.0
693,-4.266666666666667,-458.6666666666667,-153.6
694,-2.1333333333333333,-465.06666666666666,-157.86666666666667
695,-4.266666666666667,-465.06666666666666,-155.73333333333332
696,-12.8,-452.26666666666665,-164.26666666666665
697,-12.8,-454.4,-174.93333333333334
698,-12.8,-448.0,-166.4
699,-12.8,-445.8666666666667,-166.4
700,-17.066666666666666,-443.73333333333335,-177.06666666666666
701,-19.2,-435.2,-174.93333333333334
702,-27.733333333333334,-430.93333333333334,-168.53333333333333
703,-19.2,-430.93333333333334,-157.86666666666667
704,-25.6,-428.8,-166.4
705,-32.0,-433.06666666666666,-151.46666666666667
706,-38.4,-428.8,-149.33333333333334
707,-34.13333333333333,-433.06666666666666,-147.2
708,-29.866666666666667,-437.3333333333333,-151.46666666666667
709,-21.333333333333332,-445.8666666666667,-147.2
710,-21.333333333333332,-443.73333333333335,-142.93333333333334
711,-21.333333333333332,-450.1333333333333,-130.13333333333333
712,-21.333333333333332,-460.8,-132.26666666666665
713,-10.666666666666666,-469.3333333333333,-125.86666666666666
714,2.1333333333333333,-469.3333333333333,-132.26666666666665
715,8.533333333333333,-486.4,-125.86666666666666
716,17.066666666666666,-494.93333333333334,-117.33333333333333
717,21.333333333333332,-499.2,-121.6
718,27.733333333333334,-507.73333333333335,-117.33333333333333
719,32.0,-514.1333333333333,-121.6
720,34.13333333333333,-514.1333333333333,-130.13333333333333
721,36.266666666666666,-507.73333333333335,-130.13333333333333
722,34.13333333333333,-516.2666666666667,-134.4
723,36.266666666666666,-516.2666666666667,-123.73333333333333
724,27.733333333333334,-522.6666666666666,-140.8
725,38.4,-522.6666666666666,-151.46666666666667
726,27.733333333333334,-529.0666666666666,-134.4
727,21.333333333333332,-533.3333333333334,-125.86666666666666
728,25.6,-531.2,-121.6
729,17.066666666666666,-535.4666666666667,-108.8
730,25.6,-539.7333333333333,-117.33333333333333
731,23.466666666666665,-541.8666666666667,-106.66666666666667
732,19.2,-546.1333333333333,-113.06666666666666
733,21.333333333333332,-541.8666666666667,-102.4
734,14.933333333333334,-546.1333333333333,-102.4
735,23.466666666666665,-546.1333333333333,-108.8
736,34.13333333333333,-548.2666666666667,-93.86666666666666
737,19.2,-537.6,-98.13333333333333
738,21.333333333333332,-537.6,-104.53333333333333
739,21.333333333333332,-533.3333333333334,-104.53333333333333
740,27.733333333333334,-531.2,-104.53333333333333
741,23.466666666666665,-524.8,-106.66666666666667
742,25.6,-520.5333333333333,-108.8
743,29.866666666666667,-526.9333333333333,-108.8
744,34.13333333333333,-529.0666666666666,-106.66666666666667
745,32.0,-520.5333333333333,-104.53333333333333
746,38.4,-531.2,-110.93333333333334
747,34.13333333333333,-533.3333333333334,-91.73333333333333
748,40.53333333333333,-529.0666666666666,-96.0
749,46.93333333333333,-535.4666666666667,-93.86666666666666
750,46.93333333333333,-535.4666666666667,-91.73333333333333
751,42.666666666666664,-533.3333333333334,-89.6
752,46.93333333333333,-535.4666666666667,-85.33333333333333
753,44.8,-535.4666666666667,-78.93333333333334
754,46.93333333333333,-535.4666666666667,-85.33333333333333
755,51.2,-539.7333333333333,-85.33333333333333
756,46.93333333333333,-535.4666666666667,-64.0
757,51.2,-539.7333333333333,-66.13333333333333
758,64.0,-546.1333333333333,-57.6
759,46.93333333333333,-544.0,-64.0
760,53.333333333333336,-541.8666666666667,-72.53333333333333
761,51.2,-546.1333333333333,-68.26666666666667
762,53.333333333333336,-544.0,-57.6
763,51.2,-544.0,-70.4
764,55.46666666666667,-541.8666666666667,-64.0
765,55.46666666666667,-533.3333333333334,-74.66666666666667
766,57.6,-535.4666666666667,-64.0
767,53.333333333333336,-533.3333333333334,-74.66666666666667
768,49.06666666666666,-535.4666666666667,-72.53333333333333
769,34.13333333333333,-541.8666666666667,-70.4
770,42.666666666666664,-524.8,-64.0
771,38.4,-535.4666666666667,-51.2
772,36.266666666666666,-533.3333333333334,-59.733333333333334
773,42.666666666666664,-539.7333333333333,-53.333333333333336
774,40.53333333333333,-541.8666666666667,-61.86666666666667
775,36.266666666666666,-539.7333333333333,-59.733333333333334
776,40.53333333333333,-541.8666666666667,-53.333333333333336
777,34.13333333333333,-535.4666666666667,-51.2
778,32.0,-544.0,-53.333333333333336
779,32.0,-544.0,-49.06666666666666
780,29.866666666666667,-558.9333333333333,-29.866666666666667
781,29.866666666666667,-556.8,-38.4
782,17.066666666666666,-550.4,-32.0
783,12.8,-554.6666666666666,-34.13333333333333
784,17.066666666666666,-548.2666666666667,-42.666666666666664
785,4.266666666666667,-550.4,-38.4
786,0.0,-554.6666666666666,-29.866666666666667
787,-4.266666666666667,-552.5333333333333,-42.666666666666664
788,-10.666666666666666,-554.6666666666666,-38.4
789,-17.066666666666666,-556.8,-36.266666666666666
790,-23.466666666666665,-556.8,-32.0
791,-29.866666666666667,-561.0666666666666,-32.0
792,-34.13333333333333,-554.6666666666666,-25.6
793,-32.0,-552.5333333333333,-53.333333333333336
794,-32.0,-548.2666666666667,-76.8
795,-27.733333333333334,-544.0,-115.2
796,-23.466666666666665,-537.6,-157.86666666666667
797,0.0,-541.8666666666667,-185.6
798,23.466666666666665,-552.5333333333333,-196.26666666666665
799,57.6,-565.3333333333334,-198.4
800,100.26666666666667,-584.5333333333333,-179.2
801,115.2,-642.1333333333333,-160.0
802,115.2,-667.7333333333333,-128.0
803,96.0,-718.9333333333333,-98.13333333333333
804,119.46666666666667,-772.2666666666667,-76.8
805,138.66666666666666,-817.0666666666666,-61.86666666666667
806,170.66666666666666,-842.6666666666666,-68.26666666666667
807,172.8,-861.8666666666667,-96.0
808,140.8,-864.0,-110.93333333333334
809,125.86666666666666,-868.2666666666667,-142.93333333333334
810,89.6,-853.3333333333334,-162.13333333333333
811,32.0,-821.3333333333334,-172.8
812,-2.1333333333333333,-808.5333333333333,-202.66666666666666
813,-32.0,-768.0,-179.2
814,-36.266666666666666,-733.8666666666667,-179.2
815,-27.733333333333334,-699.7333333333333,-194.13333333333333
816,-21.333333333333332,-682.6666666666666,-204.8
817,-12.8,-648.5333333333333,-232.53333333333333
818,27.733333333333334,-637.8666666666667,-243.2
819,51.2,-629.3333333333334,-251.73333333333332
820,83.2,-618.6666666666666,-251.73333333333332
821,108.8,-620.8,-249.6
822,113.06666666666666,-625.0666666666666,-230.4
823,128.0,-635.7333333333333,-230.4
824,115.2,-644.2666666666667,-219.73333333333332
825,104.53333333333333,-650.6666666666666,-221.86666666666667
826,89.6,-648.5333333333333,-198.4
827,81.06666666666666,-652.8,-200.53333333333333
828,68.26666666666667,-652.8,-200.53333333333333
829,51.2,-652.8,-192.0
830,44.8,-633.6,-196.26666666666665
831,27.733333333333334,-616.5333333333333,-194.13333333333333
832,29.866666666666667,-590.9333333333333,-187.73333333333332
833,42.666666666666664,-558.9333333333333,-198.4
834,36.266666666666666,-539.7333333333333,-204.8
835,34.13333333333333,-516.2666666666667,-202.66666666666666
836,40.53333333333333,-490.6666666666667,-211.2
837,46.93333333333333,-488.5333333333333,-217.6
838,40.53333333333333,-473.59999999999997,-211.2
839,29.866666666666667,-477.8666666666667,-215.46666666666667
840,27.733333333333334,-488.5333333333333,-202.66666666666666
841,23.466666666666665,-503.46666666666664,-192.0
842,14.933333333333334,-518.4,-187.73333333333332
843,23.466666666666665,-544.0,-189.86666666666667
844,17.066666666666666,-550.4,-181.33333333333334
845,38.4,-580.2666666666667,-181.33333333333334
846,46.93333333333333,-593.0666666666666,-179.2
847,55.46666666666667,-601.6,-185.6
848,61.86666666666667,-610.1333333333333,-172.8
849,68.26666666666667,-610.1333333333333,-183.46666666666667
850,72.53333333333333,-618.6666666666666,-183.46666666666667
851,72.53333333333333,-612.2666666666667,-194.13333333333333
852,81.06666666666666,-601.6,-183.46666666666667
853,87.46666666666667,-599.4666666666667,-179.2
854,85.33333333333333,-573.8666666666667,-179.2
855,91.73333333333333,-573.8666666666667,-185.6
856,96.0,-558.9333333333333,-174.93333333333334
857,91.73333333333333,-537.6,-170.66666666666666
858,96.0,-522.6666666666666,-166.4
859,89.6,-509.8666666666667,-174.93333333333334
860,96.0,-492.8,-179.2
861,98.13333333333333,-471.46666666666664,-168.53333333333333
862,89.6,-475.73333333333335,-177.06666666666666
863,76.8,-458.6666666666667,-179.2
864,70.4,-448.0,-164.26666666666665
865,66.13333333333333,-458.6666666666667,-177.06666666666666
866,66.13333333333333,-456.5333333333333,-168.53333333333333
867,57.6,-456.5333333333333,-166.4
868,53.333333333333336,-462.93333333333334,-164.26666666666665
869,40.53333333333333,-462.93333333333334,-166.4
870,42.666666666666664,-475.73333333333335,-166.4
871,40.53333333333333,-486.4,-166.4
872,23.466666666666665,-490.6666666666667,-174.93333333333334
873,23.466666666666665,-477.8666666666667,-166.4
874,21.333333333333332,-480.0,-177.06666666666666
875,17.066666666666666,-488.5333333333333,-185.6
876,21.333333333333332,-488.5333333333333,-172.8
877,12.8,-482.1333333333333,-172.8
878,2.1333333333333333,-482.1333333333333,-174.93333333333334
879,-4.266666666666667,-480.0,-164.26666666666665
880,-6.4,-473.59999999999997,-170.66666666666666
881,-6.4,-473.59999999999997,-162.13333333333333
882,-4.266666666666667,-473.59999999999997,-168.53333333333333
883,2.1333333333333333,-477.8666666666667,-155.73333333333332
884,4.266666666666667,-473.59999999999997,-153.6
885,2.1333333333333333,-462.93333333333334,-162.13333333333333
886,12.8,-467.2,-166.4
887,12.8,-471.46666666666664,-145.06666666666666
888,2.1333333333333333,-460.8,-157.86666666666667
889,14.933333333333334,-454.4,-162.13333333333333
890,19.2,-454.4,-160.0
891,21.333333333333332,-450.1333333333333,-164.26666666666665
892,19.2,-445.8666666666667,-155.73333333333332
893,17.066666666666666,-452.26666666666665,-164.26666666666665
894,12.8,-450.1333333333333,-174.93333333333334
895,14.933333333333334,-445.8666666666667,-168.53333333333333
896,6.4,-441.59999999999997,-170.66666666666666
897,6.4,-445.8666666666667,-168.53333333333333
898,2.1333333333333333,-465.06666666666666,-177.06666666666666
899,8.533333333333333,-445.8666666666667,-172.8
900,4.266666666666667,-441.59999999999997,-185.6
901,-2.1333333333333333,-445.8666666666667,-179.2
902,-6.4,-443.73333333333335,-174.93333333333334
903,-10.666666666666666,-450.1333333333333,-168.53333333333333
904,-6.4,-460.8,-168.53333333333333
905,-2.1333333333333333,-467.2,-157.86666666666667
906,0.0,-471.46666666666664,-145.06666666666666
907,2.1333333333333333,-477.8666666666667,-138.66666666666666
908,2.1333333333333333,-488.5333333333333,-136.53333333333333
909,-2.1333333333333333,-494.93333333333334,-128.0
910,6.4,-503.46666666666664,-121.6
911,12.8,-509.8666666666667,-123.73333333333333
912,12.8,-529.0666666666666,-128.0
913,14.933333333333334,-531.2,-119.46666666666667
914,4.266666666666667,-535.4666666666667,-128.0
915,-4.266666666666667,-544.0,-128.0
916,-6.4,-550.4,-134.4
917,-17.066666666666666,-561.0666666666666,-130.13333333333333
918,-19.2,-561.0666666666666,-145.06666666666666
919,-29.866666666666667,-558.9333333333333,-136.53333333333333
920,-36.266666666666666,-576.0,-123.73333333333333
921,-40.53333333333333,-580.2666666666667,-136.53333333333333
922,-44.8,-580.2666666666667,-138.66666666666666
923,-55.46666666666667,-578.1333333333333,-132.26666666666665
924,-53.333333333333336,-580.2666666666667,-123.73333333333333
925,-44.8,-586.6666666666666,-113.06666666666666
926,-53.333333333333336,-582.4,-108.8
927,-46.93333333333333,-578.1333333333333,-117.33333333333333
928,-49.06666666666666,-582.4,-100.26666666666667
929,-53.333333333333336,-586.6666666666666,-102.4
930,-46.93333333333333,-571.7333333333333,-98.13333333333333
931,-44.8,-569.6,-104.53333333333333
932,-40.53333333333333,-565.3333333333334,-108.8
933,-42.666666666666664,-556.8,-104.53333333333333
934,-46.93333333333333,-550.4,-104.53333333333333
935,-36.266666666666666,-546.1333333333333,-96.0
936,-42.666666666666664,-546.1333333333333,-98.13333333333333
937,-40.53333333333333,-539.7333333333333,-104.53333333333333
938,-34.13333333333333,-537.6,-100.26666666666667
939,-40.53333333333333,-533.3333333333334,-102.4
940,-38.4,-507.73333333333335,-110.93333333333334
941,-38.4,-524.8,-106.66666666666667
942,-34.13333333333333,-512.0,-104.53333333333333
943,-32.0,-514.1333333333333,-104.53333333333333
944,-38.4,-499.2,-113.06666666666666
945,-38.4,-494.93333333333334,-104.53333333333333
946,-34.13333333333333,-488.5333333333333,-100.26666666666667
947,-46.93333333333333,-490.6666666666667,-102.4
948,-44.8,-482.1333333333333,-104.53333333333333
949,-46.93333333333333,-486.4,-104.53333333333333
950,-42.666666666666664,-477.8666666666667,-96.0
951,-49.06666666666666,-477.8666666666667,-98.13333333333333
952,-46.93333333333333,-484.26666666666665,-104.53333333333333
953,-53.333333333333336,-494.93333333333334,-100.26666666666667
954,-57.6,-497.06666666666666,-98.13333333333333
955,-59.733333333333334,-501.3333333333333,-96.0
956,-70.4,-509.8666666666667,-96.0
957,-76.8,-509.8666666666667,-85.33333333333333
958,-72.53333333333333,-522.6666666666666,-91.73333333333333
959,-83.2,-529.0666666666666,-81.06666666666666
960,-87.46666666666667,-529.0666666666666,-87.46666666666667
961,-85.33333333333333,-524.8,-83.2
962,-81.06666666666666,-539.7333333333333,-72.53333333333333
963,-81.06666666666666,-541.8666666666667,-66.13333333333333
964,-78.93333333333334,-544.0,-70.4
965,-76.8,-546.1333333333333,-66.13333333333333
966,-68.26666666666667,-544.0,-57.6
967,-64.0,-546.1333333333333,-53.333333333333336
968,-55.46666666666667,-546.1333333333333,-51.2
969,-51.2,-546.1333333333333,-40.53333333333333
970,-46.93333333333333,-546.1333333333333,-49.06666666666666
971,-34.13333333333333,-550.4,-49.06666666666666
972,-36.266666666666666,-541.8666666666667,-32.0
973,-29.866666666666667,-544.0,-38.4
974,-25.6,-529.0666666666666,-34.13333333333333
975,-27.733333333333334,-526.9333333333333,-42.666666666666664
976,4.266666666666667,-526.9333333333333,-42.666666666666664
977,8.533333333333333,-522.6666666666666,-53.333333333333336
978,0.0,-516.2666666666667,-61.86666666666667
979,-8.533333333333333,-518.4,-76.8
980,-14.933333333333334,-529.0666666666666,-89.6
981,-19.2,-541.8666666666667,-113.06666666666666
982,-32.0,-558.9333333333333,-110.93333333333334
983,-49.06666666666666,-576.0,-123.73333333333333
984,-55.46666666666667,-597.3333333333334,-132.26666666666665
985,-83.2,-633.6,-132.26666666666665
986,-119.46666666666667,-661.3333333333334,-132.26666666666665
987,-130.13333333333333,-697.6,-136.53333333333333
988,-151.46666666666667,-718.9333333333333,-136.53333333333333
989,-168.53333333333333,-748.8,-125.86666666666666
990,-170.66666666666666,-785.0666666666666,-119.46666666666667
991,-179.2,-800.0,-104.53333333333333
992,-174.93333333333334,-817.0666666666666,-96.0
993,-172.8,-814.9333333333333,-91.73333333333333
994,-168.53333333333333,-819.2,-108.8
995,-157.86666666666667,-817.0666666666666,-130.13333333333333
996,-138.66666666666666,-802.1333333333333,-160.0
997,-117.33333333333333,-785.0666666666666,-211.2
998,-93.86666666666666,-759.4666666666667,-241.06666666666666
999,-87.46666666666667,-740.2666666666667,-264.5333333333333
1000,-89.6,-712.5333333333333,-268.8
1001,-87.46666666666667,-697.6,-279.46666666666664
1002,-89.6,-684.8,-283.73333333333335
1003,-83.2,-676.2666666666667,-279.46666666666664
1004,-74.66666666666667,-663.4666666666667,-275.2
1005,-66.13333333333333,-648.5333333333333,-266.6666666666667
1006,-76.8,-646.4,-262.4
1007,-76.8,-631.4666666666667,-243.2
1008,-66.13333333333333,-631.4666666666667,-247.46666666666667
1009,-64.0,-622.9333333333333,-253.86666666666667
1010,-59.733333333333334,-614.4,-243.2
1011,-64.0,-605.8666666666667,-249.6
1012,-36.266666666666666,-595.2,-253.86666666666667
1013,-40.53333333333333,-595.2,-258.1333333333333
1014,-34.13333333333333,-573.8666666666667,-268.8
1015,-34.13333333333333,-563.2,-275.2
1016,-23.466666666666665,-561.0666666666666,-279.46666666666664
1017,-25.6,-539.7333333333333,-285.8666666666667
1018,-34.13333333333333,-526.9333333333333,-260.26666666666665
1019,-29.866666666666667,-524.8,-262.4
1020,-34.13333333333333,-520.5333333333333,-262.4
1021,-38.4,-516.2666666666667,-264.5333333333333
1022,-55.46666666666667,-524.8,-253.86666666666667
1023,-59.733333333333334,-531.2,-247.46666666666667
1024,-64.0,-533.3333333333334,-249.6
1025,-70.4,-539.7333333333333,-241.06666666666666
1026,-72.53333333333333,-544.0,-236.79999999999998
1027,-76.8,-544.0,-243.2
1028,-74.66666666666667,-552.5333333333333,-245.33333333333334
1029,-74.66666666666667,-550.4,-243.2
1030,-74.66666666666667,-558.9333333333333,-251.73333333333332
1031,-74.66666666666667,-565.3333333333334,-247.46666666666667
1032,-70.4,-565.3333333333334,-249.6
1033,-72.53333333333333,-561.0666666666666,-251.73333333333332
1034,-70.4,-563.2,-251.73333333333332
1035,-57.6,-563.2,-241.06666666666666
1036,-70.4,-565.3333333333334,-251.73333333333332
1037,-72.53333333333333,-554.6666666666666,-236.79999999999998
1038,-72.53333333333333,-563.2,-238.93333333333334
1039,-76.8,-548.2666666666667,-228.26666666666665
1040,-83.2,-539.7333333333333,-226.13333333333333
1041,-85.33333333333333,-531.2,-219.73333333333332
1042,-93.86666666666666,-520.5333333333333,-219.73333333333332
1043,-87.46666666666667,-509.8666666666667,-228.26666666666665
1044,-85.33333333333333,-499.2,-228.26666666666665
1045,-83.2,-488.5333333333333,-228.26666666666665
1046,-85.33333333333333,-486.4,-228.26666666666665
1047,-70.4,-480.0,-226.13333333333333
1048,-74.66666666666667,-480.0,-224.0
1049,-46.93333333333333,-475.73333333333335,-213.33333333333334
1050,-59.733333333333334,-477.8666666666667,-219.73333333333332
1051,-32.0,-486.4,-217.6
1052,-29.866666666666667,-484.26666666666665,-224.0
1053,-23.466666666666665,-490.6666666666667,-211.2
1054,-10.666666666666666,-488.5333333333333,-204.8
1055,-14.933333333333334,-484.26666666666665,-194.13333333333333
1056,-2.1333333333333333,-501.3333333333333,-209.06666666666666
1057,-4.266666666666667,-486.4,-206.93333333333334
1058,-6.4,-484.26666666666665,-211.2
1059,2.1333333333333333,-477.8666666666667,-206.93333333333334
1060,0.0,-482.1333333333333,-221.86666666666667
1061,-4.266666666666667,-471.46666666666664,-226.13333333333333
1062,-4.266666666666667,-469.3333333333333,-226.13333333333333
1063,-12.8,-454.4,-226.13333333333333
1064,-12.8,-448.0,-217.6
1065,-10.666666666666666,-443.73333333333335,-219.73333333333332
1066,-14.933333333333334,-437.3333333333333,-213.33333333333334
1067,-14.933333333333334,-433.06666666666666,-196.26666666666665
1068,-2.1333333333333333,-428.8,-177.06666666666666
1069,-10.666666666666666,-426.6666666666667,-174.93333333333334
1070,-4.266666666666667,-424.5333333333333,-162.13333333333333
1071,-8.533333333333333,-424.5333333333333,-172.8
1072,0.0,-428.8,-151.46666666666667
1073,-10.666666666666666,-433.06666666666666,-151.46666666666667
1074,-10.666666666666666,-433.06666666666666,-147.2
1075,-10.666666666666666,-433.06666666666666,-145.06666666666666
1076,-21.333333333333332,-437.3333333333333,-151.46666666666667
1077,-23.466666666666665,-441.59999999999997,-147.2
1078,-25.6,-452.26666666666665,-147.2
1079,-27.733333333333334,-458.6666666666667,-155.73333333333332
1080,-32.0,-456.5333333333333,-155.73333333333332
1081,-27.733333333333334,-450.1333333333333,-168.53333333333333
1082,-32.0,-460.8,-168.53333333333333
1083,-36.266666666666666,-469.3333333333333,-168.53333333333333
1084,-40.53333333333333,-469.3333333333333,-170.66666666666666
1085,-38.4,-473.59999999999997,-172.8
1086,-34.13333333333333,-477.8666666666667,-172.8
1087,-40.53333333333333,-477.8666666666667,-164.26666666666665
1088,-42.666666666666664,-475.73333333333335,-160.0
1089,-36.266666666666666,-486.4,-164.26666666666665
1090,-42.666666666666664,-484.26666666666665,-149.33333333333334
1091,-42.666666666666664,-492.8,-151.46666666666667
1092,-51.2,-501.3333333333333,-153.6
1093,-44.8,-514.1333333333333,-160.0
1094,-44.8,-518.4,-151.46666666666667
1095,-46.93333333333333,-518.4,-134.4
1096,-38.4,-529.0666666666666,-136.53333333333333
1097,-42.666666666666664,-531.2,-130.13333333333333
1098,-42.666666666666664,-531.2,-134.4
1099,-34.13333333333333,-535.4666666666667,-140.8
1100,-32.0,-535.4666666666667,-140.8
1101,-32.0,-544.0,-136.53333333333333
1102,-29.866666666666667,-533.3333333333334,-138.66666666666666
1103,-27.733333333333334,-537.6,-132.26666666666665
1104,-29.866666666666667,-529.0666666666666,-147.2
1105,-27.733333333333334,-531.2,-136.53333333333333
1106,-23.466666666666665,-537.6,-142.93333333333334
1107,-17.066666666666666,-533.3333333333334,-128.0
1108,-8.533333333333333,-531.2,-145.06666666666666
1109,-12.8,-537.6,-140.8
1110,-8.533333333333333,-533.3333333333334,-132.26666666666665
1111,-10.666666666666666,-535.4666666666667,-128.0
1112,-14.933333333333334,-531.2,-119.46666666666667
1113,-12.8,-533.3333333333334,-117.33333333333333
1114,-14.933333333333334,-535.4666666666667,-108.8
1115,-14.933333333333334,-535.4666666666667,-104.53333333333333
1116,-6.4,-541.8666666666667,-100.26666666666667
1117,-21.333333333333332,-535.4666666666667,-102.4
1118,-10.666666666666666,-539.7333333333333,-100.26666666666667
1119,-10.666666666666666,-541.8666666666667,-96.0
1120,-10.666666666666666,-537.6,-93.86666666666666
1121,0.0,-544.0,-96.0
1122,-2.1333333333333333,-544.0,-93.86666666666666
1123,-4.266666666666667,-539.7333333333333,-76.8
1124,2.1333333333333333,-544.0,-85.33333333333333
1125,10.666666666666666,-539.7333333333333,-68.26666666666667
1126,14.933333333333334,-539.7333333333333,-81.06666666666666
1127,14.933333333333334,-546.1333333333333,-70.4
1128,12.8,-539.7333333333333,-70.4
1129,23.466666666666665,-544.0,-74.66666666666667
1130,12.8,-544.0,-72.53333333333333
1131,17.066666666666666,-541.8666666666667,-72.53333333333333
1132,17.066666666666666,-546.1333333333333,-68.26666666666667
1133,17.066666666666666,-544.0,-68.26666666666667
1134,14.933333333333334,-546.1333333333333,-68.26666666666667
1135,25.6,-541.8666666666667,-72.53333333333333
1136,21.333333333333332,-539.7333333333333,-72.53333333333333
1137,12.8,-539.7333333333333,-66.13333333333333
1138,17.066666666666666,-529.0666666666666,-70.4
1139,10.666666666666666,-526.9333333333333,-66.13333333333333
1140,19.2,-533.3333333333334,-68.26666666666667
1141,14.933333333333334,-526.9333333333333,-57.6
1142,12.8,-529.0666666666666,-66.13333333333333
1143,17.066666666666666,-529.0666666666666,-57.6
1144,0.0,-518.4,-59.733333333333334
1145,4.266666666666667,-522.6666666666666,-46.93333333333333
1146,10.666666666666666,-520.5333333333333,-55.46666666666667
1147,10.666666666666666,-531.2,-51.2
1148,6.4,-524.8,-46.93333333333333
1149,14.933333333333334,-526.9333333333333,-46.93333333333333
1150,6.4,-526.9333333333333,-57.6
1151,10.666666666666666,-524.8,-55.46666666666667
1152,10.666666666666666,-520.5333333333333,-53.333333333333336
1153,6.4,-516.2666666666667,-55.46666666666667
1154,6.4,-531.2,-51.2
1155,8.533333333333333,-533.3333333333334,-46.93333333333333
1156,6.4,-524.8,-49.06666666666666
1157,8.533333333333333,-526.9333333333333,-53.333333333333336
1158,10.666666666666666,-531.2,-53.333333333333336
1159,4.266666666666667,-524.8,-49.06666666666666
1160,10.666666666666666,-529.0666666666666,-53.333333333333336
1161,6.4,-535.4666666666667,-61.86666666666667
1162,-4.266666666666667,-535.4666666666667,-53.333333333333336
1163,-19.2,-539.7333333333333,-40.53333333333333
1164,-29.866666666666667,-539.7333333333333,-55.46666666666667
1165,-19.2,-548.2666666666667,-53.333333333333336
1166,-4.266666666666667,-548.2666666666667,-64.0
1167,17.066666666666666,-546.1333333333333,-76.8
1168,59.733333333333334,-531.2,-81.06666666666666
1169,76.8,-533.3333333333334,-81.06666666666666
1170,70.4,-512.0,-70.4
1171,57.6,-507.73333333333335,-57.6
1172,53.333333333333336,-509.8666666666667,-49.06666666666666
1173,51.2,-514.1333333333333,-46.93333333333333
1174,49.06666666666666,-529.0666666666666,-38.4
1175,38.4,-537.6,-38.4
1176,34.13333333333333,-546.1333333333333,-29.866666666666667
1177,51.2,-565.3333333333334,-14.933333333333334
1178,61.86666666666667,-576.0,-34.13333333333333
1179,68.26666666666667,-584.5333333333333,-38.4
1180,70.4,-586.6666666666666,-42.666666666666664
1181,74.66666666666667,-588.8,-72.53333333333333
1182,85.33333333333333,-595.2,-87.46666666666667
1183,98.13333333333333,-605.8666666666667,-100.26666666666667
1184,98.13333333333333,-618.6666666666666,-98.13333333333333
1185,96.0,-629.3333333333334,-102.4
1186,93.86666666666666,-646.4,-100.26666666666667
1187,89.6,-661.3333333333334,-96.0
1188,83.2,-663.4666666666667,-91.73333333333333
1189,74.66666666666667,-682.6666666666666,-100.26666666666667
1190,81.06666666666666,-682.6666666666666,-102.4
1191,87.46666666666667,-691.2,-102.4
1192,76.8,-682.6666666666666,-108.8
1193,76.8,-674.1333333333333,-110.93333333333334
1194,68.26666666666667,-669.8666666666667,-121.6
1195,51.2,-659.2,-132.26666666666665
1196,51.2,-650.6666666666666,-142.93333333333334
1197,38.4,-629.3333333333334,-155.73333333333332
1198,34.13333333333333,-620.8,-166.4
1199,17.066666666666666,-608.0,-172.8
1200,12.8,-608.0,-170.66666666666666
1201,14.933333333333334,-603.7333333333333,-162.13333333333333
1202,14.933333333333334,-627.2,-174.93333333333334
1203,8.533333333333333,-627.2,-170.66666666666666
1204,6.4,-646.4,-160.0
1205,12.8,-667.7333333333333,-157.86666666666667
1206,27.733333333333334,-684.8,-166.4
1207,46.93333333333333,-704.0,-177.06666666666666
1208,76.8,-727.4666666666667,-185.6
1209,96.0,-746.6666666666666,-211.2
1210,113.06666666666666,-759.4666666666667,-217.6
1211,134.4,-770.1333333333333,-224.0
1212,147.2,-785.0666666666666,-234.66666666666666
1213,147.2,-770.1333333333333,-226.13333333333333
1214,138.66666666666666,-759.4666666666667,-236.79999999999998
1215,132.26666666666665,-748.8,-236.79999999999998
1216,121.6,-731.7333333333333,-241.06666666666666
1217,104.53333333333333,-712.5333333333333,-256.0
1218,93.86666666666666,-701.8666666666667,-256.0
1219,74.66666666666667,-678.4,-264.5333333333333
1220,66.13333333333333,-659.2,-266.6666666666667
1221,57.6,-640.0,-266.6666666666667
1222,57.6,-627.2,-268.8
1223,51.2,-603.7333333333333,-260.26666666666665
1224,29.866666666666667,-590.9333333333333,-266.6666666666667
1225,21.333333333333332,-578.1333333333333,-251.73333333333332
1226,14.933333333333334,-563.2,-245.33333333333334
1227,14.933333333333334,-563.2,-234.66666666666666
1228,21.333333333333332,-552.5333333333333,-232.53333333333333
1229,12.8,-552.5333333333333,-219.73333333333332
1230,19.2,-550.4,-204.8
1231,23.466666666666665,-556.8,-196.26666666666665
1232,8.533333333333333,-552.5333333333333,-196.26666666666665
1233,8.533333333333333,-548.2666666666667,-187.73333333333332
1234,2.1333333333333333,-544.0,-189.86666666666667
1235,-2.1333333333333333,-546.1333333333333,-198.4
1236,-8.533333333333333,-548.2666666666667,-194.13333333333333
1237,-8.533333333333333,-544.0,-206.93333333333334
1238,-10.666666666666666,-548.2666666666667,-221.86666666666667
1239,-6.4,-552.5333333333333,-226.13333333333333
1240,-8.533333333333333,-552.5333333333333,-230.4
1241,-8.533333333333333,-550.4,-234.66666666666666
1242,0.0,-567.4666666666667,-228.26666666666665
1243,-2.1333333333333333,-567.4666666666667,-234.66666666666666
1244,6.4,-567.4666666666667,-221.86666666666667
1245,2.1333333333333333,-565.3333333333334,-221.86666666666667
1246,4.266666666666667,-576.0,-230.4
1247,8.533333333333333,-573.8666666666667,-224.0
1248,19.2,-573.8666666666667,-221.86666666666667
1249,23.466666666666665,-576.0,-232.53333333333333
1250,19.2,-569.6,-232.53333333333333
1251,32.0,-569.6,-228.26666666666665
1252,29.866666666666667,-554.6666666666666,-221.86666666666667
1253,25.6,-552.5333333333333,-217.6
1254,36.266666666666666,-546.1333333333333,-226.13333333333333
1255,55.46666666666667,-539.7333333333333,-215.46666666666667
1256,42.666666666666664,-520.5333333333333,-221.86666666666667
1257,55.46666666666667,-516.2666666666667,-209.06666666666666
1258,55.46666666666667,-494.93333333333334,-202.66666666666666
1259,68.26666666666667,-484.26666666666665,-196.26666666666665
1260,66.13333333333333,-467.2,-200.53333333333333
1261,72.53333333333333,-458.6666666666667,-200.53333333333333
1262,61.86666666666667,-439.46666666666664,-194.13333333333333
1263,66.13333333333333,-428.8,-200.53333333333333
1264,59.733333333333334,-424.5333333333333,-194.13333333333333
1265,49.06666666666666,-413.8666666666667,-196.26666666666665
1266,51.2,-407.46666666666664,-181.33333333333334
1267,44.8,-407.46666666666664,-204.8
1268,44.8,-411.73333333333335,-200.53333333333333
1269,32.0,-418.1333333333333,-196.26666666666665
1270,29.866666666666667,-413.8666666666667,-189.86666666666667
1271,23.466666666666665,-426.6666666666667,-202.66666666666666
1272,23.466666666666665,-437.3333333333333,-204.8
1273,25.6,-433.06666666666666,-206.93333333333334
1274,23.466666666666665,-435.2,-196.26666666666665
1275,23.466666666666665,-443.73333333333335,-198.4
1276,14.933333333333334,-441.59999999999997,-189.86666666666667
1277,6.4,-428.8,-198.4
1278,17.066666666666666,-443.73333333333335,-187.73333333333332
1279,14.933333333333334,-437.3333333333333,-196.26666666666665
1280,12.8,-430.93333333333334,-192.0
1281,2.1333333333333333,-433.06666666666666,-198.4
1282,4.266666666666667,-433.06666666666666,-183.46666666666667
1283,0.0,-422.4,-196.26666666666665
1284,-6.4,-411.73333333333335,-200.53333333333333
1285,-6.4,-418.1333333333333,-187.73333333333332
1286,-14.933333333333334,-413.8666666666667,-189.86666666666667
1287,-17.066666666666666,-407.46666666666664,-192.0
1288,-17.066666666666666,-413.8666666666667,-160.0
1289,-27.733333333333334,-413.8666666666667,-194.13333333333333
1290,-29.866666666666667,-413.8666666666667,-192.0
1291,-29.866666666666667,-416.0,-181.33333333333334
1292,-29.866666666666667,-416.0,-196.26666666666665
1293,-32.0,-411.73333333333335,-196.26666666666665
1294,-32.0,-422.4,-196.26666666666665
1295,-32.0,-428.8,-196.26666666666665
1296,-27.733333333333334,-422.4,-185.6
1297,-23.466666666666665,-435.2,-183.46666666666667
1298,-12.8,-448.0,-172.8
1299,-19.2,-450.1333333333333,-172.8
1300,-19.2,-462.93333333333334,-160.0
1301,-17.066666666666666,-482.1333333333333,-155.73333333333332
1302,-21.333333333333332,-494.93333333333334,-149.33333333333334
1303,-19.2,-514.1333333333333,-145.06666666666666
1304,-27.733333333333334,-533.3333333333334,-151.46666666666667
1305,-34.13333333333333,-541.8666666666667,-145.06666666666666
1306,-32.0,-556.8,-138.66666666666666
1307,-38.4,-573.8666666666667,-134.4
1308,-42.666666666666664,-590.9333333333333,-134.4
1309,-55.46666666666667,-603.7333333333333,-138.66666666666666
1310,-66.13333333333333,-608.0,-145.06666666666666
1311,-72.53333333333333,-614.4,-140.8
1312,-74.66666666666667,-612.2666666666667,-155.73333333333332
1313,-74.66666666666667,-614.4,-145.06666666666666
1314,-55.46666666666667,-610.1333333333333,-149.33333333333334
1315,-49.06666666666666,-605.8666666666667,-149.33333333333334
1316,-51.2,-590.9333333333333,-155.73333333333332
1317,-34.13333333333333,-586.6666666666666,-153.6
1318,-29.866666666666667,-582.4,-170.66666666666666
1319,-21.333333333333332,-558.9333333333333,-157.86666666666667
1320,-12.8,-546.1333333333333,-168.53333333333333
1321,-4.266666666666667,-541.8666666666667,-170.66666666666666
1322,12.8,-524.8,-168.53333333333333
1323,14.933333333333334,-509.8666666666667,-157.86666666666667
1324,27.733333333333334,-507.73333333333335,-164.26666666666665
1325,27.733333333333334,-501.3333333333333,-170.66666666666666
1326,38.4,-499.2,-164.26666666666665
1327,36.266666666666666,-499.2,-168.53333333333333
1328,42.666666666666664,-499.2,-153.6
1329,40.53333333333333,-512.0,-142.93333333333334
1330,46.93333333333333,-505.59999999999997,-145.06666666666666
1331,42.666666666666664,-531.2,-130.13333333333333
1332,40.53333333333333,-535.4666666666667,-138.66666666666666
1333,29.866666666666667,-539.7333333333333,-125.86666666666666
1334,19.2,-548.2666666666667,-125.86666666666666
1335,17.066666666666666,-552.5333333333333,-130.13333333333333
1336,2.1333333333333333,-563.2,-115.2
1337,-8.533333333333333,-565.3333333333334,-115.2
1338,-17.066666666666666,-567.4666666666667,-113.06666666666666
1339,-29.866666666666667,-569.6,-108.8
1340,-34.13333333333333,-561.0666666666666,-106.66666666666667
1341,-40.53333333333333,-565.3333333333334,-104.53333333333333
1342,-44.8,-571.7333333333333,-113.06666666666666
1343,-51.2,-558.9333333333333,-100.26666666666667
1344,-59.733333333333334,-556.8,-108.8
1345,-64.0,-554.6666666666666,-104.53333333333333
1346,-66.13333333333333,-550.4,-106.66666666666667
1347,-64.0,-552.5333333333333,-93.86666666666666
1348,-64.0,-556.8,-91.73333333333333
1349,-72.53333333333333,-558.9333333333333,-93.86666666666666
1350,-59.733333333333334,-556.8,-87.46666666666667
1351,-51.2,-565.3333333333334,-91.73333333333333
1352,-64.0,-546.1333333333333,-100.26666666666667
1353,-38.4,-544.0,-100.26666666666667
1354,-44.8,-531.2,-100.26666666666667
1355,-38.4,-529.0666666666666,-96.0
1356,-34.13333333333333,-522.6666666666666,-100.26666666666667
1357,-34.13333333333333,-512.0,-96.0
1358,-29.866666666666667,-501.3333333333333,-104.53333333333333
1359,-29.866666666666667,-501.3333333333333,-96.0
1360,-32.0,-490.6666666666667,-100.26666666666667
1361,-23.466666666666665,-490.6666666666667,-100.26666666666667
1362,-25.6,-488.5333333333333,-100.26666666666667
1363,-25.6,-501.3333333333333,-93.86666666666666
1364,-23.466666666666665,-492.8,-87.46666666666667
1365,-23.466666666666665,-499.2,-81.06666666666666
1366,-27.733333333333334,-497.06666666666666,-72.53333333333333
1367,-25.6,-512.0,-83.2
1368,-27.733333333333334,-516.2666666666667,-74.66666666666667
1369,-29.866666666666667,-520.5333333333333,-81.06666666666666
1370,-21.333333333333332,-531.2,-72.53333333333333
1371,-23.466666666666665,-537.6,-70.4
1372,-21.333333333333332,-546.1333333333333,-74.66666666666667
1373,-27.733333333333334,-541.8666666666667,-74.66666666666667
1374,-23.466666666666665,-550.4,-78.93333333333334
1375,-25.6,-546.1333333333333,-72.53333333333333
1376,-25.6,-548.2666666666667,-76.8
1377,-25.6,-548.2666666666667,-74.66666666666667
1378,-27.733333333333334,-539.7333333333333,-76.8
1379,-29.866666666666667,-546.1333333333333,-81.06666666666666
1380,-27.733333333333334,-544.0,-81.06666666666666
1381,-27.733333333333334,-541.8666666666667,-66.13333333333333
1382,-19.2,-544.0,-70.4
1383,-25.6,-539.7333333333333,-66.13333333333333
1384,-17.066666666666666,-539.7333333333333,-68.26666666666667
1385,-21.333333333333332,-539.7333333333333,-57.6
1386,-14.933333333333334,-541.8666666666667,-64.0
1387,-21.333333333333332,-544.0,-59.733333333333334
1388,-21.333333333333332,-546.1333333333333,-57.6
1389,-17.066666666666666,-548.2666666666667,-53.333333333333336
1390,-10.666666666666666,-552.5333333333333,-64.0
1391,-14.933333333333334,-550.4,-61.86666666666667
1392,-12.8,-556.8,-57.6
1393,-10.666666666666666,-554.6666666666666,-57.6
1394,-6.4,-558.9333333333333,-61.86666666666667
1395,-4.266666666666667,-558.9333333333333,-64.0
1396,2.1333333333333333,-550.4,-74.66666666666667
1397,-21.333333333333332,-550.4,-76.8
1398,-12.8,-550.4,-53.333333333333336
1399,-17.066666666666666,-546.1333333333333,-64.0
1400,-19.2,-546.1333333333333,-64.0
1401,-21.333333333333332,-550.4,-55.46666666666667
1402,-23.466666666666665,-546.1333333333333,-68.26666666666667
1403,-29.866666666666667,-550.4,-78.93333333333334
1404,-34.13333333333333,-548.2666666666667,-91.73333333333333
1405,-36.266666666666666,-561.0666666666666,-96.0
1406,-46.93333333333333,-567.4666666666667,-96.0
1407,-68.26666666666667,-576.0,-91.73333333333333
1408,-85.33333333333333,-580.2666666666667,-89.6
1409,-108.8,-582.4,-96.0
1410,-130.13333333333333,-590.9333333333333,-104.53333333333333
1411,-145.06666666666666,-603.7333333333333,-115.2
1412,-153.6,-629.3333333333334,-125.86666666666666
1413,-153.6,-648.5333333333333,-142.93333333333334
1414,-170.66666666666666,-667.7333333333333,-155.73333333333332
1415,-164.26666666666665,-680.5333333333333,-155.73333333333332
1416,-162.13333333333333,-689.0666666666666,-157.86666666666667
1417,-157.86666666666667,-708.2666666666667,-157.86666666666667
1418,-132.26666666666665,-721.0666666666666,-151.46666666666667
1419,-113.06666666666666,-716.8,-160.0
1420,-98.13333333333333,-729.6,-151.46666666666667
1421,-85.33333333333333,-738.1333333333333,-164.26666666666665
1422,-66.13333333333333,-744.5333333333333,-162.13333333333333
1423,-53.333333333333336,-744.5333333333333,-164.26666666666665
1424,-34.13333333333333,-744.5333333333333,-160.0
1425,-42.666666666666664,-750.9333333333333,-162.13333333333333
1426,-38.4,-748.8,-170.66666666666666
1427,-57.6,-750.9333333333333,-206.93333333333334
1428,-66.13333333333333,-738.1333333333333,-226.13333333333333
1429,-83.2,-733.8666666666667,-251.73333333333332
1430,-87.46666666666667,-721.0666666666666,-270.93333333333334
1431,-104.53333333333333,-704.0,-288.0
1432,-115.2,-689.0666666666666,-298.6666666666667
1433,-130.13333333333333,-684.8,-296.5333333333333
1434,-147.2,-686.9333333333333,-296.5333333333333
1435,-151.46666666666667,-691.2,-258.1333333333333
1436,-151.46666666666667,-699.7333333333333,-241.06666666666666
1437,-164.26666666666665,-701.8666666666667,-226.13333333333333
1438,-174.93333333333334,-708.2666666666667,-196.26666666666665
1439,-153.6,-708.2666666666667,-194.13333333333333
1440,-134.4,-699.7333333333333,-192.0
1441,-106.66666666666667,-684.8,-192.0
1442,-87.46666666666667,-669.8666666666667,-196.26666666666665
1443,-87.46666666666667,-642.1333333333333,-213.33333333333334
1444,-91.73333333333333,-620.8,-219.73333333333332
1445,-100.26666666666667,-599.4666666666667,-209.06666666666666
1446,-108.8,-586.6666666666666,-224.0
1447,-113.06666666666666,-569.6,-219.73333333333332
1448,-57.6,-558.9333333333333,-211.2
1449,34.13333333333333,-550.4,-204.8
1450,89.6,-539.7333333333333,-217.6
1451,93.86666666666666,-544.0,-241.06666666666666
1452,40.53333333333333,-537.6,-243.2
1453,-27.733333333333334,-516.2666666666667,-206.93333333333334
1454,-49.06666666666666,-520.5333333333333,-215.46666666666667
1455,-36.266666666666666,-526.9333333333333,-234.66666666666666
1456,-27.733333333333334,-539.7333333333333,-266.6666666666667
1457,-29.866666666666667,-544.0,-264.5333333333333
1458,-32.0,-561.0666666666666,-251.73333333333332
1459,-34.13333333333333,-558.9333333333333,-238.93333333333334
1460,-51.2,-567.4666666666667,-226.13333333333333
1461,-55.46666666666667,-571.7333333333333,-206.93333333333334
1462,-81.06666666666666,-580.2666666666667,-202.66666666666666
1463,-81.06666666666666,-580.2666666666667,-194.13333333333333
1464,-85.33333333333333,-584.5333333333333,-192.0
1465,-87.46666666666667,-582.4,-209.06666666666666
1466,-78.93333333333334,-590.9333333333333,-219.73333333333332
1467,-74.66666666666667,-584.5333333333333,-232.53333333333333
1468,-76.8,-565.3333333333334,-230.4
1469,-78.93333333333334,-558.9333333333333,-236.79999999999998
1470,-81.06666666666666,-546.1333333333333,-234.66666666666666
1471,-96.0,-520.5333333333333,-228.26666666666665
1472,-98.13333333333333,-518.4,-230.4
1473,-117.33333333333333,-499.2,-224.0
1474,-119.46666666666667,-482.1333333333333,-228.26666666666665
1475,-121.6,-465.06666666666666,-232.53333333333333
1476,-123.73333333333333,-450.1333333333333,-226.13333333333333
1477,-121.6,-435.2,-228.26666666666665
1478,-123.73333333333333,-426.6666666666667,-236.79999999999998
1479,-132.26666666666665,-413.8666666666667,-230.4
1480,-119.46666666666667,-416.0,-230.4
1481,-113.06666666666666,-411.73333333333335,-213.33333333333334
1482,-102.4,-403.2,-221.86666666666667
1483,-91.73333333333333,-394.6666666666667,-219.73333333333332
1484,-74.66666666666667,-396.8,-194.13333333333333
1485,-74.66666666666667,-396.8,-187.73333333333332
1486,-64.0,-396.8,-181.33333333333334
1487,-40.53333333333333,-403.2,-172.8
1488,-42.666666666666664,-392.5333333333333,-174.93333333333334
1489,-29.866666666666667,-401.06666666666666,-164.26666666666665
1490,-25.6,-401.06666666666666,-164.26666666666665
1491,-14.933333333333334,-403.2,-160.0
1492,-4.266666666666667,-403.2,-168.53333333333333
1493,-8.533333333333333,-409.6,-170.66666666666666
1494,-10.666666666666666,-418.1333333333333,-164.26666666666665
1495,-4.266666666666667,-424.5333333333333,-168.53333333333333
1496,-2.1333333333333333,-435.2,-166.4
1497,-2.1333333333333333,-433.06666666666666,-164.26666666666665
1498,0.0,-441.59999999999997,-170.66666666666666
1499,-2.1333333333333333,-441.59999999999997,-168.53333333333333
1500,6.4,-445.8666666666667,-164.26666666666665
1501,14.933333333333334,-450.1333333333333,-157.86666666666667
1502,23.466666666666665,-458.6666666666667,-166.4
1503,14.933333333333334,-462.93333333333334,-155.73333333333332
1504,29.866666666666667,-460.8,-160.0
1505,34.13333333333333,-471.46666666666664,-160.0
1506,36.266666666666666,-469.3333333333333,-160.0
1507,44.8,-475.73333333333335,-157.86666666666667
1508,51.2,-475.73333333333335,-151.46666666666667
1509,49.06666666666666,-484.26666666666665,-142.93333333333334
1510,55.46666666666667,-497.06666666666666,-134.4
1511,76.8,-497.06666666666666,-151.46666666666667
1512,57.6,-512.0,-140.8
1513,51.2,-512.0,-149.33333333333334
1514,32.0,-516.2666666666667,-128.0
1515,34.13333333333333,-533.3333333333334,-128.0
1516,25.6,-539.7333333333333,-121.6
1517,21.333333333333332,-548.2666666666667,-115.2
1518,10.666666666666666,-552.5333333333333,-119.46666666666667
1519,4.266666666666667,-563.2,-132.26666666666665
1520,6.4,-582.4,-147.2
1521,-4.266666666666667,-595.2,-149.33333333333334
1522,-4.266666666666667,-586.6666666666666,-138.66666666666666
1523,-10.666666666666666,-590.9333333333333,-136.53333333333333
1524,-19.2,-588.8,-132.26666666666665
1525,-10.666666666666666,-590.9333333333333,-140.8
1526,-29.866666666666667,-573.8666666666667,-155.73333333333332
1527,-29.866666666666667,-561.0666666666666,-164.26666666666665
1528,-36.266666666666666,-546.1333333333333,-164.26666666666665
1529,-32.0,-537.6,-168.53333333333333
1530,-42.666666666666664,-516.2666666666667,-174.93333333333334
1531,-42.666666666666664,-505.59999999999997,-172.8
1532,-49.06666666666666,-499.2,-157.86666666666667
1533,-59.733333333333334,-482.1333333333333,-147.2
1534,-70.4,-484.26666666666665,-147.2
1535,-57.6,-473.59999999999997,-136.53333333333333
1536,-70.4,-471.46666666666664,-132.26666666666665
1537,-68.26666666666667,-475.73333333333335,-113.06666666666666
1538,-61.86666666666667,-469.3333333333333,-113.06666666666666
1539,-49.06666666666666,-473.59999999999997,-117.33333333333333
1540,-34.13333333333333,-475.73333333333335,-117.33333333333333
1541,-32.0,-475.73333333333335,-108.8
1542,-19.2,-482.1333333333333,-106.66666666666667
1543,-12.8,-480.0,-119.46666666666667
1544,2.1333333333333333,-473.59999999999997,-117.33333333333333
1545,25.6,-494.93333333333334,-113.06666666666666
1546,34.13333333333333,-490.6666666666667,-106.66666666666667
1547,44.8,-503.46666666666664,-106.66666666666667
1548,64.0,-509.8666666666667,-102.4
1549,70.4,-509.8666666666667,-100.26666666666667
1550,81.06666666666666,-516.2666666666667,-93.86666666666666
1551,91.73333333333333,-518.4,-85.33333333333333
1552,89.6,-522.6666666666666,-87.46666666666667
1553,93.86666666666666,-522.6666666666666,-85.33333333333333
1554,89.6,-531.2,-74.66666666666667
1555,96.0,-529.0666666666666,-74.66666666666667
1556,96.0,-537.6,-83.2
1557,98.13333333333333,-541.8666666666667,-68.26666666666667
1558,104.53333333333333,-537.6,-72.53333333333333
1559,104.53333333333333,-544.0,-76.8
1560,106.66666666666667,-544.0,-68.26666666666667
1561,104.53333333333333,-539.7333333333333,-64.0
1562,110.93333333333334,-537.6,-68.26666666666667
1563,104.53333333333333,-533.3333333333334,-68.26666666666667
1564,104.53333333333333,-526.9333333333333,-61.86666666666667
1565,98.13333333333333,-533.3333333333334,-64.0
1566,98.13333333333333,-522.6666666666666,-70.4
1567,93.86666666666666,-518.4,-68.26666666666667
1568,96.0,-512.0,-93.86666666666666
1569,81.06666666666666,-518.4,-78.93333333333334
1570,74.66666666666667,-514.1333333333333,-81.06666666666666
1571,61.86666666666667,-518.4,-83.2
1572,55.46666666666667,-516.2666666666667,-89.6
1573,44.8,-522.6666666666666,-87.46666666666667
1574,36.266666666666666,-518.4,-83.2
1575,27.733333333333334,-522.6666666666666,-78.93333333333334
1576,14.933333333333334,-529.0666666666666,-91.73333333333333
1577,21.333333333333332,-531.2,-85.33333333333333
1578,25.6,-526.9333333333333,-96.0
1579,6.4,-522.6666666666666,-108.8
1580,38.4,-533.3333333333334,-121.6
1581,49.06666666666666,-539.7333333333333,-142.93333333333334
1582,64.0,-533.3333333333334,-179.2
1583,85.33333333333333,-539.7333333333333,-217.6
1584,100.26666666666667,-541.8666666666667,-241.06666666666666
1585,121.6,-552.5333333333333,-256.0
1586,130.13333333333333,-561.0666666666666,-262.4
1587,134.4,-582.4,-264.5333333333333
1588,130.13333333333333,-610.1333333333333,-236.79999999999998
1589,121.6,-633.6,-211.2
1590,115.2,-669.8666666666667,-170.66666666666666
1591,102.4,-686.9333333333333,-132.26666666666665
1592,102.4,-708.2666666666667,-104.53333333333333
1593,102.4,-721.0666666666666,-102.4
1594,93.86666666666666,-729.6,-102.4
1595,93.86666666666666,-729.6,-128.0
1596,68.26666666666667,-712.5333333333333,-153.6
1597,68.26666666666667,-697.6,-187.73333333333332
1598,68.26666666666667,-682.6666666666666,-219.73333333333332
1599,53.333333333333336,-659.2,-249.6
1600,57.6,-627.2,-266.6666666666667
1601,57.6,-601.6,-277.3333333333333
1602,76.8,-576.0,-277.3333333333333
1603,93.86666666666666,-569.6,-281.6
1604,93.86666666666666,-573.8666666666667,-266.6666666666667
1605,100.26666666666667,-588.8,-256.0
1606,104.53333333333333,-608.0,-238.93333333333334
1607,104.53333333333333,-614.4,-226.13333333333333
1608,96.0,-629.3333333333334,-221.86666666666667
1609,100.26666666666667,-642.1333333333333,-206.93333333333334
1610,91.73333333333333,-642.1333333333333,-209.06666666666666
1611,85.33333333333333,-635.7333333333333,-211.2
1612,89.6,-644.2666666666667,-196.26666666666665
1613,83.2,-644.2666666666667,-198.4
1614,85.33333333333333,-640.0,-206.93333333333334
1615,72.53333333333333,-635.7333333333333,-209.06666666666666
1616,66.13333333333333,-627.2,-217.6
1617,64.0,-622.9333333333333,-213.33333333333334
1618,59.733333333333334,-616.5333333333333,-224.0
1619,64.0,-614.4,-224.0
1620,61.86666666666667,-616.5333333333333,-224.0
1621,59.733333333333334,-603.7333333333333,-224.0
1622,53.333333333333336,-612.2666666666667,-230.4
1623,53.333333333333336,-605.8666666666667,-234.66666666666666
1624,51.2,-601.6,-228.26666666666665
1625,36.266666666666666,-599.4666666666667,-226.13333333333333
1626,25.6,-599.4666666666667,-228.26666666666665
1627,23.466666666666665,-595.2,-228.26666666666665
1628,23.466666666666665,-582.4,-234.66666666666666
1629,19.2,-571.7333333333333,-241.06666666666666
1630,14.933333333333334,-556.8,-236.79999999999998
1631,10.666666666666666,-535.4666666666667,-232.53333333333333
1632,19.2,-526.9333333333333,-228.26666666666665
1633,12.8,-509.8666666666667,-247.46666666666667
1634,19.2,-505.59999999999997,-230.4
1635,21.333333333333332,-507.73333333333335,-224.0
1636,34.13333333333333,-512.0,-226.13333333333333
1637,36.266666666666666,-512.0,-213.33333333333334
1638,38.4,-514.1333333333333,-215.46666666666667
1639,40.53333333333333,-526.9333333333333,-211.2
1640,46.93333333333333,-531.2,-206.93333333333334
1641,38.4,-539.7333333333333,-204.8
1642,46.93333333333333,-548.2666666666667,-200.53333333333333
1643,38.4,-546.1333333333333,-200.53333333333333
1644,51.2,-563.2,-194.13333333333333
1645,46.93333333333333,-558.9333333333333,-213.33333333333334
1646,40.53333333333333,-558.9333333333333,-213.33333333333334
1647,38.4,-558.9333333333333,-211.2
1648,38.4,-561.0666666666666,-206.93333333333334
1649,40.53333333333333,-554.6666666666666,-206.93333333333334
1650,44.8,-563.2,-202.66666666666666
1651,36.266666666666666,-554.6666666666666,-189.86666666666667
1652,46.93333333333333,-558.9333333333333,-198.4
1653,36.266666666666666,-556.8,-202.66666666666666
1654,40.53333333333333,-554.6666666666666,-215.46666666666667
1655,32.0,-554.6666666666666,-202.66666666666666
1656,32.0,-556.8,-204.8
1657,38.4,-556.8,-196.26666666666665
1658,25.6,-552.5333333333333,-194.13333333333333
1659,25.6,-548.2666666666667,-194.13333333333333
1660,21.333333333333332,-548.2666666666667,-196.26666666666665
1661,19.2,-541.8666666666667,-194.13333333333333
1662,12.8,-541.8666666666667,-200.53333333333333
1663,14.933333333333334,-535.4666666666667,-198.4
1664,8.533333333333333,-531.2,-209.06666666666666
1665,10.666666666666666,-531.2,-219.73333333333332
1666,0.0,-514.1333333333333,-206.93333333333334
1667,-10.666666666666666,-503.46666666666664,-226.13333333333333
1668,-12.8,-501.3333333333333,-211.2
1669,-19.2,-490.6666666666667,-221.86666666666667
1670,-21.333333333333332,-486.4,-217.6
1671,-29.866666666666667,-480.0,-213.33333333333334
1672,-29.866666666666667,-471.46666666666664,-211.2
1673,-32.0,-471.46666666666664,-211.2
1674,-34.13333333333333,-473.59999999999997,-189.86666666666667
1675,-34.13333333333333,-469.3333333333333,-181.33333333333334
1676,-36.266666666666666,-460.8,-174.93333333333334
1677,-34.13333333333333,-465.06666666666666,-177.06666666666666
1678,-36.266666666666666,-462.93333333333334,-162.13333333333333
1679,-34.13333333333333,-465.06666666666666,-164.26666666666665
1680,-38.4,-462.93333333333334,-157.86666666666667
1681,-34.13333333333333,-462.93333333333334,-153.6
1682,-34.13333333333333,-465.06666666666666,-162.13333333333333
1683,-34.13333333333333,-467.2,-170.66666666666666
1684,-25.6,-480.0,-157.86666666666667
1685,-25.6,-480.0,-168.53333333333333
1686,-2.1333333333333333,-494.93333333333334,-166.4
1687,-2.1333333333333333,-501.3333333333333,-157.86666666666667
1688,4.266666666666667,-499.2,-157.86666666666667
1689,6.4,-503.46666666666664,-157.86666666666667
1690,6.4,-514.1333333333333,-153.6
1691,17.066666666666666,-524.8,-153.6
1692,12.8,-524.8,-155.73333333333332
1693,14.933333333333334,-522.6666666666666,-142.93333333333334
1694,12.8,-529.0666666666666,-151.46666666666667
1695,23.466666666666665,-537.6,-145.06666666666666
1696,21.333333333333332,-539.7333333333333,-136.53333333333333
1697,25.6,-533.3333333333334,-140.8
1698,36.266666666666666,-529.0666666666666,-134.4
1699,29.866666666666667,-512.0,-140.8
1700,32.0,-514.1333333333333,-130.13333333333333
1701,36.266666666666666,-501.3333333333333,-138.66666666666666
1702,34.13333333333333,-494.93333333333334,-119.46666666666667
1703,34.13333333333333,-490.6666666666667,-121.6
1704,32.0,-484.26666666666665,-138.66666666666666
1705,38.4,-486.4,-142.93333333333334
1706,40.53333333333333,-482.1333333333333,-128.0
1707,44.8,-477.8666666666667,-134.4
1708,44.8,-482.1333333333333,-140.8
1709,46.93333333333333,-484.26666666666665,-145.06666666666666
1710,32.0,-486.4,-136.53333333333333
1711,29.866666666666667,-494.93333333333334,-134.4
1712,14.933333333333334,-503.46666666666664,-134.4
1713,8.533333333333333,-509.8666666666667,-128.0
1714,4.266666666666667,-516.2666666666667,-123.73333333333333
1715,-8.533333333333333,-524.8,-121.6
1716,-19.2,-533.3333333333334,-117.33333333333333
1717,-12.8,-544.0,-123.73333333333333
1718,-17.066666666666666,-546.1333333333333,-117.33333333333333
1719,-14.933333333333334,-550.4,-106.66666666666667
1720,-21.333333333333332,-565.3333333333334,-113.06666666666666
1721,-14.933333333333334,-567.4666666666667,-108.8
1722,-21.333333333333332,-571.7333333333333,-108.8
1723,-21.333333333333332,-569.6,-104.53333333333333
1724,-17.066666666666666,-569.6,-108.8
1725,-23.466666666666665,-571.7333333333333,-100.26666666666667
1726,-36.266666666666666,-567.4666666666667,-93.86666666666666
1727,-44.8,-565.3333333333334,-98.13333333333333
1728,-36.266666666666666,-576.0,-89.6
1729,-44.8,-565.3333333333334,-93.86666666666666
1730,-46.93333333333333,-571.7333333333333,-96.0
1731,-59.733333333333334,-563.2,-93.86666666666666
1732,-57.6,-552.5333333333333,-96.0
1733,-66.13333333333333,-552.5333333333333,-91.73333333333333
1734,-74.66666666666667,-541.8666666666667,-85.33333333333333
1735,-70.4,-537.6,-93.86666666666666
1736,-74.66666666666667,-524.8,-98.13333333333333
1737,-85.33333333333333,-509.8666666666667,-100.26666666666667
1738,-78.93333333333334,-509.8666666666667,-102.4
1739,-83.2,-492.8,-104.53333333333333
1740,-87.46666666666667,-482.1333333333333,-100.26666666666667
1741,-83.2,-482.1333333333333,-76.8
1742,-93.86666666666666,-486.4,-91.73333333333333
1743,-91.73333333333333,-482.1333333333333,-85.33333333333333
1744,-89.6,-484.26666666666665,-81.06666666666666
1745,-87.46666666666667,-482.1333333333333,-70.4
1746,-91.73333333333333,-480.0,-87.46666666666667
1747,-98.13333333333333,-477.8666666666667,-87.46666666666667
1748,-85.33333333333333,-477.8666666666667,-91.73333333333333
1749,-83.2,-480.0,-91.73333333333333
1750,-81.06666666666666,-480.0,-89.6
1751,-85.33333333333333,-484.26666666666665,-98.13333333333333
1752,-66.13333333333333,-486.4,-87.46666666666667
1753,-76.8,-497.06666666666666,-85.33333333333333
1754,-78.93333333333334,-503.46666666666664,-68.26666666666667
1755,-72.53333333333333,-516.2666666666667,-64.0
1756,-78.93333333333334,-524.8,-46.93333333333333
1757,-87.46666666666667,-533.3333333333334,-36.266666666666666
1758,-87.46666666666667,-533.3333333333334,-25.6
1759,-85.33333333333333,-537.6,-23.466666666666665
1760,-93.86666666666666,-537.6,-17.066666666666666
1761,-91.73333333333333,-539.7333333333333,-17.066666666666666
1762,-93.86666666666666,-535.4666666666667,-25.6
1763,-96.0,-524.8,-42.666666666666664
1764,-91.73333333333333,-520.5333333333333,-53.333333333333336
1765,-78.93333333333334,-522.6666666666666,-49.06666666666666
1766,-76.8,-514.1333333333333,-36.266666666666666
1767,-78.93333333333334,-514.1333333333333,-36.266666666666666
1768,-89.6,-514.1333333333333,-32.0
1769,-96.0,-509.8666666666667,-29.866666666666667
1770,-89.6,-516.2666666666667,-36.266666666666666
1771,-96.0,-518.4,-44.8
1772,-91.73333333333333,-524.8,-68.26666666666667
1773,-91.73333333333333,-524.8,-78.93333333333334
1774,-96.0,-507.73333333333335,-81.06666666666666
1775,-93.86666666666666,-535.4666666666667,-100.26666666666667
1776,-87.46666666666667,-546.1333333333333,-110.93333333333334
1777,-104.53333333333333,-565.3333333333334,-123.73333333333333
1778,-130.13333333333333,-576.0,-136.53333333333333
1779,-140.8,-590.9333333333333,-147.2
1780,-170.66666666666666,-620.8,-160.0
1781,-187.73333333333332,-654.9333333333333,-157.86666666666667
1782,-189.86666666666667,-680.5333333333333,-166.4
1783,-194.13333333333333,-714.6666666666666,-153.6
1784,-183.46666666666667,-740.2666666666667,-136.53333333333333
1785,-168.53333333333333,-761.6,-149.33333333333334
1786,-162.13333333333333,-753.0666666666666,-113.06666666666666
1787,-145.06666666666666,-753.0666666666666,-110.93333333333334
1788,-138.66666666666666,-740.2666666666667,-121.6
1789,-132.26666666666665,-723.2,-128.0
1790,-115.2,-708.2666666666667,-162.13333333333333
1791,-93.86666666666666,-695.4666666666667,-181.33333333333334
1792,-83.2,-682.6666666666666,-189.86666666666667
1793,-83.2,-663.4666666666667,-187.73333333333332
1794,-100.26666666666667,-644.2666666666667,-192.0
1795,-115.2,-622.9333333333333,-202.66666666666666
1796,-110.93333333333334,-627.2,-202.66666666666666
1797,-134.4,-622.9333333333333,-206.93333333333334
1798,-140.8,-620.8,-211.2
1799,-153.6,-616.5333333333333,-211.2
1800,-155.73333333333332,-616.5333333333333,-206.93333333333334
1801,-168.53333333333333,-616.5333333333333,-213.33333333333334
1802,-168.53333333333333,-620.8,-213.33333333333334
1803,-168.53333333333333,-612.2666666666667,-204.8
1804,-168.53333333333333,-627.2,-196.26666666666665
1805,-157.86666666666667,-635.7333333333333,-196.26666666666665
1806,-147.2,-635.7333333333333,-179.2
1807,-130.13333333333333,-642.1333333333333,-183.46666666666667
1808,-123.73333333333333,-635.7333333333333,-200.53333333333333
1809,-115.2,-631.4666666666667,-202.66666666666666
1810,-110.93333333333334,-631.4666666666667,-206.93333333333334
1811,-102.4,-625.0666666666666,-211.2
1812,-100.26666666666667,-614.4,-215.46666666666667
1813,-87.46666666666667,-601.6,-219.73333333333332
1814,-89.6,-586.6666666666666,-232.53333333333333
1815,-81.06666666666666,-580.2666666666667,-253.86666666666667
1816,-78.93333333333334,-554.6666666666666,-249.6
1817,-59.733333333333334,-548.2666666666667,-249.6
1818,-57.6,-544.0,-268.8
1819,-44.8,-541.8666666666667,-264.5333333333333
1820,-34.13333333333333,-535.4666666666667,-270.93333333333334
1821,-32.0,-535.4666666666667,-270.93333333333334
1822,-23.466666666666665,-537.6,-268.8
1823,-14.933333333333334,-531.2,-268.8
1824,-8.533333333333333,-535.4666666666667,-266.6666666666667
1825,-2.1333333333333333,-541.8666666666667,-262.4
1826,-2.1333333333333333,-537.6,-258.1333333333333
1827,19.2,-546.1333333333333,-258.1333333333333
1828,12.8,-544.0,-251.73333333333332
1829,8.533333333333333,-541.8666666666667,-260.26666666666665
1830,4.266666666666667,-544.0,-262.4
1831,2.1333333333333333,-546.1333333333333,-256.0
1832,-8.533333333333333,-548.2666666666667,-266.6666666666667
1833,-6.4,-544.0,-262.4
1834,-21.333333333333332,-533.3333333333334,-258.1333333333333
1835,-25.6,-539.7333333333333,-266.6666666666667
1836,-32.0,-539.7333333333333,-266.6666666666667
1837,-32.0,-535.4666666666667,-253.86666666666667
1838,-29.866666666666667,-556.8,-266.6666666666667
1839,-36.266666666666666,-539.7333333333333,-264.5333333333333
1840,-34.13333333333333,-544.0,-260.26666666666665
1841,-36.266666666666666,-541.8666666666667,-256.0
1842,-38.4,-544.0,-251.73333333333332
1843,-34.13333333333333,-539.7333333333333,-249.6
1844,-38.4,-544.0,-251.73333333333332
1845,-36.266666666666666,-539.7333333333333,-253.86666666666667
1846,-40.53333333333333,-537.6,-256.0
1847,-42.666666666666664,-531.2,-247.46666666666667
1848,-34.13333333333333,-533.3333333333334,-247.46666666666667
1849,-46.93333333333333,-526.9333333333333,-234.66666666666666
1850,-34.13333333333333,-522.6666666666666,-243.2
1851,-27.733333333333334,-520.5333333333333,-241.06666666666666
1852,-27.733333333333334,-516.2666666666667,-238.93333333333334
1853,-25.6,-516.2666666666667,-238.93333333333334
1854,-29.866666666666667,-516.2666666666667,-232.53333333333333
1855,-21.333333333333332,-516.2666666666667,-232.53333333333333
1856,-14.933333333333334,-509.8666666666667,-219.73333333333332
1857,-17.066666666666666,-516.2666666666667,-232.53333333333333
1858,-17.066666666666666,-512.0,-228.26666666666665
1859,-17.066666666666666,-505.59999999999997,-234.66666666666666
1860,-17.066666666666666,-505.59999999999997,-245.33333333333334
1861,-17.066666666666666,-499.2,-236.79999999999998
1862,-10.666666666666666,-494.93333333333334,-232.53333333333333
1863,-14.933333333333334,-490.6666666666667,-232.53333333333333
1864,-14.933333333333334,-484.26666666666665,-228.26666666666665
1865,-10.666666666666666,-480.0,-221.86666666666667
1866,-6.4,-473.59999999999997,-206.93333333333334
1867,-8.533333333333333,-469.3333333333333,-211.2
1868,4.266666666666667,-462.93333333333334,-202.66666666666666
1869,-6.4,-448.0,-185.6
1870,0.0,-448.0,-185.6
1871,-4.266666666666667,-441.59999999999997,-172.8
1872,17.066666666666666,-439.46666666666664,-189.86666666666667
1873,12.8,-433.06666666666666,-187.73333333333332
1874,23.466666666666665,-433.06666666666666,-187.73333333333332
1875,21.333333333333332,-430.93333333333334,-187.73333333333332
1876,17.066666666666666,-422.4,-194.13333333333333
1877,17.066666666666666,-430.93333333333334,-181.33333333333334
1878,4.266666666666667,-424.5333333333333,-187.73333333333332
1879,-4.266666666666667,-430.93333333333334,-192.0
1880,-4.266666666666667,-437.3333333333333,-192.0
1881,-14.933333333333334,-445.8666666666667,-198.4
1882,-12.8,-441.59999999999997,-179.2
1883,-14.933333333333334,-458.6666666666667,-194.13333333333333
1884,-17.066666666666666,-458.6666666666667,-192.0
1885,-12.8,-465.06666666666666,-192.0
1886,-17.066666666666666,-465.06666666666666,-198.4
1887,-14.933333333333334,-471.46666666666664,-185.6
1888,-19.2,-465.06666666666666,-187.73333333333332
1889,-19.2,-467.2,-183.46666666666667
1890,-25.6,-477.8666666666667,-174.93333333333334
1891,-32.0,-473.59999999999997,-185.6
1892,-27.733333333333334,-475.73333333333335,-174.93333333333334
1893,-25.6,-480.0,-183.46666666666667
1894,-36.266666666666666,-488.5333333333333,-166.4
1895,-38.4,-492.8,-168.53333333333333
1896,-42.666666666666664,-505.59999999999997,-181.33333333333334
1897,-49.06666666666666,-509.8666666666667,-181.33333333333334
1898,-55.46666666666667,-505.59999999999997,-179.2
1899,-53.333333333333336,-518.4,-196.26666666666665
1900,-49.06666666666666,-524.8,-198.4
1901,-59.733333333333334,-526.9333333333333,-194.13333333333333
1902,-70.4,-518.4,-189.86666666666667
1903,-64.0,-531.2,-174.93333333333334
1904,-68.26666666666667,-533.3333333333334,-183.46666666666667
1905,-59.733333333333334,-535.4666666666667,-172.8
1906,-57.6,-539.7333333333333,-172.8
1907,-49.06666666666666,-544.0,-170.66666666666666
1908,-49.06666666666666,-544.0,-170.66666666666666
1909,-36.266666666666666,-546.1333333333333,-174.93333333333334
1910,-36.266666666666666,-544.0,-168.53333333333333
1911,-32.0,-546.1333333333333,-153.6
1912,-21.333333333333332,-546.1333333333333,-177.06666666666666
1913,-21.333333333333332,-546.1333333333333,-185.6
1914,-21.333333333333332,-548.2666666666667,-187.73333333333332
1915,-27.733333333333334,-546.1333333333333,-172.8
1916,-14.933333333333334,-548.2666666666667,-179.2
1917,-21.333333333333332,-552.5333333333333,-179.2
1918,-14.933333333333334,-546.1333333333333,-185.6
1919,-23.466666666666665,-548.2666666666667,-179.2
1920,-21.333333333333332,-550.4,-179.2
1921,-12.8,-554.6666666666666,-181.33333333333334
1922,-21.333333333333332,-554.6666666666666,-168.53333333333333
1923,-21.333333333333332,-552.5333333333333,-170.66666666666666
1924,-10.666666666666666,-552.5333333333333,-160.0
1925,-17.066666666666666,-548.2666666666667,-157.86666666666667
1926,-8.533333333333333,-550.4,-160.0
1927,-6.4,-552.5333333333333,-151.46666666666667
1928,0.0,-550.4,-147.2
1929,0.0,-544.0,-149.33333333333334
1930,-2.1333333333333333,-539.7333333333333,-147.2
1931,4.266666666666667,-544.0,-142.93333333333334
1932,10.666666666666666,-541.8666666666667,-145.06666666666666
1933,4.266666666666667,-541.8666666666667,-140.8
1934,14.933333333333334,-533.3333333333334,-142.93333333333334
1935,8.533333333333333,-531.2,-136.53333333333333
1936,19.2,-533.3333333333334,-162.13333333333333
1937,14.933333333333334,-522.6666666666666,-123.73333333333333
1938,17.066666666666666,-520.5333333333333,-125.86666666666666
1939,21.333333333333332,-522.6666666666666,-125.86666666666666
1940,25.6,-520.5333333333333,-115.2
1941,34.13333333333333,-522.6666666666666,-119.46666666666667
1942,38.4,-518.4,-117.33333333333333
1943,34.13333333333333,-520.5333333333333,-106.66666666666667
1944,44.8,-520.5333333333333,-113.06666666666666
1945,40.53333333333333,-518.4,-100.26666666666667
1946,49.06666666666666,-520.5333333333333,-113.06666666666666
1947,61.86666666666667,-512.0,-102.4
1948,51.2,-516.2666666666667,-110.93333333333334
1949,61.86666666666667,-512.0,-110.93333333333334
1950,61.86666666666667,-518.4,-106.66666666666667
1951,70.4,-518.4,-102.4
1952,74.66666666666667,-518.4,-104.53333333333333
1953,76.8,-522.6666666666666,-102.4
1954,68.26666666666667,-514.1333333333333,-106.66666666666667
1955,74.66666666666667,-522.6666666666666,-104.53333333333333
1956,74.66666666666667,-522.6666666666666,-106.66666666666667
1957,76.8,-518.4,-113.06666666666666
1958,78.93333333333334,-520.5333333333333,-102.4
1959,72.53333333333333,-524.8,-102.4
1960,74.66666666666667,-526.9333333333333,-108.8
1961,72.53333333333333,-529.0666666666666,-104.53333333333333
1962,74.66666666666667,-533.3333333333334,-104.53333333333333
1963,74.66666666666667,-535.4666666666667,-104.53333333333333
1964,64.0,-531.2,-102.4
1965,61.86666666666667,-535.4666666666667,-98.13333333333333
1966,64.0,-531.2,-96.0
1967,53.333333333333336,-535.4666666666667,-93.86666666666666
1968,57.6,-535.4666666666667,-98.13333333333333
1969,53.333333333333336,-505.59999999999997,-81.06666666666666
1970,55.46666666666667,-520.5333333333333,-98.13333333333333
1971,64.0,-524.8,-91.73333333333333
1972,53.333333333333336,-516.2666666666667,-89.6
1973,57.6,-518.4,-91.73333333333333
1974,57.6,-522.6666666666666,-98.13333333333333
1975,57.6,-520.5333333333333,-100.26666666666667
1976,61.86666666666667,-522.6666666666666,-91.73333333333333
1977,57.6,-520.5333333333333,-91.73333333333333
1978,57.6,-524.8,-102.4
1979,57.6,-520.5333333333333,-104.53333333333333
1980,61.86666666666667,-522.6666666666666,-100.26666666666667
1981,55.46666666666667,-520.5333333333333,-108.8
1982,57.6,-529.0666666666666,-102.4
1983,55.46666666666667,-524.8,-106.66666666666667
1984,55.46666666666667,-529.0666666666666,-100.26666666666667
1985,53.333333333333336,-535.4666666666667,-104.53333333333333
1986,55.46666666666667,-535.4666666666667,-100.26666666666667
1987,51.2,-541.8666666666667,-91.73333333333333
1988,49.06666666666666,-546.1333333333333,-83.2
1989,44.8,-552.5333333333333,-93.86666666666666
1990,49.06666666666666,-554.6666666666666,-98.13333333333333
1991,51.2,-569.6,-102.4
1992,49.06666666666666,-569.6,-123.73333333333333
1993,61.86666666666667,-573.8666666666667,-162.13333333333333
1994,59.733333333333334,-584.5333333333333,-185.6
1995,66.13333333333333,-590.9333333333333,-204.8
1996,72.53333333333333,-610.1333333333333,-213.33333333333334
1997,68.26666666666667,-631.4666666666667,-209.06666666666666
1998,68.26666666666667,-644.2666666666667,-198.4
1999,68.26666666666667,-650.6666666666666,-194.13333333333333
2000,68.26666666666667,-665.6,-170.66666666666666
2001,32.0,-676.2666666666667,-162.13333333333333
2002,34.13333333333333,-680.5333333333333,-140.8
2003,32.0,-689.0666666666666,-123.73333333333333
2004,42.666666666666664,-691.2,-119.46666666666667
2005,59.733333333333334,-708.2666666666667,-102.4
2006,66.13333333333333,-704.0,-100.26666666666667
2007,70.4,-708.2666666666667,-108.8
2008,61.86666666666667,-706.1333333333333,-125.86666666666666
2009,53.333333333333336,-695.4666666666667,-121.6
2010,42.666666666666664,-684.8,-151.46666666666667
2011,38.4,-663.4666666666667,-166.4
2012,57.6,-640.0,-168.53333333333333
2013,78.93333333333334,-627.2,-196.26666666666665
2014,98.13333333333333,-622.9333333333333,-194.13333333333333
2015,113.06666666666666,-612.2666666666667,-189.86666666666667
2016,128.0,-618.6666666666666,-192.0
2017,142.93333333333334,-618.6666666666666,-181.33333333333334
2018,149.33333333333334,-620.8,-174.93333333333334
2019,164.26666666666665,-625.0666666666666,-179.2
2020,172.8,-633.6,-183.46666666666667
2021,172.8,-625.0666666666666,-196.26666666666665
2022,166.4,-627.2,-185.6
2023,177.06666666666666,-633.6,-198.4
2024,166.4,-616.5333333333333,-206.93333333333334
2025,153.6,-612.2666666666667,-206.93333333333334
2026,149.33333333333334,-612.2666666666667,-209.06666666666666
2027,136.53333333333333,-608.0,-196.26666666666665
2028,132.26666666666665,-612.2666666666667,-198.4
2029,119.46666666666667,-610.1333333333333,-194.13333333333333
2030,117.33333333333333,-620.8,-192.0
2031,108.8,-627.2,-189.86666666666667
2032,100.26666666666667,-631.4666666666667,-189.86666666666667
2033,102.4,-642.1333333333333,-204.8
2034,104.53333333333333,-644.2666666666667,-196.26666666666665
2035,98.13333333333333,-646.4,-194.13333333333333
2036,100.26666666666667,-648.5333333333333,-192.0
2037,106.66666666666667,-657.0666666666666,-204.8
2038,102.4,-667.7333333333333,-194.13333333333333
2039,100.26666666666667,-674.1333333333333,-204.8
2040,96.0,-676.2666666666667,-209.06666666666666
2041,89.6,-674.1333333333333,-204.8
2042,91.73333333333333,-674.1333333333333,-213.33333333333334
2043,87.46666666666667,-667.7333333333333,-217.6
2044,74.66666666666667,-654.9333333333333,-232.53333333333333
2045,66.13333333333333,-646.4,-232.53333333333333
2046,59.733333333333334,-625.0666666666666,-232.53333333333333
2047,40.53333333333333,-601.6,-228.26666666666665
2048,27.733333333333334,-573.8666666666667,-221.86666666666667
2049,25.6,-554.6666666666666,-219.73333333333332
2050,17.066666666666666,-533.3333333333334,-217.6
2051,10.666666666666666,-514.1333333333333,-209.06666666666666
2052,4.266666666666667,-501.3333333333333,-221.86666666666667
2053,10.666666666666666,-497.06666666666666,-211.2
2054,8.533333333333333,-480.0,-204.8
2055,6.4,-501.3333333333333,-215.46666666666667
2056,21.333333333333332,-492.8,-221.86666666666667
2057,21.333333333333332,-505.59999999999997,-215.46666666666667
2058,27.733333333333334,-509.8666666666667,-219.73333333333332
2059,29.866666666666667,-520.5333333333333,-215.46666666666667
2060,34.13333333333333,-526.9333333333333,-202.66666666666666
2061,27.733333333333334,-533.3333333333334,-192.0
2062,23.466666666666665,-539.7333333333333,-198.4
2063,34.13333333333333,-544.0,-183.46666666666667
2064,25.6,-546.1333333333333,-179.2
2065,27.733333333333334,-550.4,-174.93333333333334
2066,19.2,-548.2666666666667,-185.6
2067,21.333333333333332,-552.5333333333333,-179.2
2068,27.733333333333334,-567.4666666666667,-189.86666666666667
2069,29.866666666666667,-567.4666666666667,-189.86666666666667
2070,42.666666666666664,-573.8666666666667,-194.13333333333333
2071,36.266666666666666,-571.7333333333333,-192.0
2072,49.06666666666666,-571.7333333333333,-187.73333333333332
2073,51.2,-567.4666666666667,-189.86666666666667
2074,44.8,-565.3333333333334,-183.46666666666667
2075,53.333333333333336,-548.2666666666667,-177.06666666666666
2076,61.86666666666667,-541.8666666666667,-170.66666666666666
2077,57.6,-529.0666666666666,-181.33333333333334
2078,68.26666666666667,-529.0666666666666,-174.93333333333334
2079,61.86666666666667,-512.0,-181.33333333333334
2080,53.333333333333336,-497.06666666666666,-168.53333333333333
2081,53.333333333333336,-482.1333333333333,-177.06666666666666
2082,40.53333333333333,-471.46666666666664,-181.33333333333334
2083,32.0,-460.8,-187.73333333333332
2084,29.866666666666667,-448.0,-170.66666666666666
2085,23.466666666666665,-441.59999999999997,-174.93333333333334
2086,14.933333333333334,-428.8,-172.8
2087,12.8,-426.6666666666667,-164.26666666666665
2088,19.2,-422.4,-168.53333333333333
2089,12.8,-409.6,-179.2
2090,10.666666666666666,-407.46666666666664,-172.8
2091,21.333333333333332,-407.46666666666664,-168.53333333333333
2092,19.2,-394.6666666666667,-170.66666666666666
2093,21.333333333333332,-392.5333333333333,-166.4
2094,27.733333333333334,-392.5333333333333,-160.0
2095,29.866666666666667,-381.8666666666667,-164.26666666666665
2096,32.0,-394.6666666666667,-160.0
2097,40.53333333333333,-398.93333333333334,-162.13333333333333
2098,34.13333333333333,-392.5333333333333,-149.33333333333334
2099,38.4,-379.73333333333335,-134.4
2100,32.0,-407.46666666666664,-145.06666666666666
2101,34.13333333333333,-407.46666666666664,-149.33333333333334
2102,27.733333333333334,-411.73333333333335,-136.53333333333333
2103,29.866666666666667,-424.5333333333333,-142.93333333333334
2104,42.666666666666664,-428.8,-136.53333333333333
2105,36.266666666666666,-443.73333333333335,-142.93333333333334
2106,34.13333333333333,-443.73333333333335,-136.53333333333333
2107,44.8,-458.6666666666667,-119.46666666666667
2108,49.06666666666666,-462.93333333333334,-128.0
2109,44.8,-462.93333333333334,-119.46666666666667
2110,44.8,-473.59999999999997,-123.73333333333333
2111,49.06666666666666,-486.4,-125.86666666666666
2112,38.4,-494.93333333333334,-123.73333333333333
2113,44.8,-490.6666666666667,-128.0
2114,38.4,-490.6666666666667,-128.0
2115,40.53333333333333,-499.2,-142.93333333333334
2116,38.4,-497.06666666666666,-134.4
2117,32.0,-503.46666666666664,-134.4
2118,32.0,-494.93333333333334,-130.13333333333333
2119,29.866666666666667,-503.46666666666664,-132.26666666666665
2120,12.8,-501.3333333333333,-138.66666666666666
2121,21.333333333333332,-503.46666666666664,-136.53333333333333
2122,25.6,-509.8666666666667,-142.93333333333334
2123,21.333333333333332,-516.2666666666667,-147.2
2124,14.933333333333334,-516.2666666666667,-157.86666666666667
2125,8.533333333333333,-526.9333333333333,-142.93333333333334
2126,4.266666666666667,-535.4666666666667,-145.06666666666666
2127,-4.266666666666667,-539.7333333333333,-140.8
2128,-10.666666666666666,-544.0,-125.86666666666666
2129,-21.333333333333332,-552.5333333333333,-125.86666666666666
2130,-25.6,-563.2,-117.33333333333333
2131,-36.266666666666666,-529.0666666666666,-130.13333333333333
2132,-53.333333333333336,-582.4,-115.2
2133,-68.26666666666667,-586.6666666666666,-108.8
2134,-76.8,-595.2,-123.73333333333333
2135,-87.46666666666667,-595.2,-108.8
2136,-93.86666666666666,-601.6,-113.06666666666666
2137,-96.0,-608.0,-117.33333333333333
2138,-100.26666666666667,-601.6,-115.2
2139,-104.53333333333333,-608.0,-123.73333333333333
2140,-91.73333333333333,-610.1333333333333,-123.73333333333333
2141,-83.2,-603.7333333333333,-134.4
2142,-76.8,-605.8666666666667,-132.26666666666665
2143,-64.0,-605.8666666666667,-121.6
2144,-55.46666666666667,-599.4666666666667,-119.46666666666667
2145,-49.06666666666666,-603.7333333333333,-121.6
2146,-49.06666666666666,-593.0666666666666,-123.73333333333333
2147,-34.13333333333333,-584.5333333333333,-119.46666666666667
2148,-32.0,-586.6666666666666,-121.6
2149,-32.0,-567.4666666666667,-106.66666666666667
2150,-29.866666666666667,-569.6,-119.46666666666667
2151,-29.866666666666667,-565.3333333333334,-108.8
2152,-27.733333333333334,-569.6,-108.8
2153,-21.333333333333332,-546.1333333333333,-110.93333333333334
2154,-23.466666666666665,-541.8666666666667,-98.13333333333333
2155,-21.333333333333332,-533.3333333333334,-98.13333333333333
2156,-19.2,-529.0666666666666,-98.13333333333333
2157,-14.933333333333334,-522.6666666666666,-87.46666666666667
2158,-12.8,-526.9333333333333,-76.8
2159,-10.666666666666666,-520.5333333333333,-81.06666666666666
2160,-6.4,-520.5333333333333,-76.8
2161,-6.4,-514.1333333333333,-85.33333333333333
2162,-4.266666666666667,-505.59999999999997,-91.73333333333333
2163,-8.533333333333333,-512.0,-68.26666666666667
2164,2.1333333333333333,-503.46666666666664,-74.66666666666667
2165,2.1333333333333333,-497.06666666666666,-76.8
2166,-2.1333333333333333,-501.3333333333333,-74.66666666666667
2167,-6.4,-497.06666666666666,-68.26666666666667
2168,-8.533333333333333,-494.93333333333334,-68.26666666666667
2169,-2.1333333333333333,-497.06666666666666,-70.4
2170,-12.8,-499.2,-68.26666666666667
2171,-14.933333333333334,-494.93333333333334,-72.53333333333333
2172,-14.933333333333334,-497.06666666666666,-66.13333333333333
2173,-25.6,-497.06666666666666,-70.4
2174,-29.866666666666667,-497.06666666666666,-61.86666666666667
2175,-34.13333333333333,-503.46666666666664,-66.13333333333333
2176,-34.13333333333333,-501.3333333333333,-68.26666666666667
2177,-38.4,-505.59999999999997,-57.6
2178,-57.6,-507.73333333333335,-57.6
2179,-59.733333333333334,-520.5333333333333,-59.733333333333334
2180,-57.6,-522.6666666666666,-49.06666666666666
2181,-68.26666666666667,-533.3333333333334,-53.333333333333336
2182,-74.66666666666667,-524.8,-72.53333333333333
2183,-66.13333333333333,-529.0666666666666,-57.6
2184,-66.13333333333333,-541.8666666666667,-59.733333333333334
2185,-55.46666666666667,-531.2,-55.46666666666667
2186,-53.333333333333336,-535.4666666666667,-61.86666666666667
2187,-46.93333333333333,-537.6,-61.86666666666667
2188,-46.93333333333333,-529.0666666666666,-61.86666666666667
2189,-29.866666666666667,-529.0666666666666,-68.26666666666667
2190,-21.333333333333332,-520.5333333333333,-70.4
2191,-17.066666666666666,-516.2666666666667,-72.53333333333333
2192,-21.333333333333332,-512.0,-83.2
2193,-36.266666666666666,-514.1333333333333,-85.33333333333333
2194,-51.2,-512.0,-70.4
2195,-59.733333333333334,-503.46666666666664,-68.26666666666667
2196,-38.4,-501.3333333333333,-61.86666666666667
2197,-34.13333333333333,-501.3333333333333,-68.26666666666667
2198,-25.6,-501.3333333333333,-64.0
2199,-23.466666666666665,-505.59999999999997,-68.26666666666667
2200,-12.8,-512.0,-68.26666666666667
2201,-8.533333333333333,-524.8,-59.733333333333334
2202,-4.266666666666667,-537.6,-46.93333333333333
2203,-2.1333333333333333,-554.6666666666666,-40.53333333333333
2204,8.533333333333333,-558.9333333333333,-36.266666666666666
2205,14.933333333333334,-580.2666666666667,-38.4
2206,27.733333333333334,-569.6,-42.666666666666664
2207,25.6,-584.5333333333333,-42.666666666666664
2208,34.13333333333333,-578.1333333333333,-57.6
2209,36.266666666666666,-578.1333333333333,-74.66666666666667
2210,38.4,-578.1333333333333,-89.6
2211,36.266666666666666,-569.6,-106.66666666666667
2212,27.733333333333334,-571.7333333333333,-130.13333333333333
2213,10.666666666666666,-573.8666666666667,-151.46666666666667
2214,-4.266666666666667,-576.0,-170.66666666666666
2215,-19.2,-580.2666666666667,-198.4
2216,-25.6,-582.4,-198.4
2217,-53.333333333333336,-605.8666666666667,-198.4
2218,-59.733333333333334,-622.9333333333333,-177.06666666666666
2219,-83.2,-640.0,-151.46666666666667
2220,-91.73333333333333,-663.4666666666667,-125.86666666666666
2221,-102.4,-684.8,-102.4
2222,-104.53333333333333,-704.0,-74.66666666666667
2223,-108.8,-721.0666666666666,-64.0
2224,-121.6,-725.3333333333334,-57.6
2225,-121.6,-740.2666666666667,-53.333333333333336
2226,-119.46666666666667,-748.8,-68.26666666666667
2227,-113.06666666666666,-748.8,-89.6
2228,-102.4,-748.8,-119.46666666666667
2229,-100.26666666666667,-759.4666666666667,-140.8
2230,-85.33333333333333,-757.3333333333334,-166.4
2231,-81.06666666666666,-759.4666666666667,-181.33333333333334
2232,-85.33333333333333,-748.8,-204.8
2233,-98.13333333333333,-748.8,-192.0
2234,-119.46666666666667,-744.5333333333333,-189.86666666666667
2235,-132.26666666666665,-746.6666666666666,-174.93333333333334
2236,-130.13333333333333,-740.2666666666667,-170.66666666666666
2237,-128.0,-740.2666666666667,-187.73333333333332
2238,-138.66666666666666,-731.7333333333333,-183.46666666666667
2239,-123.73333333333333,-736.0,-194.13333333333333
2240,-113.06666666666666,-729.6,-194.13333333333333
2241,-119.46666666666667,-716.8,-202.66666666666666
2242,-119.46666666666667,-704.0,-204.8
2243,-108.8,-693.3333333333334,-192.0
2244,-100.26666666666667,-691.2,-194.13333333333333
2245,-74.66666666666667,-682.6666666666666,-189.86666666666667
2246,-59.733333333333334,-680.5333333333333,-183.46666666666667
2247,-55.46666666666667,-669.8666666666667,-183.46666666666667
2248,-38.4,-667.7333333333333,-179.2
2249,-40.53333333333333,-663.4666666666667,-179.2
2250,-38.4,-652.8,-168.53333333333333
2251,-34.13333333333333,-640.0,-170.66666666666666
2252,-34.13333333333333,-627.2,-177.06666666666666
2253,-34.13333333333333,-618.6666666666666,-174.93333333333334
2254,-34.13333333333333,-620.8,-177.06666666666666
2255,-29.866666666666667,-612.2666666666667,-177.06666666666666
2256,-34.13333333333333,-605.8666666666667,-174.93333333333334
2257,-34.13333333333333,-597.3333333333334,-168.53333333333333
2258,-34.13333333333333,-588.8,-164.26666666666665
2259,-44.8,-593.0666666666666,-151.46666666666667
2260,-44.8,-590.9333333333333,-149.33333333333334
2261,-53.333333333333336,-567.4666666666667,-132.26666666666665
2262,-57.6,-558.9333333333333,-130.13333333333333
2263,-59.733333333333334,-552.5333333333333,-134.4
2264,-68.26666666666667,-535.4666666666667,-138.66666666666666
2265,-72.53333333333333,-526.9333333333333,-140.8
2266,-72.53333333333333,-516.2666666666667,-151.46666666666667
2267,-78.93333333333334,-499.2,-162.13333333333333
2268,-89.6,-469.3333333333333,-170.66666666666666
2269,-89.6,-467.2,-183.46666666666667
2270,-91.73333333333333,-445.8666666666667,-185.6
2271,-85.33333333333333,-437.3333333333333,-200.53333333333333
2272,-78.93333333333334,-424.5333333333333,-211.2
2273,-76.8,-416.0,-209.06666666666666
2274,-81.06666666666666,-416.0,-219.73333333333332
2275,-72.53333333333333,-409.6,-219.73333333333332
2276,-68.26666666666667,-413.8666666666667,-215.46666666666667
2277,-61.86666666666667,-426.6666666666667,-213.33333333333334
2278,-66.13333333333333,-428.8,-209.06666666666666
2279,-61.86666666666667,-448.0,-221.86666666666667
2280,-57.6,-458.6666666666667,-219.73333333333332
2281,-57.6,-484.26666666666665,-230.4
2282,-59.733333333333334,-488.5333333333333,-224.0
2283,-59.733333333333334,-501.3333333333333,-226.13333333333333
2284,-64.0,-507.73333333333335,-228.26666666666665
2285,-70.4,-518.4,-221.86666666666667
2286,-72.53333333333333,-529.0666666666666,-224.0
2287,-68.26666666666667,-526.9333333333333,-217.6
2288,-78.93333333333334,-526.9333333333333,-226.13333333333333
2289,-83.2,-524.8,-221.86666666666667
2290,-76.8,-522.6666666666666,-228.26666666666665
2291,-87.46666666666667,-501.3333333333333,-224.0
2292,-83.2,-516.2666666666667,-230.4
2293,-74.66666666666667,-509.8666666666667,-221.86666666666667
2294,-83.2,-509.8666666666667,-230.4
2295,-76.8,-494.93333333333334,-232.53333333333333
2296,-72.53333333333333,-494.93333333333334,-232.53333333333333
2297,-72.53333333333333,-492.8,-230.4
2298,-76.8,-480.0,-228.26666666666665
2299,-78.93333333333334,-482.1333333333333,-224.0
2300,-70.4,-480.0,-226.13333333333333
2301,-70.4,-480.0,-224.0
2302,-68.26666666666667,-473.59999999999997,-221.86666666666667
2303,-68.26666666666667,-471.46666666666664,-204.8
2304,-64.0,-471.46666666666664,-206.93333333333334
2305,-68.26666666666667,-460.8,-196.26666666666665
2306,-64.0,-452.26666666666665,-198.4
2307,-61.86666666666667,-448.0,-192.0
2308,-53.333333333333336,-456.5333333333333,-194.13333333333333
2309,-53.333333333333336,-448.0,-204.8
2310,-51.2,-433.06666666666666,-198.4
2311,-44.8,-437.3333333333333,-200.53333333333333
2312,-34.13333333333333,-435.2,-206.93333333333334
2313,-44.8,-443.73333333333335,-204.8
2314,-38.4,-445.8666666666667,-206.93333333333334
2315,-32.0,-452.26666666666665,-213.33333333333334
2316,-32.0,-458.6666666666667,-196.26666666666665
2317,-25.6,-471.46666666666664,-192.0
2318,-27.733333333333334,-480.0,-183.46666666666667
2319,-29.866666666666667,-486.4,-189.86666666666667
2320,-21.333333333333332,-497.06666666666666,-177.06666666666666
2321,-17.066666666666666,-507.73333333333335,-172.8
2322,-14.933333333333334,-522.6666666666666,-168.53333333333333
2323,-27.733333333333334,-522.6666666666666,-155.73333333333332
2324,-21.333333333333332,-533.3333333333334,-166.4
2325,-19.2,-541.8666666666667,-181.33333333333334
2326,-32.0,-535.4666666666667,-164.26666666666665
2327,-29.866666666666667,-548.2666666666667,-166.4
2328,-34.13333333333333,-544.0,-172.8
2329,-34.13333333333333,-535.4666666666667,-181.33333333333334
2330,-32.0,-539.7333333333333,-179.2
2331,-38.4,-533.3333333333334,-174.93333333333334
2332,-38.4,-533.3333333333334,-177.06666666666666
2333,-36.266666666666666,-531.2,-174.93333333333334
2334,-49.06666666666666,-526.9333333333333,-166.4
2335,-40.53333333333333,-507.73333333333335,-160.0
2336,-44.8,-514.1333333333333,-160.0
2337,-44.8,-512.0,-164.26666666666665
2338,-53.333333333333336,-503.46666666666664,-155.73333333333332
2339,-51.2,-503.46666666666664,-160.0
2340,-55.46666666666667,-503.46666666666664,-157.86666666666667
2341,-64.0,-499.2,-162.13333333333333
2342,-68.26666666666667,-497.06666666666666,-166.4
2343,-68.26666666666667,-501.3333333333333,-153.6
2344,-72.53333333333333,-494.93333333333334,-151.46666666666667
2345,-68.26666666666667,-507.73333333333335,-162.13333333333333
2346,-70.4,-499.2,-147.2
2347,-81.06666666666666,-503.46666666666664,-166.4
2348,-78.93333333333334,-507.73333333333335,-157.86666666666667
2349,-81.06666666666666,-507.73333333333335,-160.0
2350,-83.2,-507.73333333333335,-168.53333333333333
2351,-81.06666666666666,-514.1333333333333,-170.66666666666666
2352,-78.93333333333334,-518.4,-177.06666666666666
2353,-85.33333333333333,-512.0,-174.93333333333334
2354,-70.4,-526.9333333333333,-181.33333333333334
2355,-76.8,-518.4,-177.06666666666666
2356,-72.53333333333333,-526.9333333333333,-177.06666666666666
2357,-70.4,-533.3333333333334,-168.53333333333333
2358,-68.26666666666667,-533.3333333333334,-177.06666666666666
2359,-70.4,-537.6,-177.06666666666666
2360,-66.13333333333333,-533.3333333333334,-166.4
2361,-61.86666666666667,-541.8666666666667,-168.53333333333333
2362,-59.733333333333334,-541.8666666666667,-153.6
2363,-51.2,-533.3333333333334,-166.4
2364,-46.93333333333333,-541.8666666666667,-164.26666666666665
2365,-40.53333333333333,-526.9333333333333,-162.13333333333333
2366,-36.266666666666666,-537.6,-162.13333333333333
2367,-32.0,-524.8,-166.4
2368,-36.266666666666666,-526.9333333333333,-166.4
2369,-32.0,-520.5333333333333,-160.0
2370,-29.866666666666667,-522.6666666666666,-164.26666666666665
2371,-32.0,-522.6666666666666,-151.46666666666667
2372,-29.866666666666667,-520.5333333333333,-157.86666666666667
2373,-32.0,-522.6666666666666,-160.0
2374,-32.0,-514.1333333333333,-168.53333333333333
2375,-32.0,-505.59999999999997,-153.6
2376,-32.0,-509.8666666666667,-151.46666666666667
2377,-29.866666666666667,-501.3333333333333,-168.53333333333333
2378,-32.0,-505.59999999999997,-164.26666666666665
2379,-34.13333333333333,-512.0,-168.53333333333333
2380,-42.666666666666664,-512.0,-160.0
2381,-49.06666666666666,-501.3333333333333,-162.13333333333333
2382,-53.333333333333336,-505.59999999999997,-164.26666666666665
2383,-53.333333333333336,-505.59999999999997,-164.26666666666665
2384,-61.86666666666667,-509.8666666666667,-153.6
2385,-68.26666666666667,-505.59999999999997,-164.26666666666665
2386,-68.26666666666667,-509.8666666666667,-155.73333333333332
2387,-70.4,-514.1333333333333,-151.46666666666667
2388,-72.53333333333333,-509.8666666666667,-147.2
2389,-78.93333333333334,-514.1333333333333,-164.26666666666665
2390,-68.26666666666667,-522.6666666666666,-164.26666666666665
2391,-64.0,-526.9333333333333,-153.6
2392,-61.86666666666667,-522.6666666666666,-155.73333333333332
2393,-59.733333333333334,-526.9333333333333,-149.33333333333334
2394,-59.733333333333334,-537.6,-149.33333333333334
2395,-51.2,-539.7333333333333,-160.0
2396,-49.06666666666666,-541.8666666666667,-149.33333333333334
2397,-51.2,-546.1333333333333,-164.26666666666665
2398,-51.2,-548.2666666666667,-160.0
2399,-36.266666666666666,-546.1333333333333,-147.2
2400,-42.666666666666664,-546.1333333333333,-155.73333333333332
2401,-34.13333333333333,-548.2666666666667,-157.86666666666667
2402,-34.13333333333333,-544.0,-153.6
2403,-34.13333333333333,-544.0,-168.53333333333333
2404,-34.13333333333333,-548.2666666666667,-168.53333333333333
2405,-38.4,-546.1333333333333,-170.66666666666666
2406,-34.13333333333333,-548.2666666666667,-172.8
2407,-32.0,-546.1333333333333,-164.26666666666665
2408,-36.266666666666666,-552.5333333333333,-183.46666666666667
2409,-32.0,-548.2666666666667,-174.93333333333334
2410,-29.866666666666667,-548.2666666666667,-160.0
2411,-34.13333333333333,-546.1333333333333,-181.33333333333334
2412,-32.0,-550.4,-172.8
2413,-32.0,-554.6666666666666,-179.2
2414,-32.0,-554.6666666666666,-183.46666666666667
2415,-29.866666666666667,-556.8,-189.86666666666667
2416,-32.0,-554.6666666666666,-196.26666666666665
2417,-29.866666666666667,-565.3333333333334,-204.8
2418,-32.0,-561.0666666666666,-204.8
2419,-21.333333333333332,-571.7333333333333,-206.93333333333334
2420,-21.333333333333332,-565.3333333333334,-198.4
2421,-14.933333333333334,-565.3333333333334,-181.33333333333334
2422,-8.533333333333333,-571.7333333333333,-181.33333333333334
2423,-4.266666666666667,-571.7333333333333,-162.13333333333333
2424,2.1333333333333333,-573.8666666666667,-155.73333333333332
2425,4.266666666666667,-580.2666666666667,-134.4
2426,14.933333333333334,-576.0,-128.0
2427,21.333333333333332,-580.2666666666667,-134.4
2428,29.866666666666667,-576.0,-136.53333333333333
2429,32.0,-573.8666666666667,-134.4
2430,32.0,-563.2,-149.33333333333334
2431,23.466666666666665,-554.6666666666666,-151.46666666666667
2432,25.6,-556.8,-174.93333333333334
2433,25.6,-550.4,-172.8
2434,23.466666666666665,-548.2666666666667,-172.8
2435,32.0,-539.7333333333333,-166.4
2436,36.266666666666666,-541.8666666666667,-170.66666666666666
2437,44.8,-524.8,-155.73333333333332
2438,51.2,-539.7333333333333,-162.13333333333333
2439,57.6,-535.4666666666667,-157.86666666666667
2440,68.26666666666667,-533.3333333333334,-157.86666666666667
2441,61.86666666666667,-563.2,-142.93333333333334
2442,68.26666666666667,-546.1333333333333,-157.86666666666667
2443,68.26666666666667,-552.5333333333333,-160.0
2444,64.0,-563.2,-162.13333333333333
2445,61.86666666666667,-569.6,-166.4
2446,53.333333333333336,-580.2666666666667,-162.13333333333333
2447,29.866666666666667,-576.0,-168.53333333333333
2448,19.2,-588.8,-166.4
2449,6.4,-582.4,-177.06666666666666
2450,-2.1333333333333333,-576.0,-196.26666666666665
2451,-27.733333333333334,-563.2,-192.0
2452,-29.866666666666667,-558.9333333333333,-181.33333333333334
2453,-42.666666666666664,-569.6,-185.6
2454,-59.733333333333334,-561.0666666666666,-179.2
2455,-74.66666666666667,-561.0666666666666,-168.53333333333333
2456,-89.6,-565.3333333333334,-170.66666666666666
2457,-100.26666666666667,-558.9333333333333,-164.26666666666665
2458,-106.66666666666667,-561.0666666666666,-164.26666666666665
2459,-117.33333333333333,-546.1333333333333,-151.46666666666667
2460,-119.46666666666667,-548.2666666666667,-157.86666666666667
2461,-130.13333333333333,-529.0666666666666,-140.8
2462,-140.8,-518.4,-164.26666666666665
2463,-130.13333333333333,-512.0,-155.73333333333332
2464,-117.33333333333333,-501.3333333333333,-153.6
2465,-104.53333333333333,-486.4,-168.53333333333333
2466,-98.13333333333333,-482.1333333333333,-166.4
2467,-83.2,-480.0,-168.53333333333333
2468,-74.66666666666667,-486.4,-162.13333333333333
2469,-74.66666666666667,-488.5333333333333,-153.6
2470,-70.4,-501.3333333333333,-140.8
2471,-64.0,-512.0,-125.86666666666666
2472,-55.46666666666667,-524.8,-123.73333333333333
2473,-76.8,-529.0666666666666,-108.8
2474,-51.2,-539.7333333333333,-119.46666666666667
2475,-44.8,-546.1333333333333,-108.8
2476,-42.666666666666664,-552.5333333333333,-110.93333333333334
2477,-55.46666666666667,-552.5333333333333,-110.93333333333334
2478,-53.333333333333336,-563.2,-110.93333333333334
2479,-59.733333333333334,-563.2,-115.2
2480,-68.26666666666667,-561.0666666666666,-119.46666666666667
2481,-66.13333333333333,-563.2,-113.06666666666666
2482,-57.6,-556.8,-113.06666666666666
2483,-59.733333333333334,-554.6666666666666,-119.46666666666667
2484,-55.46666666666667,-548.2666666666667,-121.6
2485,-57.6,-546.1333333333333,-119.46666666666667
2486,-55.46666666666667,-544.0,-115.2
2487,-59.733333333333334,-541.8666666666667,-125.86666666666666
2488,-59.733333333333334,-535.4666666666667,-119.46666666666667
2489,-51.2,-537.6,-119.46666666666667
2490,-44.8,-537.6,-113.06666666666666
2491,-40.53333333333333,-526.9333333333333,-121.6
2492,-49.06666666666666,-522.6666666666666,-113.06666666666666
2493,-53.333333333333336,-529.0666666666666,-100.26666666666667
2494,-49.06666666666666,-520.5333333333333,-104.53333333333333
2495,-34.13333333333333,-541.8666666666667,-93.86666666666666
2496,-42.666666666666664,-544.0,-81.06666666666666
2497,-57.6,-546.1333333333333,-81.06666666666666
2498,-72.53333333333333,-550.4,-87.46666666666667
2499,-87.46666666666667,-558.9333333333333,-93.86666666666666
2500,-91.73333333333333,-563.2,-102.4
2501,-89.6,-567.4666666666667,-106.66666666666667
2502,-96.0,-569.6,-117.33333333333333
2503,-85.33333333333333,-569.6,-121.6
2504,-72.53333333333333,-563.2,-125.86666666666666
2505,-66.13333333333333,-569.6,-130.13333333333333
2506,-59.733333333333334,-571.7333333333333,-119.46666666666667
2507,-34.13333333333333,-567.4666666666667,-115.2
2508,-19.2,-561.0666666666666,-102.4
2509,-14.933333333333334,-550.4,-100.26666666666667
2510,-8.533333333333333,-550.4,-87.46666666666667
2511,-10.666666666666666,-546.1333333333333,-83.2
2512,-17.066666666666666,-548.2666666666667,-68.26666666666667
2513,-25.6,-544.0,-81.06666666666666
2514,-32.0,-541.8666666666667,-74.66666666666667
2515,-25.6,-546.1333333333333,-83.2
2516,-29.866666666666667,-546.1333333333333,-91.73333333333333
2517,-40.53333333333333,-548.2666666666667,-81.06666666666666
2518,-55.46666666666667,-546.1333333333333,-72.53333333333333
2519,-59.733333333333334,-550.4,-72.53333333333333
2520,-64.0,-561.0666666666666,-68.26666666666667
2521,-64.0,-569.6,-66.13333333333333
2522,-64.0,-578.1333333333333,-72.53333333333333
2523,-72.53333333333333,-584.5333333333333,-78.93333333333334
2524,-59.733333333333334,-588.8,-72.53333333333333
2525,-55.46666666666667,-582.4,-68.26666666666667
2526,-55.46666666666667,-595.2,-87.46666666666667
2527,-53.333333333333336,-578.1333333333333,-76.8
2528,-44.8,-582.4,-85.33333333333333
2529,-40.53333333333333,-567.4666666666667,-76.8
2530,-36.266666666666666,-567.4666666666667,-74.66666666666667
2531,-34.13333333333333,-563.2,-72.53333333333333
2532,-32.0,-561.0666666666666,-57.6
2533,-27.733333333333334,-552.5333333333333,-53.333333333333336
2534,-25.6,-554.6666666666666,-49.06666666666666
2535,-32.0,-561.0666666666666,-55.46666666666667
2536,-27.733333333333334,-563.2,-53.333333333333336
2537,-25.6,-565.3333333333334,-61.86666666666667
2538,-32.0,-556.8,-51.2
2539,-29.866666666666667,-567.4666666666667,-55.46666666666667
2540,-29.866666666666667,-563.2,-53.333333333333336
2541,-34.13333333333333,-563.2,-55.46666666666667
2542,-34.13333333333333,-567.4666666666667,-44.8
2543,-32.0,-565.3333333333334,-42.666666666666664
2544,-36.266666666666666,-556.8,-55.46666666666667
2545,-34.13333333333333,-552.5333333333333,-49.06666666666666
2546,-32.0,-552.5333333333333,-49.06666666666666
2547,-32.0,-550.4,-57.6
2548,-36.266666666666666,-539.7333333333333,-46.93333333333333
2549,-29.866666666666667,-541.8666666666667,-44.8
2550,-25.6,-539.7333333333333,-44.8
2551,-32.0,-535.4666666666667,-34.13333333333333
2552,-34.13333333333333,-531.2,-38.4
2553,-34.13333333333333,-531.2,-40.53333333333333
2554,-34.13333333333333,-535.4666666666667,-42.666666666666664
2555,-38.4,-531.2,-40.53333333333333
2556,-44.8,-531.2,-38.4
2557,-44.8,-533.3333333333334,-40.53333333333333
2558,-44.8,-537.6,-29.866666666666667
2559,-49.06666666666666,-541.8666666666667,-42.666666666666664
2560,-49.06666666666666,-546.1333333333333,-49.06666666666666
2561,-68.26666666666667,-548.2666666666667,-46.93333333333333
2562,-70.4,-550.4,-49.06666666666666
2563,-72.53333333333333,-550.4,-49.06666666666666
2564,-78.93333333333334,-556.8,-42.666666666666664
2565,-85.33333333333333,-558.9333333333333,-42.666666666666664
2566,-85.33333333333333,-546.1333333333333,-46.93333333333333
2567,-83.2,-548.2666666666667,-40.53333333333333
2568,-85.33333333333333,-548.2666666666667,-36.266666666666666
2569,-85.33333333333333,-554.6666666666666,-36.266666666666666
2570,-81.06666666666666,-550.4,-29.866666666666667
2571,-74.66666666666667,-556.8,-32.0
2572,-76.8,-558.9333333333333,-29.866666666666667
2573,-74.66666666666667,-558.9333333333333,-36.266666666666666
2574,-61.86666666666667,-563.2,-38.4
2575,-68.26666666666667,-565.3333333333334,-36.266666666666666
2576,-57.6,-567.4666666666667,-32.0
2577,-55.46666666666667,-563.2,-25.6
2578,-36.266666666666666,-565.3333333333334,-25.6
2579,-34.13333333333333,-578.1333333333333,-29.866666666666667
2580,-32.0,-565.3333333333334,-36.266666666666666
2581,-32.0,-550.4,-25.6
2582,-25.6,-554.6666666666666,-36.266666666666666
2583,-29.866666666666667,-550.4,-32.0
2584,-25.6,-544.0,-32.0
2585,-23.466666666666665,-541.8666666666667,-36.266666666666666
2586,-21.333333333333332,-544.0,-21.333333333333332
2587,-19.2,-537.6,-21.333333333333332
2588,-27.733333333333334,-533.3333333333334,-29.866666666666667
2589,-32.0,-539.7333333333333,-23.466666666666665
2590,-29.866666666666667,-526.9333333333333,-42.666666666666664
2591,-34.13333333333333,-541.8666666666667,-25.6
2592,-32.0,-537.6,-29.866666666666667
2593,-34.13333333333333,-541.8666666666667,-25.6
2594,-42.666666666666664,-544.0,-23.466666666666665
2595,-36.266666666666666,-546.1333333333333,-25.6
2596,-34.13333333333333,-544.0,-32.0
2597,-34.13333333333333,-544.0,-27.733333333333334
2598,-40.53333333333333,-539.7333333333333,-23.466666666666665
2599,-34.13333333333333,-546.1333333333333,-27.733333333333334
2600,-34.13333333333333,-546.1333333333333,-38.4
2601,-36.266666666666666,-546.1333333333333,-17.066666666666666
2602,-34.13333333333333,-548.2666666666667,-21.333333333333332
2603,-40.53333333333333,-544.0,-34.13333333333333
2604,-34.13333333333333,-552.5333333333333,-36.266666666666666
2605,-34.13333333333333,-548.2666666666667,-29.866666666666667
2606,-36.266666666666666,-550.4,-32.0
2607,-42.666666666666664,-541.8666666666667,-42.666666666666664
2608,-40.53333333333333,-548.2666666666667,-42.666666666666664
2609,-38.4,-548.2666666666667,-32.0
2610,-55.46666666666667,-546.1333333333333,-46.93333333333333
2611,-66.13333333333333,-565.3333333333334,-29.866666666666667
2612,-72.53333333333333,-563.2,-49.06666666666666
2613,-72.53333333333333,-582.4,-51.2
2614,-81.06666666666666,-601.6,-61.86666666666667
2615,-85.33333333333333,-614.4,-83.2
2616,-87.46666666666667,-631.4666666666667,-106.66666666666667
2617,-78.93333333333334,-648.5333333333333,-123.73333333333333
2618,-66.13333333333333,-661.3333333333334,-151.46666666666667
2619,-38.4,-659.2,-168.53333333333333
2620,-25.6,-635.7333333333333,-151.46666666666667
2621,-25.6,-614.4,-136.53333333333333
2622,-27.733333333333334,-584.5333333333333,-104.53333333333333
2623,-29.866666666666667,-571.7333333333333,-93.86666666666666
2624,-23.466666666666665,-550.4,-70.4
2625,-25.6,-533.3333333333334,-70.4
2626,-27.733333333333334,-520.5333333333333,-61.86666666666667
2627,-32.0,-514.1333333333333,-61.86666666666667
2628,-21.333333333333332,-501.3333333333333,-61.86666666666667
2629,-32.0,-501.3333333333333,-66.13333333333333
2630,-17.066666666666666,-499.2,-68.26666666666667
2631,-21.333333333333332,-501.3333333333333,-61.86666666666667
2632,-14.933333333333334,-514.1333333333333,-70.4
2633,-21.333333333333332,-524.8,-72.53333333333333
2634,-17.066666666666666,-529.0666666666666,-64.0
2635,-19.2,-541.8666666666667,-57.6
2636,-23.466666666666665,-546.1333333333333,-44.8
2637,-23.466666666666665,-565.3333333333334,-38.4
2638,-34.13333333333333,-571.7333333333333,-34.13333333333333
2639,-40.53333333333333,-573.8666666666667,-29.866666666666667
2640,-46.93333333333333,-576.0,-34.13333333333333
2641,-51.2,-573.8666666666667,-29.866666666666667
2642,-46.93333333333333,-573.8666666666667,-38.4
2643,-49.06666666666666,-567.4666666666667,-40.53333333333333
2644,-53.333333333333336,-567.4666666666667,-59.733333333333334
2645,-55.46666666666667,-567.4666666666667,-44.8
2646,-44.8,-571.7333333333333,-51.2
2647,-46.93333333333333,-565.3333333333334,-42.666666666666664
2648,-36.266666666666666,-563.2,-49.06666666666666
2649,-34.13333333333333,-563.2,-51.2
2650,-34.13333333333333,-554.6666666666666,-46.93333333333333
2651,-27.733333333333334,-558.9333333333333,-49.06666666666666
2652,-23.466666666666665,-556.8,-53.333333333333336
2653,-27.733333333333334,-552.5333333333333,-55.46666666666667
2654,-29.866666666666667,-552.5333333333333,-61.86666666666667
2655,-25.6,-554.6666666666666,-66.13333333333333
2656,-34.13333333333333,-548.2666666666667,-68.26666666666667
2657,-34.13333333333333,-550.4,-72.53333333333333
2658,-36.266666666666666,-550.4,-68.26666666666667
2659,-34.13333333333333,-556.8,-66.13333333333333
2660,-42.666666666666664,-548.2666666666667,-68.26666666666667
2661,-38.4,-558.9333333333333,-68.26666666666667
2662,-34.13333333333333,-554.6666666666666,-59.733333333333334
2663,-40.53333333333333,-556.8,-72.53333333333333
2664,-34.13333333333333,-556.8,-76.8
2665,-44.8,-565.3333333333334,-78.93333333333334
2666,-36.266666666666666,-554.6666666666666,-68.26666666666667
2667,-44.8,-552.5333333333333,-70.4
2668,-44.8,-548.2666666666667,-74.66666666666667
2669,-49.06666666666666,-552.5333333333333,-66.13333333333333
2670,-51.2,-550.4,-70.4
2671,-59.733333333333334,-548.2666666666667,-76.8
2672,-61.86666666666667,-546.1333333333333,-68.26666666666667
2673,-59.733333333333334,-552.5333333333333,-70.4
2674,-68.26666666666667,-550.4,-68.26666666666667
2675,-68.26666666666667,-546.1333333333333,-64.0
2676,-61.86666666666667,-552.5333333333333,-74.66666666666667
2677,-64.0,-552.5333333333333,-64.0
2678,-64.0,-552.5333333333333,-49.06666666666666
2679,-61.86666666666667,-550.4,-57.6
2680,-59.733333333333334,-550.4,-55.46666666666667
2681,-55.46666666666667,-552.5333333333333,-57.6
2682,-57.6,-550.4,-66.13333333333333
2683,-46.93333333333333,-548.2666666666667,-64.0
2684,-38.4,-552.5333333333333,-51.2
2685,-38.4,-550.4,-59.733333333333334
2686,-34.13333333333333,-554.6666666666666,-44.8
2687,-32.0,-552.5333333333333,-51.2
2688,-36.266666666666666,-548.2666666666667,-46.93333333333333
2689,-36.266666666666666,-554.6666666666666,-40.53333333333333
2690,-34.13333333333333,-556.8,-49.06666666666666
2691,-34.13333333333333,-567.4666666666667,-51.2
2692,-32.0,-563.2,-42.666666666666664
2693,-25.6,-565.3333333333334,-46.93333333333333
2694,-29.866666666666667,-565.3333333333334,-49.06666666666666
2695,-32.0,-567.4666666666667,-57.6
2696,-27.733333333333334,-558.9333333333333,-59.733333333333334
2697,-25.6,-558.9333333333333,-64.0
2698,-25.6,-556.8,-70.4
2699,-34.13333333333333,-550.4,-76.8
2700,-32.0,-550.4,-74.66666666666667
2701,-27.733333333333334,-552.5333333333333,-83.2
2702,-32.0,-548.2666666666667,-78.93333333333334
2703,-34.13333333333333,-546.1333333333333,-85.33333333333333
2704,-36.266666666666666,-541.8666666666667,-74.66666666666667
2705,-36.266666666666666,-544.0,-76.8
2706,-34.13333333333333,-535.4666666666667,-72.53333333333333
2707,-34.13333333333333,-541.8666666666667,-66.13333333333333
2708,-32.0,-541.8666666666667,-59.733333333333334
2709,-32.0,-544.0,-70.4
2710,-34.13333333333333,-537.6,-85.33333333333333
2711,-34.13333333333333,-539.7333333333333,-70.4
2712,-40.53333333333333,-535.4666666666667,-78.93333333333334
2713,-34.13333333333333,-537.6,-72.53333333333333
2714,-34.13333333333333,-535.4666666666667,-74.66666666666667
2715,-34.13333333333333,-526.9333333333333,-76.8
2716,-32.0,-537.6,-72.53333333333333
2717,-34.13333333333333,-544.0,-76.8
2718,-29.866666666666667,-539.7333333333333,-72.53333333333333
2719,-27.733333333333334,-533.3333333333334,-70.4
2720,-25.6,-544.0,-78.93333333333334
2721,-27.733333333333334,-544.0,-76.8
2722,-27.733333333333334,-544.0,-78.93333333333334
2723,-27.733333333333334,-550.4,-72.53333333333333
2724,-23.466666666666665,-552.5333333333333,-74.66666666666667
2725,-29.866666666666667,-552.5333333333333,-72.53333333333333
2726,-23.466666666666665,-554.6666666666666,-72.53333333333333
2727,-25.6,-556.8,-59.733333333333334
2728,-17.066666666666666,-569.6,-68.26666666666667
2729,-17.066666666666666,-576.0,-66.13333333333333
2730,-17.066666666666666,-590.9333333333333,-74.66666666666667
2731,-25.6,-588.8,-66.13333333333333
2732,-25.6,-597.3333333333334,-66.13333333333333
2733,-27.733333333333334,-599.4666666666667,-70.4
2734,-32.0,-593.0666666666666,-66.13333333333333
2735,-29.866666666666667,-599.4666666666667,-68.26666666666667
2736,-32.0,-595.2,-64.0
2737,-27.733333333333334,-584.5333333333333,-64.0
2738,-25.6,-590.9333333333333,-76.8
2739,-32.0,-576.0,-76.8
2740,-32.0,-584.5333333333333,-72.53333333333333
2741,-21.333333333333332,-588.8,-59.733333333333334
2742,-27.733333333333334,-573.8666666666667,-59.733333333333334
2743,-29.866666666666667,-571.7333333333333,-53.333333333333336
2744,-23.466666666666665,-571.7333333333333,-55.46666666666667
2745,-32.0,-565.3333333333334,-53.333333333333336
2746,-32.0,-565.3333333333334,-44.8
2747,-25.6,-565.3333333333334,-42.666666666666664
2748,-21.333333333333332,-561.0666666666666,-38.4
2749,-17.066666666666666,-563.2,-44.8
2750,-23.466666666666665,-554.6666666666666,-57.6
2751,-23.466666666666665,-544.0,-49.06666666666666
2752,-19.2,-556.8,-46.93333333333333
2753,-23.466666666666665,-556.8,-53.333333333333336
2754,-27.733333333333334,-556.8,-59.733333333333334
2755,-23.466666666666665,-554.6666666666666,-55.46666666666667
2756,-29.866666666666667,-550.4,-57.6
2757,-19.2,-550.4,-51.2
2758,-27.733333333333334,-548.2666666666667,-46.93333333333333
2759,-23.466666666666665,-558.9333333333333,-46.93333333333333
2760,-23.466666666666665,-548.2666666666667,-38.4
2761,-25.6,-558.9333333333333,-36.266666666666666
2762,-23.466666666666665,-558.9333333333333,-34.13333333333333
2763,-23.466666666666665,-567.4666666666667,-29.866666666666667
2764,-32.0,-558.9333333333333,-32.0
2765,-27.733333333333334,-567.4666666666667,-27.733333333333334
2766,-29.866666666666667,-565.3333333333334,-29.866666666666667
2767,-25.6,-573.8666666666667,-29.866666666666667
2768,-21.333333333333332,-563.2,-32.0
2769,-27.733333333333334,-563.2,-36.266666666666666
2770,-21.333333333333332,-558.9333333333333,-46.93333333333333
2771,-12.8,-571.7333333333333,-49.06666666666666
2772,-14.933333333333334,-556.8,-49.06666666666666
2773,-6.4,-561.0666666666666,-59.733333333333334
2774,-10.666666666666666,-561.0666666666666,-42.666666666666664
2775,0.0,-563.2,-40.53333333333333
2776,4.266666666666667,-552.5333333333333,-49.06666666666666
2777,0.0,-558.9333333333333,-42.666666666666664
2778,0.0,-548.2666666666667,-42.666666666666664
2779,8.533333333333333,-556.8,-46.93333333333333
2780,4.266666666666667,-554.6666666666666,-46.93333333333333
2781,4.266666666666667,-558.9333333333333,-55.46666666666667
2782,8.533333333333333,-554.6666666666666,-64.0
2783,17.066666666666666,-576.0,-53.333333333333336
2784,14.933333333333334,-563.2,-53.333333333333336
2785,8.533333333333333,-554.6666666666666,-57.6
2786,4.266666666666667,-552.5333333333333,-55.46666666666667
2787,10.666666666666666,-561.0666666666666,-59.733333333333334
2788,6.4,-556.8,-57.6
2789,6.4,-556.8,-57.6
2790,0.0,-558.9333333333333,-44.8
2791,6.4,-552.5333333333333,-49.06666666666666
2792,4.266666666666667,-558.9333333333333,-49.06666666666666
2793,-4.266666666666667,-554.6666666666666,-40.53333333333333
2794,-2.1333333333333333,-565.3333333333334,-53.333333333333336
2795,-4.266666666666667,-554.6666666666666,-40.53333333333333
2796,-10.666666666666666,-554.6666666666666,-46.93333333333333
2797,-10.666666666666666,-548.2666666666667,-42.666666666666664
2798,-14.933333333333334,-550.4,-44.8
2799,-17.066666666666666,-556.8,-53.333333333333336
2800,-19.2,-556.8,-40.53333333333333
2801,-19.2,-561.0666666666666,-42.666666666666664
2802,-17.066666666666666,-567.4666666666667,-49.06666666666666
2803,-21.333333333333332,-569.6,-38.4
2804,-21.333333333333332,-573.8666666666667,-51.2
2805,-10.666666666666666,-573.8666666666667,-57.6
2806,-10.666666666666666,-578.1333333333333,-72.53333333333333
2807,-17.066666666666666,-578.1333333333333,-85.33333333333333
2808,-10.666666666666666,-580.2666666666667,-72.53333333333333
2809,-25.6,-571.7333333333333,-70.4
2810,-19.2,-569.6,-66.13333333333333
2811,-29.866666666666667,-563.2,-40.53333333333333
2812,-27.733333333333334,-558.9333333333333,-36.266666666666666
2813,-32.0,-550.4,-14.933333333333334
2814,-34.13333333333333,-561.0666666666666,-8.533333333333333
2815,-32.0,-558.9333333333333,-8.533333333333333
2816,-36.266666666666666,-558.9333333333333,-4.266666666666667
2817,-49.06666666666666,-561.0666666666666,-2.1333333333333333
2818,-49.06666666666666,-561.0666666666666,6.4
2819,-59.733333333333334,-550.4,-4.266666666666667
2820,-55.46666666666667,-552.5333333333333,-2.1333333333333333
2821,-57.6,-552.5333333333333,-25.6
2822,-53.333333333333336,-550.4,-27.733333333333334
2823,-51.2,-550.4,-34.13333333333333
2824,-40.53333333333333,-550.4,-42.666666666666664
2825,-36.266666666666666,-552.5333333333333,-32.0
2826,-29.866666666666667,-563.2,-32.0
2827,-25.6,-569.6,-23.466666666666665
2828,-10.666666666666666,-586.6666666666666,-23.466666666666665
2829,-10.666666666666666,-578.1333333333333,-27.733333333333334
2830,2.1333333333333333,-595.2,-32.0
2831,6.4,-590.9333333333333,-27.733333333333334
2832,19.2,-590.9333333333333,-40.53333333333333
2833,19.2,-580.2666666666667,-51.2
2834,19.2,-573.8666666666667,-51.2
2835,21.333333333333332,-569.6,-61.86666666666667
2836,23.466666666666665,-565.3333333333334,-59.733333333333334
2837,49.06666666666666,-556.8,-68.26666666666667
2838,17.066666666666666,-546.1333333333333,-66.13333333333333
2839,14.933333333333334,-546.1333333333333,-72.53333333333333
2840,6.4,-548.2666666666667,-72.53333333333333
2841,2.1333333333333333,-548.2666666666667,-72.53333333333333
2842,-2.1333333333333333,-552.5333333333333,-72.53333333333333
2843,2.1333333333333333,-558.9333333333333,-68.26666666666667
2844,-4.266666666666667,-556.8,-64.0
2845,-10.666666666666666,-561.0666666666666,-64.0
2846,-8.533333333333333,-565.3333333333334,-68.26666666666667
2847,-14.933333333333334,-565.3333333333334,-59.733333333333334
2848,-8.533333333333333,-565.3333333333334,-59.733333333333334
2849,-12.8,-558.9333333333333,-61.86666666666667
2850,-19.2,-563.2,-64.0
2851,-23.466666666666665,-567.4666666666667,-61.86666666666667
2852,-25.6,-554.6666666666666,-59.733333333333334
2853,-21.333333333333332,-558.9333333333333,-55.46666666666667
2854,-21.333333333333332,-554.6666666666666,-55.46666666666667
2855,-25.6,-550.4,-68.26666666666667
2856,-25.6,-548.2666666666667,-66.13333333333333
2857,-25.6,-546.1333333333333,-64.0
2858,-27.733333333333334,-531.2,-57.6
2859,-29.866666666666667,-539.7333333333333,-68.26666666666667
2860,-27.733333333333334,-533.3333333333334,-74.66666666666667
2861,-32.0,-522.6666666666666,-74.66666666666667
2862,-23.466666666666665,-529.0666666666666,-83.2
2863,-21.333333333333332,-518.4,-89.6
2864,-14.933333333333334,-524.8,-87.46666666666667
2865,-23.466666666666665,-524.8,-85.33333333333333
2866,-17.066666666666666,-524.8,-96.0
2867,-17.066666666666666,-522.6666666666666,-83.2
2868,-12.8,-537.6,-93.86666666666666
2869,-8.533333333333333,-531.2,-83.2
2870,-19.2,-541.8666666666667,-78.93333333333334
2871,-19.2,-546.1333333333333,-76.8
2872,-21.333333333333332,-548.2666666666667,-72.53333333333333
2873,-21.333333333333332,-550.4,-78.93333333333334
2874,-23.466666666666665,-548.2666666666667,-85.33333333333333
2875,-27.733333333333334,-548.2666666666667,-78.93333333333334
2876,-21.333333333333332,-550.4,-85.33333333333333
2877,-19.2,-548.2666666666667,-83.2
2878,-25.6,-544.0,-93.86666666666666
2879,-19.2,-546.1333333333333,-89.6
2880,-10.666666666666666,-550.4,-100.26666666666667
2881,-21.333333333333332,-537.6,-93.86666666666666
2882,-14.933333333333334,-533.3333333333334,-89.6
2883,-19.2,-537.6,-93.86666666666666
2884,-17.066666666666666,-533.3333333333334,-91.73333333333333
2885,-17.066666666666666,-541.8666666666667,-93.86666666666666
2886,-23.466666666666665,-537.6,-96.0
2887,-17.066666666666666,-548.2666666666667,-96.0
2888,-21.333333333333332,-546.1333333333333,-93.86666666666666
2889,-21.333333333333332,-548.2666666666667,-98.13333333333333
2890,-12.8,-544.0,-93.86666666666666
2891,-19.2,-558.9333333333333,-93.86666666666666
2892,-19.2,-561.0666666666666,-102.4
2893,-12.8,-561.0666666666666,-102.4
2894,-17.066666666666666,-561.0666666666666,-100.26666666666667
2895,-6.4,-565.3333333333334,-100.26666666666667
2896,-6.4,-573.8666666666667,-104.53333333333333
2897,-6.4,-578.1333333333333,-104.53333333333333
2898,0.0,-582.4,-96.0
2899,-2.1333333333333333,-595.2,-93.86666666666666
2900,0.0,-593.0666666666666,-89.6
2901,-12.8,-584.5333333333333,-74.66666666666667
2902,-8.533333333333333,-595.2,-85.33333333333333
2903,-12.8,-599.4666666666667,-83.2
2904,-12.8,-595.2,-83.2
2905,-14.933333333333334,-593.0666666666666,-72.53333333333333
2906,-19.2,-595.2,-74.66666666666667
2907,-32.0,-586.6666666666666,-72.53333333333333
2908,-23.466666666666665,-590.9333333333333,-61.86666666666667
2909,-34.13333333333333,-580.2666666666667,-76.8
2910,-34.13333333333333,-571.7333333333333,-68.26666666666667
2911,-36.266666666666666,-567.4666666666667,-68.26666666666667
2912,-34.13333333333333,-567.4666666666667,-61.86666666666667
2913,-42.666666666666664,-548.2666666666667,-68.26666666666667
2914,-49.06666666666666,-554.6666666666666,-59.733333333333334
2915,-55.46666666666667,-554.6666666666666,-59.733333333333334
2916,-46.93333333333333,-556.8,-51.2
2917,-51.2,-548.2666666666667,-46.93333333333333
2918,-49.06666666666666,-554.6666666666666,-42.666666666666664
2919,-53.333333333333336,-548.2666666666667,-44.8
2920,-46.93333333333333,-548.2666666666667,-40.53333333333333
2921,-44.8,-554.6666666666666,-44.8
2922,-36.266666666666666,-554.6666666666666,-57.6
2923,-34.13333333333333,-550.4,-38.4
2924,-34.13333333333333,-552.5333333333333,-49.06666666666666
2925,-32.0,-548.2666666666667,-49.06666666666666
2926,-32.0,-550.4,-51.2
2927,-32.0,-546.1333333333333,-57.6
2928,-25.6,-552.5333333333333,-53.333333333333336
2929,-27.733333333333334,-552.5333333333333,-59.733333333333334
2930,-19.2,-550.4,-64.0
2931,-19.2,-554.6666666666666,-53.333333333333336
2932,-12.8,-552.5333333333333,-53.333333333333336
2933,-12.8,-550.4,-61.86666666666667
2934,-6.4,-563.2,-51.2
2935,-12.8,-558.9333333333333,-51.2
2936,-14.933333333333334,-554.6666666666666,-40.53333333333333
2937,-4.266666666666667,-558.9333333333333,-53.333333333333336
2938,-2.1333333333333333,-565.3333333333334,-59.733333333333334
2939,-4.266666666666667,-558.9333333333333,-61.86666666666667
2940,0.0,-556.8,-66.13333333333333
2941,2.1333333333333333,-552.5333333333333,-68.26666666666667
2942,6.4,-565.3333333333334,-74.66666666666667
2943,10.666666666666666,-558.9333333333333,-68.26666666666667
2944,12.8,-567.4666666666667,-61.86666666666667
2945,17.066666666666666,-558.9333333333333,-64.0
2946,17.066666666666666,-561.0666666666666,-72.53333333333333
2947,10.666666666666666,-558.9333333333333,-70.4
2948,21.333333333333332,-561.0666666666666,-70.4
2949,8.533333333333333,-554.6666666666666,-70.4
2950,10.666666666666666,-561.0666666666666,-70.4
2951,0.0,-556.8,-76.8
2952,-2.1333333333333333,-561.0666666666666,-72.53333333333333
2953,4.266666666666667,-561.0666666666666,-66.13333333333333
2954,-6.4,-561.0666666666666,-76.8
2955,-10.666666666666666,-571.7333333333333,-64.0
2956,-12.8,-558.9333333333333,-74.66666666666667
2957,-12.8,-565.3333333333334,-57.6
2958,-23.466666666666665,-558.9333333333333,-59.733333333333334
2959,-17.066666666666666,-567.4666666666667,-68.26666666666667
2960,-23.466666666666665,-563.2,-66.13333333333333
2961,-25.6,-558.9333333333333,-70.4
2962,-25.6,-554.6666666666666,-64.0
2963,-27.733333333333334,-561.0666666666666,-61.86666666666667
2964,-27.733333333333334,-556.8,-64.0
2965,-29.866666666666667,-558.9333333333333,-61.86666666666667
2966,-14.933333333333334,-561.0666666666666,-70.4
2967,-34.13333333333333,-558.9333333333333,-74.66666666666667
2968,-32.0,-550.4,-59.733333333333334
2969,-34.13333333333333,-556.8,-61.86666666666667
2970,-34.13333333333333,-550.4,-66.13333333333333
2971,-34.13333333333333,-554.6666666666666,-64.0
2972,-34.13333333333333,-550.4,-66.13333333333333
2973,-34.13333333333333,-546.1333333333333,-70.4
2974,-32.0,-548.2666666666667,-74.66666666666667
2975,-34.13333333333333,-550.4,-68.26666666666667
2976,-27.733333333333334,-556.8,-74.66666666666667
2977,-25.6,-554.6666666666666,-74.66666666666667
2978,-27.733333333333334,-548.2666666666667,-72.53333333333333
2979,-21.333333333333332,-548.2666666666667,-68.26666666666667
2980,-19.2,-550.4,-72.53333333333333
2981,-14.933333333333334,-558.9333333333333,-70.4
2982,-21.333333333333332,-554.6666666666666,-74.66666666666667
2983,-12.8,-554.6666666666666,-72.53333333333333
2984,-21.333333333333332,-561.0666666666666,-76.8
2985,-14.933333333333334,-558.9333333333333,-72.53333333333333
2986,-19.2,-563.2,-74.66666666666667
2987,-14.933333333333334,-556.8,-57.6
2988,-8.533333333333333,-563.2,-78.93333333333334
2989,-10.666666666666666,-567.4666666666667,-78.93333333333334
2990,-6.4,-563.2,-76.8
2991,-10.666666666666666,-563.2,-76.8
2992,-6.4,-567.4666666666667,-72.53333333333333
2993,-12.8,-563.2,-72.53333333333333
2994,-6.4,-569.6,-66.13333333333333
2995,-14.933333333333334,-561.0666666666666,-72.53333333333333
2996,-17.066666666666666,-563.2,-68.26666666666667
2997,-17.066666666666666,-565.3333333333334,-76.8
2998,-21.333333333333332,-567.4666666666667,-66.13333333333333
2999,-14.933333333333334,-565.3333333333334,-61.86666666666667
3000,-21.333333333333332,-561.0666666666666,-68.26666666666667
3001,-25.6,-558.9333333333333,-59.733333333333334
3002,-23.466666666666665,-552.5333333333333,-66.13333333333333
3003,-23.466666666666665,-552.5333333333333,-57.6
3004,-25.6,-552.5333333333333,-57.6
3005,-23.466666666666665,-554.6666666666666,-57.6
3006,-23.466666666666665,-552.5333333333333,-64.0
3007,-25.6,-548.2666666666667,-55.46666666666667
3008,-17.066666666666666,-550.4,-59.733333333333334
3009,-32.0,-548.2666666666667,-66.13333333333333
3010,-29.866666666666667,-552.5333333333333,-55.46666666666667
3011,-32.0,-548.2666666666667,-64.0
3012,-29.866666666666667,-552.5333333333333,-66.13333333333333
3013,-25.6,-552.5333333333333,-61.86666666666667
3014,-25.6,-554.6666666666666,-57.6
3015,-23.466666666666665,-556.8,-61.86666666666667
3016,-21.333333333333332,-550.4,-51.2
3017,-29.866666666666667,-550.4,-61.86666666666667
3018,-23.466666666666665,-556.8,-64.0
3019,-14.933333333333334,-552.5333333333333,-68.26666666666667
3020,-21.333333333333332,-556.8,-64.0
3021,-21.333333333333332,-561.0666666666666,-59.733333333333334
3022,-21.333333333333332,-556.8,-64.0
3023,-25.6,-561.0666666666666,-64.0
3024,-17.066666666666666,-556.8,-66.13333333333333
3025,-21.333333333333332,-556.8,-72.53333333333333
3026,-21.333333333333332,-556.8,-64.0
3027,-17.066666666666666,-558.9333333333333,-70.4
3028,-14.933333333333334,-563.2,-55.46666666666667
3029,-8.533333333333333,-563.2,-68.26666666666667
3030,-19.2,-554.6666666666666,-55.46666666666667
3031,-8.533333333333333,-556.8,-59.733333333333334
3032,-12.8,-556.8,-66.13333333333333
3033,-17.066666666666666,-556.8,-57.6
3034,-21.333333333333332,-554.6666666666666,-59.733333333333334
3035,-14.933333333333334,-556.8,-53.333333333333336
3036,-10.666666666666666,-561.0666666666666,-57.6
3037,-4.266666666666667,-565.3333333333334,-57.6
3038,-14.933333333333334,-558.9333333333333,-57.6
3039,-23.466666666666665,-552.5333333333333,-57.6
3040,4.266666666666667,-558.9333333333333,-61.86666666666667
3041,-12.8,-558.9333333333333,-57.6
3042,-8.533333333333333,-554.6666666666666,-68.26666666666667
3043,-12.8,-552.5333333333333,-53.333333333333336
3044,-14.933333333333334,-552.5333333333333,-59.733333333333334
3045,-10.666666666666666,-554.6666666666666,-64.0
3046,-12.8,-554.6666666666666,-53.333333333333336
3047,2.1333333333333333,-565.3333333333334,-57.6
3048,-4.266666666666667,-554.6666666666666,-51.2
3049,-10.666666666666666,-552.5333333333333,-57.6
3050,-4.266666666666667,-554.6666666666666,-51.2
3051,-12.8,-556.8,-44.8
3052,-6.4,-554.6666666666666,-51.2
3053,-4.266666666666667,-558.9333333333333,-53.333333333333336
3054,-10.666666666666666,-554.6666666666666,-46.93333333333333
3055,-4.266666666666667,-563.2,-49.06666666666666
3056,-4.266666666666667,-554.6666666666666,-53.333333333333336
3057,-2.1333333333333333,-563.2,-49.06666666666666
3058,-10.666666666666666,-558.9333333333333,-44.8
3059,0.0,-567.4666666666667,-49.06666666666666
3060,-8.533333333333333,-554.6666666666666,-51.2
3061,-6.4,-554.6666666666666,-40.53333333333333
3062,-2.1333333333333333,-558.9333333333333,-40.53333333333333
3063,-8.533333333333333,-552.5333333333333,-49.06666666666666
3064,-10.666666666666666,-556.8,-53.333333333333336
3065,-8.533333333333333,-563.2,-53.333333333333336
3066,-10.666666666666666,-563.2,-49.06666666666666
3067,-10.666666666666666,-561.0666666666666,-53.333333333333336
3068,-8.533333333333333,-558.9333333333333,-49.06666666666666
3069,-14.933333333333334,-565.3333333333334,-40.53333333333333
3070,-12.8,-558.9333333333333,-46.93333333333333
3071,-8.533333333333333,-558.9333333333333,-49.06666666666666
3072,-8.533333333333333,-561.0666666666666,-51.2
3073,-10.666666666666666,-554.6666666666666,-49.06666666666666
3074,-8.533333333333333,-548.2666666666667,-44.8
3075,-10.666666666666666,-552.5333333333333,-44.8
3076,-14.933333333333334,-552.5333333333333,-40.53333333333333
3077,-14.933333333333334,-548.2666666666667,-32.0
3078,-10.666666666666666,-554.6666666666666,-44.8
3079,-8.533333333333333,-552.5333333333333,-29.866666666666667
3080,-8.533333333333333,-552.5333333333333,-38.4
3081,-12.8,-550.4,-34.13333333333333
3082,-4.266666666666667,-550.4,-34.13333333333333
3083,-8.533333333333333,-552.5333333333333,-36.266666666666666
3084,-10.666666666666666,-550.4,-27.733333333333334
3085,-8.533333333333333,-561.0666666666666,-34.13333333333333
3086,-10.666666666666666,-554.6666666666666,-44.8
3087,-4.266666666666667,-556.8,-36.266666666666666
3088,-12.8,-558.9333333333333,-44.8
3089,-6.4,-554.6666666666666,-38.4
3090,-6.4,-558.9333333333333,-40.53333333333333
3091,-8.533333333333333,-556.8,-44.8
3092,-2.1333333333333333,-565.3333333333334,-44.8
3093,-2.1333333333333333,-554.6666666666666,-40.53333333333333
3094,-12.8,-556.8,-44.8
3095,4.266666666666667,-556.8,-38.4
3096,-6.4,-554.6666666666666,-40.53333333333333
3097,-6.4,-561.0666666666666,-36.266666666666666
3098,-4.266666666666667,-554.6666666666666,-32.0
3099,-4.266666666666667,-561.0666666666666,-32.0
3100,-6.4,-563.2,-46.93333333333333
3101,2.1333333333333333,-565.3333333333334,-46.93333333333333
3102,0.0,-561.0666666666666,-38.4
3103,-4.266666666666667,-567.4666666666667,-44.8
3104,0.0,-561.0666666666666,-53.333333333333336
3105,4.266666666666667,-567.4666666666667,-59.733333333333334
3106,-10.666666666666666,-571.7333333333333,-64.0
3107,-12.8,-563.2,-59.733333333333334
3108,-6.4,-569.6,-55.46666666666667
3109,-6.4,-578.1333333333333,-57.6
3110,-4.266666666666667,-573.8666666666667,-61.86666666666667
3111,-6.4,-576.0,-61.86666666666667
3112,-2.1333333333333333,-563.2,-72.53333333333333
3113,-12.8,-563.2,-66.13333333333333
3114,-8.533333333333333,-567.4666666666667,-72.53333333333333
3115,-4.266666666666667,-565.3333333333334,-49.06666666666666
3116,-12.8,-554.6666666666666,-76.8
3117,-2.1333333333333333,-558.9333333333333,-78.93333333333334
3118,-2.1333333333333333,-556.8,-78.93333333333334
3119,2.1333333333333333,-550.4,-85.33333333333333
3120,-2.1333333333333333,-550.4,-87.46666666666667
3121,-2.1333333333333333,-548.2666666666667,-89.6
3122,-2.1333333333333333,-539.7333333333333,-87.46666666666667
3123,-8.533333333333333,-529.0666666666666,-98.13333333333333
3124,-2.1333333333333333,-531.2,-98.13333333333333
3125,-4.266666666666667,-520.5333333333333,-91.73333333333333
3126,-6.4,-514.1333333333333,-100.26666666666667
3127,-8.533333333333333,-516.2666666666667,-100.26666666666667
3128,-10.666666666666666,-509.8666666666667,-96.0
3129,-14.933333333333334,-501.3333333333333,-102.4
3130,-14.933333333333334,-501.3333333333333,-104.53333333333333
3131,-12.8,-497.06666666666666,-98.13333333333333
3132,-25.6,-501.3333333333333,-91.73333333333333
3133,-19.2,-494.93333333333334,-76.8
3134,-34.13333333333333,-499.2,-85.33333333333333
3135,-34.13333333333333,-501.3333333333333,-76.8
3136,-44.8,-514.1333333333333,-68.26666666666667
3137,-49.06666666666666,-518.4,-32.0
3138,-64.0,-537.6,-53.333333333333336
3139,-66.13333333333333,-548.2666666666667,-46.93333333333333
3140,-72.53333333333333,-569.6,-46.93333333333333
3141,-70.4,-578.1333333333333,-66.13333333333333
3142,-68.26666666666667,-595.2,-76.8
3143,-55.46666666666667,-601.6,-76.8
3144,-44.8,-605.8666666666667,-93.86666666666666
3145,-38.4,-603.7333333333333,-110.93333333333334
3146,-29.866666666666667,-597.3333333333334,-117.33333333333333
3147,-34.13333333333333,-571.7333333333333,-130.13333333333333
3148,-27.733333333333334,-576.0,-117.33333333333333
3149,-32.0,-558.9333333333333,-104.53333333333333
3150,-29.866666666666667,-548.2666666666667,-93.86666666666666
3151,-29.866666666666667,-535.4666666666667,-68.26666666666667
3152,-32.0,-537.6,-44.8
3153,-29.866666666666667,-539.7333333333333,-10.666666666666666
3154,-32.0,-546.1333333333333,0.0
3155,-27.733333333333334,-546.1333333333333,23.466666666666665
3156,-29.866666666666667,-554.6666666666666,25.6
3157,-14.933333333333334,-569.6,34.13333333333333
3158,-10.666666666666666,-580.2666666666667,34.13333333333333
3159,-8.533333333333333,-582.4,29.866666666666667
3160,0.0,-590.9333333333333,27.733333333333334
3161,12.8,-605.8666666666667,17.066666666666666
3162,19.2,-610.1333333333333,21.333333333333332
3163,34.13333333333333,-614.4,12.8
3164,38.4,-625.0666666666666,19.2
3165,49.06666666666666,-633.6,21.333333333333332
3166,51.2,-631.4666666666667,27.733333333333334
3167,57.6,-637.8666666666667,34.13333333333333
3168,40.53333333333333,-635.7333333333333,38.4
3169,46.93333333333333,-644.2666666666667,51.2
3170,49.06666666666666,-642.1333333333333,40.53333333333333
3171,40.53333333333333,-629.3333333333334,36.266666666666666
3172,36.266666666666666,-620.8,32.0
3173,38.4,-610.1333333333333,19.2
3174,34.13333333333333,-597.3333333333334,27.733333333333334
3175,34.13333333333333,-576.0,25.6
3176,25.6,-561.0666666666666,14.933333333333334
3177,17.066666666666666,-541.8666666666667,10.666666666666666
3178,6.4,-531.2,4.266666666666667
3179,4.266666666666667,-520.5333333333333,4.266666666666667
3180,-10.666666666666666,-516.2666666666667,6.4
3181,-14.933333333333334,-507.73333333333335,2.1333333333333333
3182,-29.866666666666667,-497.06666666666666,0.0
3183,-34.13333333333333,-499.2,-6.4
3184,-34.13333333333333,-492.8,-6.4
3185,-40.53333333333333,-497.06666666666666,-8.533333333333333
3186,-40.53333333333333,-499.2,-8.533333333333333
3187,-44.8,-497.06666666666666,-19.2
3188,-53.333333333333336,-503.46666666666664,-23.466666666666665
3189,-53.333333333333336,-509.8666666666667,-29.866666666666667
3190,-49.06666666666666,-520.5333333333333,-17.066666666666666
3191,-53.333333333333336,-509.8666666666667,-19.2
3192,-38.4,-518.4,-25.6
3193,-42.666666666666664,-514.1333333333333,-21.333333333333332
3194,-42.666666666666664,-516.2666666666667,-12.8
3195,-40.53333333333333,-514.1333333333333,-12.8
3196,-49.06666666666666,-516.2666666666667,-12.8
3197,-55.46666666666667,-509.8666666666667,-4.266666666666667
3198,-42.666666666666664,-512.0,-2.1333333333333333
3199,-38.4,-516.2666666666667,-8.533333333333333
3200,-44.8,-514.1333333333333,-8.533333333333333
3201,-34.13333333333333,-520.5333333333333,12.8
3202,-32.0,-526.9333333333333,-4.266666666666667
3203,-29.866666666666667,-522.6666666666666,2.1333333333333333
3204,-29.866666666666667,-522.6666666666666,10.666666666666666
3205,-21.333333333333332,-531.2,14.933333333333334
3206,-21.333333333333332,-522.6666666666666,25.6
3207,-17.066666666666666,-526.9333333333333,29.866666666666667
3208,-12.8,-522.6666666666666,27.733333333333334
3209,-12.8,-524.8,27.733333333333334
3210,-2.1333333333333333,-531.2,27.733333333333334
3211,-14.933333333333334,-531.2,34.13333333333333
3212,-8.533333333333333,-531.2,34.13333333333333
3213,-8.533333333333333,-541.8666666666667,29.866666666666667
3214,-4.266666666666667,-533.3333333333334,34.13333333333333
3215,-4.266666666666667,-535.4666666666667,23.466666666666665
3216,-14.933333333333334,-533.3333333333334,23.466666666666665
3217,-17.066666666666666,-529.0666666666666,25.6
3218,-6.4,-533.3333333333334,12.8
3219,-12.8,-522.6666666666666,6.4
3220,-6.4,-520.5333333333333,17.066666666666666
3221,-4.266666666666667,-514.1333333333333,14.933333333333334
3222,-10.666666666666666,-514.1333333333333,10.666666666666666
3223,19.2,-524.8,27.733333333333334
3224,21.333333333333332,-520.5333333333333,14.933333333333334
3225,8.533333333333333,-512.0,25.6
3226,12.8,-507.73333333333335,25.6
3227,0.0,-505.59999999999997,23.466666666666665
3228,8.533333333333333,-505.59999999999997,17.066666666666666
3229,23.466666666666665,-503.46666666666664,14.933333333333334
3230,29.866666666666667,-507.73333333333335,6.4
3231,21.333333333333332,-494.93333333333334,-2.1333333333333333
3232,29.866666666666667,-492.8,-2.1333333333333333
3233,29.866666666666667,-490.6666666666667,-10.666666666666666
3234,32.0,-494.93333333333334,-8.533333333333333
3235,29.866666666666667,-488.5333333333333,-25.6
3236,27.733333333333334,-482.1333333333333,-21.333333333333332
3237,34.13333333333333,-482.1333333333333,-27.733333333333334
3238,32.0,-482.1333333333333,-27.733333333333334
3239,25.6,-480.0,-27.733333333333334
3240,27.733333333333334,-480.0,-27.733333333333334
3241,23.466666666666665,-480.0,-25.6
3242,14.933333333333334,-473.59999999999997,-34.13333333333333
3243,12.8,-482.1333333333333,-23.466666666666665
3244,21.333333333333332,-477.8666666666667,-8.533333333333333
3245,23.466666666666665,-475.73333333333335,-12.8
3246,19.2,-486.4,-4.266666666666667
3247,23.466666666666665,-490.6666666666667,-4.266666666666667
3248,19.2,-497.06666666666666,6.4
3249,25.6,-501.3333333333333,14.933333333333334
3250,25.6,-514.1333333333333,6.4
3251,29.866666666666667,-524.8,2.1333333333333333
3252,27.733333333333334,-524.8,-4.266666666666667
3253,34.13333333333333,-535.4666666666667,-4.266666666666667
3254,36.266666666666666,-539.7333333333333,-10.666666666666666
3255,32.0,-544.0,-21.333333333333332
3256,17.066666666666666,-541.8666666666667,-32.0
3257,27.733333333333334,-544.0,-32.0
3258,32.0,-541.8666666666667,-32.0
3259,25.6,-533.3333333333334,-32.0
3260,19.2,-526.9333333333333,-34.13333333333333
3261,27.733333333333334,-526.9333333333333,-34.13333333333333
3262,32.0,-524.8,-21.333333333333332
3263,29.866666666666667,-516.2666666666667,-10.666666666666666
3264,23.466666666666665,-514.1333333333333,-14.933333333333334
3265,23.466666666666665,-516.2666666666667,-8.533333333333333
3266,23.466666666666665,-509.8666666666667,2.1333333333333333
3267,0.0,-503.46666666666664,25.6
3268,19.2,-507.73333333333335,19.2
3269,27.733333333333334,-505.59999999999997,23.466666666666665
3270,17.066666666666666,-501.3333333333333,29.866666666666667
3271,14.933333333333334,-503.46666666666664,36.266666666666666
3272,14.933333333333334,-507.73333333333335,36.266666666666666
3273,12.8,-512.0,34.13333333333333
3274,6.4,-512.0,38.4
3275,6.4,-520.5333333333333,38.4
3276,-6.4,-522.6666666666666,40.53333333333333
3277,-8.533333333333333,-520.5333333333333,32.0
3278,-12.8,-522.6666666666666,32.0
3279,-23.466666666666665,-518.4,27.733333333333334
3280,-27.733333333333334,-505.59999999999997,23.466666666666665
3281,-27.733333333333334,-503.46666666666664,25.6
3282,-34.13333333333333,-486.4,23.466666666666665
3283,-34.13333333333333,-480.0,17.066666666666666
3284,-34.13333333333333,-477.8666666666667,19.2
3285,-40.53333333333333,-456.5333333333333,27.733333333333334
3286,-34.13333333333333,-448.0,19.2
3287,-32.0,-439.46666666666664,21.333333333333332
3288,-27.733333333333334,-435.2,19.2
3289,-25.6,-416.0,25.6
3290,0.0,-416.0,32.0
3291,12.8,-420.26666666666665,32.0
3292,32.0,-426.6666666666667,27.733333333333334
3293,34.13333333333333,-437.3333333333333,34.13333333333333
3294,29.866666666666667,-456.5333333333333,36.266666666666666
3295,25.6,-475.73333333333335,27.733333333333334
3296,14.933333333333334,-507.73333333333335,36.266666666666666
3297,2.1333333333333333,-548.2666666666667,34.13333333333333
3298,-25.6,-584.5333333333333,34.13333333333333
3299,-44.8,-614.4,46.93333333333333
3300,-68.26666666666667,-669.8666666666667,21.333333333333332
3301,-85.33333333333333,-714.6666666666666,-19.2
3302,-87.46666666666667,-765.8666666666667,-57.6
3303,-81.06666666666666,-812.8,-115.2
3304,-38.4,-870.4,-132.26666666666665
3305,-23.466666666666665,-906.6666666666666,-149.33333333333334
3306,-2.1333333333333333,-925.8666666666667,-140.8
3307,6.4,-923.7333333333333,-134.4
3308,10.666666666666666,-908.8,-125.86666666666666
3309,21.333333333333332,-872.5333333333333,-128.0
3310,29.866666666666667,-836.2666666666667,-121.6
3311,53.333333333333336,-787.2,-119.46666666666667
3312,68.26666666666667,-746.6666666666666,-108.8
3313,66.13333333333333,-697.6,-121.6
3314,59.733333333333334,-665.6,-134.4
3315,44.8,-640.0,-147.2
3316,25.6,-603.7333333333333,-149.33333333333334
3317,14.933333333333334,-580.2666666666667,-166.4
3318,0.0,-558.9333333333333,-181.33333333333334
3319,-6.4,-546.1333333333333,-181.33333333333334
3320,-2.1333333333333333,-544.0,-202.66666666666666
3321,-6.4,-544.0,-198.4
3322,-2.1333333333333333,-552.5333333333333,-196.26666666666665
3323,2.1333333333333333,-565.3333333333334,-172.8
3324,25.6,-578.1333333333333,-153.6
3325,36.266666666666666,-582.4,-132.26666666666665
3326,49.06666666666666,-580.2666666666667,-123.73333333333333
3327,70.4,-586.6666666666666,-115.2
3328,89.6,-597.3333333333334,-121.6
3329,96.0,-590.9333333333333,-117.33333333333333
3330,102.4,-580.2666666666667,-123.73333333333333
3331,98.13333333333333,-565.3333333333334,-104.53333333333333
3332,93.86666666666666,-563.2,-102.4
3333,89.6,-552.5333333333333,-100.26666666666667
3334,85.33333333333333,-537.6,-102.4
3335,76.8,-526.9333333333333,-104.53333333333333
3336,59.733333333333334,-516.2666666666667,-110.93333333333334
3337,55.46666666666667,-499.2,-125.86666666666666
3338,51.2,-505.59999999999997,-121.6
3339,46.93333333333333,-505.59999999999997,-108.8
3340,53.333333333333336,-512.0,-119.46666666666667
3341,57.6,-524.8,-104.53333333333333
3342,49.06666666666666,-529.0666666666666,-125.86666666666666
3343,57.6,-550.4,-104.53333333333333
3344,55.46666666666667,-569.6,-96.0
3345,64.0,-586.6666666666666,-87.46666666666667
3346,53.333333333333336,-608.0,-70.4
3347,59.733333333333334,-637.8666666666667,-61.86666666666667
3348,53.333333333333336,-652.8,-55.46666666666667
3349,49.06666666666666,-680.5333333333333,-46.93333333333333
3350,59.733333333333334,-704.0,-46.93333333333333
3351,74.66666666666667,-740.2666666666667,-42.666666666666664
3352,91.73333333333333,-761.6,-64.0
3353,115.2,-780.8,-74.66666666666667
3354,125.86666666666666,-800.0,-91.73333333333333
3355,134.4,-797.8666666666667,-108.8
3356,140.8,-789.3333333333334,-119.46666666666667
3357,132.26666666666665,-763.7333333333333,-128.0
3358,117.33333333333333,-740.2666666666667,-130.13333333333333
3359,104.53333333333333,-706.1333333333333,-113.06666666666666
3360,93.86666666666666,-676.2666666666667,-102.4
3361,66.13333333333333,-644.2666666666667,-93.86666666666666
3362,53.333333333333336,-616.5333333333333,-85.33333333333333
3363,38.4,-595.2,-64.0
3364,21.333333333333332,-576.0,-85.33333333333333
3365,14.933333333333334,-554.6666666666666,-64.0
3366,-6.4,-544.0,-57.6
3367,-19.2,-537.6,-57.6
3368,-32.0,-529.0666666666666,-59.733333333333334
3369,-42.666666666666664,-520.5333333333333,-55.46666666666667
3370,-38.4,-520.5333333333333,-68.26666666666667
3371,-49.06666666666666,-516.2666666666667,-61.86666666666667
3372,-55.46666666666667,-516.2666666666667,-68.26666666666667
3373,-55.46666666666667,-514.1333333333333,-61.86666666666667
3374,-49.06666666666666,-516.2666666666667,-38.4
3375,-42.666666666666664,-512.0,-46.93333333333333
3376,-36.266666666666666,-512.0,-49.06666666666666
3377,-29.866666666666667,-505.59999999999997,-53.333333333333336
3378,-17.066666666666666,-499.2,-46.93333333333333
3379,-10.666666666666666,-501.3333333333333,-46.93333333333333
3380,2.1333333333333333,-490.6666666666667,-44.8
3381,10.666666666666666,-497.06666666666666,-66.13333333333333
3382,14.933333333333334,-494.93333333333334,-55.46666666666667
3383,38.4,-494.93333333333334,-59.733333333333334
3384,38.4,-497.06666666666666,-53.333333333333336
3385,55.46666666666667,-497.06666666666666,-44.8
3386,40.53333333333333,-503.46666666666664,-64.0
3387,32.0,-514.1333333333333,-61.86666666666667
3388,34.13333333333333,-526.9333333333333,-59.733333333333334
3389,25.6,-535.4666666666667,-64.0
3390,21.333333333333332,-544.0,-57.6
3391,12.8,-548.2666666666667,-59.733333333333334
3392,17.066666666666666,-556.8,-46.93333333333333
3393,0.0,-558.9333333333333,-49.06666666666666
3394,12.8,-554.6666666666666,-40.53333333333333
3395,-8.533333333333333,-548.2666666666667,-44.8
3396,8.533333333333333,-554.6666666666666,-46.93333333333333
3397,8.533333333333333,-548.2666666666667,-42.666666666666664
3398,2.1333333333333333,-546.1333333333333,-42.666666666666664
3399,6.4,-539.7333333333333,-34.13333333333333
3400,8.533333333333333,-531.2,-34.13333333333333
3401,10.666666666666666,-520.5333333333333,-44.8
3402,12.8,-516.2666666666667,-32.0
3403,12.8,-505.59999999999997,-34.13333333333333
3404,14.933333333333334,-503.46666666666664,-36.266666666666666
3405,10.666666666666666,-492.8,-42.666666666666664
3406,8.533333333333333,-480.0,-46.93333333333333
3407,12.8,-486.4,-40.53333333333333
3408,8.533333333333333,-484.26666666666665,-40.53333333333333
3409,6.4,-482.1333333333333,-40.53333333333333
3410,4.266666666666667,-480.0,-38.4
3411,10.666666666666666,-482.1333333333333,-25.6
3412,0.0,-484.26666666666665,-25.6
3413,4.266666666666667,-477.8666666666667,-14.933333333333334
3414,0.0,-477.8666666666667,-6.4
3415,-2.1333333333333333,-477.8666666666667,-8.533333333333333
3416,8.533333333333333,-480.0,-4.266666666666667
3417,0.0,-480.0,-2.1333333333333333
3418,6.4,-473.59999999999997,-12.8
3419,2.1333333333333333,-471.46666666666664,-12.8
3420,2.1333333333333333,-465.06666666666666,-17.066666666666666
3421,8.533333333333333,-454.4,-19.2
3422,12.8,-450.1333333333333,-21.333333333333332
3423,14.933333333333334,-443.73333333333335,-19.2
3424,19.2,-437.3333333333333,-23.466666666666665
3425,21.333333333333332,-433.06666666666666,-25.6
3426,25.6,-435.2,-12.8
3427,17.066666666666666,-443.73333333333335,-6.4
3428,21.333333333333332,-443.73333333333335,0.0
3429,29.866666666666667,-454.4,6.4
3430,23.466666666666665,-462.93333333333334,12.8
3431,32.0,-469.3333333333333,12.8
3432,32.0,-480.0,23.466666666666665
3433,38.4,-492.8,14.933333333333334
3434,38.4,-494.93333333333334,14.933333333333334
3435,46.93333333333333,-501.3333333333333,14.933333333333334
3436,46.93333333333333,-509.8666666666667,10.666666666666666
3437,51.2,-522.6666666666666,-6.4
3438,57.6,-520.5333333333333,-4.266666666666667
3439,53.333333333333336,-524.8,-19.2
3440,49.06666666666666,-533.3333333333334,-4.266666666666667
3441,53.333333333333336,-535.4666666666667,-12.8
3442,53.333333333333336,-541.8666666666667,-8.533333333333333
3443,61.86666666666667,-546.1333333333333,-2.1333333333333333
3444,59.733333333333334,-548.2666666666667,-2.1333333333333333
3445,57.6,-552.5333333333333,-2.1333333333333333
3446,59.733333333333334,-565.3333333333334,-2.1333333333333333
3447,51.2,-554.6666666666666,2.1333333333333333
3448,59.733333333333334,-576.0,-14.933333333333334
3449,53.333333333333336,-580.2666666666667,-10.666666666666666
3450,59.733333333333334,-584.5333333333333,-19.2
3451,57.6,-582.4,-21.333333333333332
3452,51.2,-584.5333333333333,-19.2
3453,53.333333333333336,-588.8,-34.13333333333333
3454,51.2,-584.5333333333333,-29.866666666666667
3455,44.8,-580.2666666666667,-21.333333333333332
3456,34.13333333333333,-576.0,-12.8
3457,29.866666666666667,-567.4666666666667,-10.666666666666666
3458,25.6,-569.6,2.1333333333333333
3459,10.666666666666666,-552.5333333333333,2.1333333333333333
3460,2.1333333333333333,-550.4,21.333333333333332
3461,-14.933333333333334,-546.1333333333333,36.266666666666666
3462,-27.733333333333334,-541.8666666666667,38.4
3463,-38.4,-533.3333333333334,42.666666666666664
3464,-42.666666666666664,-526.9333333333333,49.06666666666666
3465,-57.6,-526.9333333333333,57.6
3466,-61.86666666666667,-514.1333333333333,53.333333333333336
3467,-72.53333333333333,-512.0,61.86666666666667
3468,-89.6,-499.2,51.2
3469,-81.06666666666666,-503.46666666666664,55.46666666666667
3470,-102.4,-482.1333333333333,46.93333333333333
3471,-119.46666666666667,-475.73333333333335,34.13333333333333
3472,-132.26666666666665,-475.73333333333335,36.266666666666666
3473,-125.86666666666666,-469.3333333333333,34.13333333333333
3474,-130.13333333333333,-462.93333333333334,32.0
3475,-128.0,-467.2,25.6
3476,-125.86666666666666,-467.2,34.13333333333333
3477,-123.73333333333333,-469.3333333333333,32.0
3478,-104.53333333333333,-477.8666666666667,29.866666666666667
3479,-68.26666666666667,-486.4,25.6
3480,-36.266666666666666,-488.5333333333333,21.333333333333332
3481,-12.8,-507.73333333333335,23.466666666666665
3482,-4.266666666666667,-516.2666666666667,34.13333333333333
3483,-6.4,-531.2,42.666666666666664
3484,-4.266666666666667,-552.5333333333333,59.733333333333334
3485,-14.933333333333334,-580.2666666666667,49.06666666666666
3486,-8.533333333333333,-612.2666666666667,49.06666666666666
3487,-17.066666666666666,-648.5333333333333,38.4
3488,-34.13333333333333,-680.5333333333333,27.733333333333334
3489,-61.86666666666667,-701.8666666666667,-8.533333333333333
3490,-104.53333333333333,-721.0666666666666,-36.266666666666666
3491,-136.53333333333333,-721.0666666666666,-66.13333333333333
3492,-157.86666666666667,-731.7333333333333,-76.8
3493,-153.6,-725.3333333333334,-89.6
3494,-153.6,-718.9333333333333,-119.46666666666667
3495,-134.4,-710.4,-104.53333333333333
3496,-117.33333333333333,-693.3333333333334,-104.53333333333333
3497,-125.86666666666666,-667.7333333333333,-102.4
3498,-119.46666666666667,-642.1333333333333,-91.73333333333333
3499,-113.06666666666666,-614.4,-89.6
3500,-100.26666666666667,-582.4,-85.33333333333333
3501,-98.13333333333333,-552.5333333333333,-78.93333333333334
3502,-72.53333333333333,-533.3333333333334,-76.8
3503,-64.0,-516.2666666666667,-91.73333333333333
3504,-55.46666666666667,-512.0,-98.13333333333333
3505,-32.0,-514.1333333333333,-115.2
3506,-34.13333333333333,-526.9333333333333,-134.4
3507,-44.8,-544.0,-155.73333333333332
3508,-53.333333333333336,-571.7333333333333,-149.33333333333334
3509,-61.86666666666667,-603.7333333333333,-151.46666666666667
3510,-68.26666666666667,-640.0,-128.0
3511,-83.2,-663.4666666666667,-106.66666666666667
3512,-85.33333333333333,-682.6666666666666,-87.46666666666667
3513,-93.86666666666666,-697.6,-74.66666666666667
3514,-98.13333333333333,-704.0,-59.733333333333334
3515,-108.8,-693.3333333333334,-51.2
3516,-87.46666666666667,-693.3333333333334,-53.333333333333336
3517,-93.86666666666666,-684.8,-42.666666666666664
3518,-85.33333333333333,-672.0,-53.333333333333336
3519,-81.06666666666666,-669.8666666666667,-42.666666666666664
3520,-70.4,-657.0666666666666,-53.333333333333336
3521,-66.13333333333333,-654.9333333333333,-40.53333333333333
3522,-64.0,-648.5333333333333,-36.266666666666666
3523,-55.46666666666667,-652.8,-25.6
3524,-55.46666666666667,-678.4,-27.733333333333334
3525,-64.0,-695.4666666666667,-14.933333333333334
3526,-70.4,-727.4666666666667,-25.6
3527,-66.13333333333333,-742.4,6.4
3528,-85.33333333333333,-761.6,2.1333333333333333
3529,-87.46666666666667,-787.2,4.266666666666667
3530,-98.13333333333333,-785.0666666666666,-17.066666666666666
3531,-102.4,-772.2666666666667,-23.466666666666665
3532,-102.4,-746.6666666666666,-38.4
3533,-98.13333333333333,-716.8,-53.333333333333336
3534,-83.2,-682.6666666666666,-66.13333333333333
3535,-70.4,-635.7333333333333,-81.06666666666666
3536,-59.733333333333334,-603.7333333333333,-87.46666666666667
3537,-42.666666666666664,-554.6666666666666,-98.13333333333333
3538,-34.13333333333333,-522.6666666666666,-98.13333333333333
3539,-25.6,-492.8,-100.26666666666667
3540,-10.666666666666666,-465.06666666666666,-93.86666666666666
3541,8.533333333333333,-456.5333333333333,-85.33333333333333
3542,19.2,-445.8666666666667,-74.66666666666667
3543,36.266666666666666,-445.8666666666667,-64.0
3544,27.733333333333334,-456.5333333333333,-61.86666666666667
3545,44.8,-482.1333333333333,-38.4
3546,40.53333333333333,-516.2666666666667,-36.266666666666666
3547,40.53333333333333,-537.6,-23.466666666666665
3548,34.13333333333333,-550.4,-21.333333333333332
3549,29.866666666666667,-558.9333333333333,-27.733333333333334
3550,21.333333333333332,-569.6,-21.333333333333332
3551,19.2,-584.5333333333333,-19.2
3552,10.666666666666666,-580.2666666666667,-32.0
3553,4.266666666666667,-573.8666666666667,-32.0
3554,2.1333333333333333,-576.0,-29.866666666666667
3555,-6.4,-561.0666666666666,-34.13333333333333
3556,-17.066666666666666,-558.9333333333333,-34.13333333333333
3557,-10.666666666666666,-546.1333333333333,-36.266666666666666
3558,-40.53333333333333,-541.8666666666667,-36.266666666666666
3559,-44.8,-546.1333333333333,-29.866666666666667
3560,-57.6,-548.2666666666667,-19.2
3561,-66.13333333333333,-546.1333333333333,-19.2
3562,-72.53333333333333,-556.8,-17.066666666666666
3563,-83.2,-567.4666666666667,-8.533333333333333
3564,-83.2,-563.2,-14.933333333333334
3565,-93.86666666666666,-567.4666666666667,-10.666666666666666
3566,-85.33333333333333,-565.3333333333334,0.0
3567,-81.06666666666666,-571.7333333333333,-2.1333333333333333
3568,-78.93333333333334,-576.0,4.266666666666667
3569,-57.6,-565.3333333333334,-17.066666666666666
3570,-59.733333333333334,-569.6,4.266666666666667
3571,-51.2,-565.3333333333334,0.0
3572,-42.666666666666664,-563.2,-2.1333333333333333
3573,-34.13333333333333,-552.5333333333333,-10.666666666666666
3574,-34.13333333333333,-548.2666666666667,-4.266666666666667
3575,-29.866666666666667,-546.1333333333333,-4.266666666666667
3576,-27.733333333333334,-548.2666666666667,-8.533333333333333
3577,-29.866666666666667,-535.4666666666667,2.1333333333333333
3578,-32.0,-535.4666666666667,-2.1333333333333333
3579,-29.866666666666667,-533.3333333333334,-12.8
3580,-32.0,-522.6666666666666,-8.533333333333333
3581,-29.866666666666667,-516.2666666666667,2.1333333333333333
3582,-32.0,-522.6666666666666,2.1333333333333333
3583,-32.0,-516.2666666666667,-8.533333333333333
3584,-29.866666666666667,-514.1333333333333,-6.4
3585,-25.6,-509.8666666666667,0.0
3586,-34.13333333333333,-501.3333333333333,0.0
3587,-29.866666666666667,-514.1333333333333,-2.1333333333333333
3588,-29.866666666666667,-516.2666666666667,0.0
3589,-32.0,-514.1333333333333,4.266666666666667
3590,-25.6,-516.2666666666667,21.333333333333332
3591,-29.866666666666667,-514.1333333333333,23.466666666666665
3592,-23.466666666666665,-520.5333333333333,34.13333333333333
3593,-21.333333333333332,-512.0,27.733333333333334
3594,-19.2,-501.3333333333333,25.6
3595,-8.533333333333333,-503.46666666666664,32.0
3596,-10.666666666666666,-494.93333333333334,29.866666666666667
3597,-10.666666666666666,-497.06666666666666,32.0
3598,-2.1333333333333333,-494.93333333333334,32.0
3599,2.1333333333333333,-497.06666666666666,34.13333333333333
3600,2.1333333333333333,-494.93333333333334,34.13333333333333
3601,19.2,-492.8,34.13333333333333
3602,10.666666666666666,-486.4,32.0
3603,12.8,-486.4,36.266666666666666
3604,17.066666666666666,-480.0,38.4
3605,6.4,-477.8666666666667,46.93333333333333
3606,14.933333333333334,-475.73333333333335,44.8
3607,10.666666666666666,-473.59999999999997,51.2
3608,6.4,-458.6666666666667,42.666666666666664
3609,-8.533333333333333,-458.6666666666667,40.53333333333333
3610,-8.533333333333333,-450.1333333333333,40.53333333333333
3611,-8.533333333333333,-443.73333333333335,36.266666666666666
3612,-32.0,-428.8,36.266666666666666
3613,-34.13333333333333,-424.5333333333333,29.866666666666667
3614,-46.93333333333333,-416.0,14.933333333333334
3615,-68.26666666666667,-411.73333333333335,10.666666666666666
3616,-76.8,-409.6,0.0
3617,-89.6,-407.46666666666664,2.1333333333333333
3618,-81.06666666666666,-411.73333333333335,-2.1333333333333333
3619,-68.26666666666667,-411.73333333333335,4.266666666666667
3620,-40.53333333333333,-426.6666666666667,-2.1333333333333333
3621,-40.53333333333333,-430.93333333333334,8.533333333333333
3622,-32.0,-443.73333333333335,10.666666666666666
3623,-12.8,-441.59999999999997,21.333333333333332
3624,-8.533333333333333,-454.4,23.466666666666665
3625,0.0,-462.93333333333334,19.2
3626,14.933333333333334,-467.2,27.733333333333334
3627,23.466666666666665,-469.3333333333333,27.733333333333334
3628,27.733333333333334,-477.8666666666667,27.733333333333334
3629,23.466666666666665,-488.5333333333333,38.4
3630,29.866666666666667,-486.4,40.53333333333333
3631,34.13333333333333,-492.8,46.93333333333333
3632,32.0,-503.46666666666664,46.93333333333333
3633,27.733333333333334,-507.73333333333335,55.46666666666667
3634,23.466666666666665,-518.4,59.733333333333334
3635,25.6,-529.0666666666666,57.6
3636,19.2,-529.0666666666666,68.26666666666667
3637,17.066666666666666,-533.3333333333334,53.333333333333336
3638,17.066666666666666,-546.1333333333333,49.06666666666666
3639,12.8,-548.2666666666667,40.53333333333333
3640,4.266666666666667,-550.4,36.266666666666666
3641,0.0,-548.2666666666667,34.13333333333333
3642,-8.533333333333333,-546.1333333333333,6.4
3643,-8.533333333333333,-535.4666666666667,21.333333333333332
3644,-12.8,-533.3333333333334,0.0
3645,-23.466666666666665,-518.4,-4.266666666666667
3646,-27.733333333333334,-505.59999999999997,-2.1333333333333333
3647,-32.0,-482.1333333333333,4.266666666666667
3648,-32.0,-462.93333333333334,4.266666666666667
3649,-34.13333333333333,-441.59999999999997,4.266666666666667
3650,-36.266666666666666,-426.6666666666667,-4.266666666666667
3651,-40.53333333333333,-409.6,4.266666666666667
3652,-40.53333333333333,-398.93333333333334,6.4
3653,-34.13333333333333,-392.5333333333333,21.333333333333332
3654,-27.733333333333334,-388.26666666666665,29.866666666666667
3655,-10.666666666666666,-377.6,40.53333333333333
3656,-23.466666666666665,-390.4,46.93333333333333
3657,-4.266666666666667,-396.8,51.2
3658,2.1333333333333333,-398.93333333333334,53.333333333333336
3659,25.6,-416.0,66.13333333333333
3660,40.53333333333333,-437.3333333333333,57.6
3661,49.06666666666666,-471.46666666666664,70.4
3662,53.333333333333336,-505.59999999999997,51.2
3663,44.8,-537.6,42.666666666666664
3664,51.2,-573.8666666666667,8.533333333333333
3665,64.0,-614.4,-34.13333333333333
3666,85.33333333333333,-676.2666666666667,-81.06666666666666
3667,89.6,-716.8,-91.73333333333333
3668,91.73333333333333,-772.2666666666667,-104.53333333333333
3669,68.26666666666667,-819.2,-115.2
3670,46.93333333333333,-864.0,-121.6
3671,29.866666666666667,-919.4666666666667,-134.4
3672,19.2,-949.3333333333334,-121.6
3673,23.466666666666665,-962.1333333333333,-119.46666666666667
3674,29.866666666666667,-955.7333333333333,-108.8
3675,34.13333333333333,-932.2666666666667,-100.26666666666667
3676,55.46666666666667,-900.2666666666667,-89.6
3677,78.93333333333334,-836.2666666666667,-78.93333333333334
3678,93.86666666666666,-780.8,-81.06666666666666
3679,108.8,-716.8,-78.93333333333334
3680,113.06666666666666,-661.3333333333334,-78.93333333333334
3681,108.8,-620.8,-91.73333333333333
3682,108.8,-595.2,-96.0
3683,108.8,-580.2666666666667,-113.06666666666666
3684,104.53333333333333,-576.0,-121.6
3685,110.93333333333334,-576.0,-115.2
3686,110.93333333333334,-582.4,-113.06666666666666
3687,93.86666666666666,-599.4666666666667,-117.33333333333333
3688,96.0,-616.5333333333333,-81.06666666666666
3689,83.2,-650.6666666666666,-81.06666666666666
3690,59.733333333333334,-665.6,-61.86666666666667
3691,44.8,-684.8,-42.666666666666664
3692,29.866666666666667,-693.3333333333334,-21.333333333333332
3693,25.6,-701.8666666666667,-17.066666666666666
3694,14.933333333333334,-706.1333333333333,6.4
3695,12.8,-716.8,14.933333333333334
3696,6.4,-716.8,19.2
3697,17.066666666666666,-718.9333333333333,27.733333333333334
3698,4.266666666666667,-727.4666666666667,21.333333333333332
3699,14.933333333333334,-740.2666666666667,17.066666666666666
3700,2.1333333333333333,-727.4666666666667,6.4
3701,6.4,-725.3333333333334,2.1333333333333333
3702,8.533333333333333,-725.3333333333334,2.1333333333333333
3703,8.533333333333333,-706.1333333333333,-2.1333333333333333
3704,14.933333333333334,-695.4666666666667,4.266666666666667
3705,14.933333333333334,-676.2666666666667,-2.1333333333333333
3706,23.466666666666665,-646.4,-6.4
3707,36.266666666666666,-635.7333333333333,-8.533333333333333
3708,38.4,-597.3333333333334,-6.4
3709,36.266666666666666,-578.1333333333333,2.1333333333333333
3710,34.13333333333333,-552.5333333333333,-2.1333333333333333
3711,49.06666666666666,-535.4666666666667,-2.1333333333333333
3712,40.53333333333333,-524.8,2.1333333333333333
3713,44.8,-524.8,0.0
3714,42.666666666666664,-514.1333333333333,-12.8
3715,42.666666666666664,-514.1333333333333,-25.6
3716,40.53333333333333,-507.73333333333335,-44.8
3717,36.266666666666666,-509.8666666666667,-57.6
3718,21.333333333333332,-499.2,-68.26666666666667
3719,25.6,-503.46666666666664,-57.6
3720,29.866666666666667,-507.73333333333335,-72.53333333333333
3721,21.333333333333332,-509.8666666666667,-72.53333333333333
3722,8.533333333333333,-507.73333333333335,-59.733333333333334
3723,6.4,-509.8666666666667,-61.86666666666667
3724,2.1333333333333333,-514.1333333333333,-53.333333333333336
3725,-2.1333333333333333,-518.4,-55.46666666666667
3726,0.0,-526.9333333333333,-38.4
3727,0.0,-522.6666666666666,-36.266666666666666
3728,-2.1333333333333333,-529.0666666666666,-29.866666666666667
3729,0.0,-529.0666666666666,-34.13333333333333
3730,4.266666666666667,-529.0666666666666,-27.733333333333334
3731,4.266666666666667,-544.0,-17.066666666666666
3732,10.666666666666666,-539.7333333333333,-23.466666666666665
3733,17.066666666666666,-546.1333333333333,-23.466666666666665
3734,17.066666666666666,-548.2666666666667,-27.733333333333334
3735,23.466666666666665,-546.1333333333333,-23.466666666666665
3736,25.6,-558.9333333333333,-19.2
3737,27.733333333333334,-561.0666666666666,-17.066666666666666
3738,19.2,-558.9333333333333,-17.066666666666666
3739,21.333333333333332,-567.4666666666667,-23.466666666666665
3740,19.2,-558.9333333333333,-32.0
3741,34.13333333333333,-561.0666666666666,-27.733333333333334
3742,14.933333333333334,-563.2,-17.066666666666666
3743,19.2,-556.8,-27.733333333333334
3744,25.6,-554.6666666666666,-25.6
3745,25.6,-554.6666666666666,-21.333333333333332
3746,19.2,-546.1333333333333,-10.666666666666666
3747,19.2,-546.1333333333333,-19.2
3748,14.933333333333334,-544.0,-8.533333333333333
3749,17.066666666666666,-541.8666666666667,-2.1333333333333333
3750,14.933333333333334,-546.1333333333333,-4.266666666666667
3751,19.2,-539.7333333333333,6.4
3752,10.666666666666666,-541.8666666666667,-4.266666666666667
3753,23.466666666666665,-546.1333333333333,2.1333333333333333
3754,17.066666666666666,-544.0,4.266666666666667
3755,8.533333333333333,-541.8666666666667,-4.266666666666667
3756,8.533333333333333,-537.6,0.0
3757,10.666666666666666,-537.6,-4.266666666666667
3758,6.4,-537.6,-12.8
3759,2.1333333333333333,-533.3333333333334,-14.933333333333334
3760,2.1333333333333333,-531.2,-14.933333333333334
3761,-2.1333333333333333,-524.8,-6.4
3762,-10.666666666666666,-520.5333333333333,-19.2
3763,-10.666666666666666,-509.8666666666667,0.0
3764,-14.933333333333334,-501.3333333333333,-12.8
3765,-14.933333333333334,-501.3333333333333,-6.4
3766,-17.066666666666666,-501.3333333333333,-8.533333333333333
3767,-27.733333333333334,-499.2,6.4
3768,-23.466666666666665,-501.3333333333333,14.933333333333334
3769,-19.2,-501.3333333333333,25.6
3770,-25.6,-503.46666666666664,19.2
3771,-25.6,-501.3333333333333,17.066666666666666
3772,-23.466666666666665,-505.59999999999997,17.066666666666666
3773,-19.2,-501.3333333333333,14.933333333333334
3774,-12.8,-499.2,19.2
3775,-23.466666666666665,-490.6666666666667,2.1333333333333333
3776,-21.333333333333332,-484.26666666666665,-8.533333333333333
3777,-8.533333333333333,-469.3333333333333,-17.066666666666666
3778,-8.533333333333333,-452.26666666666665,-32.0
3779,2.1333333333333333,-443.73333333333335,-29.866666666666667
3780,10.666666666666666,-428.8,-38.4
3781,14.933333333333334,-420.26666666666665,-44.8
3782,17.066666666666666,-411.73333333333335,-36.266666666666666
3783,29.866666666666667,-411.73333333333335,-36.266666666666666
3784,27.733333333333334,-409.6,-12.8
3785,36.266666666666666,-416.0,-12.8
3786,29.866666666666667,-413.8666666666667,-12.8
3787,25.6,-426.6666666666667,-2.1333333333333333
3788,19.2,-430.93333333333334,-4.266666666666667
3789,17.066666666666666,-443.73333333333335,4.266666666666667
3790,14.933333333333334,-456.5333333333333,10.666666666666666
3791,6.4,-467.2,12.8
3792,8.533333333333333,-475.73333333333335,8.533333333333333
3793,-2.1333333333333333,-492.8,6.4
3794,-4.266666666666667,-497.06666666666666,12.8
3795,-10.666666666666666,-516.2666666666667,21.333333333333332
3796,-10.666666666666666,-518.4,2.1333333333333333
3797,-21.333333333333332,-529.0666666666666,6.4
3798,-14.933333333333334,-529.0666666666666,0.0
3799,-17.066666666666666,-531.2,-4.266666666666667
3800,-23.466666666666665,-535.4666666666667,-10.666666666666666
3801,-23.466666666666665,-533.3333333333334,-19.2
3802,-27.733333333333334,-531.2,-10.666666666666666
3803,-32.0,-522.6666666666666,2.1333333333333333
3804,-34.13333333333333,-531.2,14.933333333333334
3805,-44.8,-518.4,32.0
3806,-44.8,-526.9333333333333,27.733333333333334
3807,-66.13333333333333,-524.8,34.13333333333333
3808,-53.333333333333336,-531.2,36.266666666666666
3809,-55.46666666666667,-531.2,40.53333333333333
3810,-64.0,-537.6,36.266666666666666
3811,-68.26666666666667,-535.4666666666667,36.266666666666666
3812,-72.53333333333333,-529.0666666666666,27.733333333333334
3813,-57.6,-544.0,32.0
3814,-61.86666666666667,-539.7333333333333,19.2
3815,-68.26666666666667,-544.0,23.466666666666665
3816,-59.733333333333334,-541.8666666666667,32.0
3817,-74.66666666666667,-544.0,40.53333333333333
3818,-76.8,-552.5333333333333,38.4
3819,-70.4,-546.1333333333333,40.53333333333333
3820,-68.26666666666667,-548.2666666666667,44.8
3821,-64.0,-546.1333333333333,51.2
3822,-59.733333333333334,-544.0,49.06666666666666
3823,-64.0,-546.1333333333333,49.06666666666666
3824,-68.26666666666667,-539.7333333333333,42.666666666666664
3825,-70.4,-541.8666666666667,42.666666666666664
3826,-76.8,-541.8666666666667,46.93333333333333
3827,-81.06666666666666,-539.7333333333333,36.266666666666666
3828,-74.66666666666667,-537.6,21.333333333333332
3829,-64.0,-539.7333333333333,23.466666666666665
3830,-53.333333333333336,-546.1333333333333,27.733333333333334
3831,-34.13333333333333,-546.1333333333333,25.6
3832,-34.13333333333333,-550.4,29.866666666666667
3833,-25.6,-548.2666666666667,36.266666666666666
3834,-17.066666666666666,-546.1333333333333,40.53333333333333
3835,-12.8,-539.7333333333333,46.93333333333333
3836,-4.266666666666667,-541.8666666666667,57.6
3837,0.0,-539.7333333333333,51.2
3838,12.8,-535.4666666666667,55.46666666666667
3839,29.866666666666667,-529.0666666666666,44.8
3840,17.066666666666666,-533.3333333333334,34.13333333333333
3841,21.333333333333332,-526.9333333333333,27.733333333333334
3842,2.1333333333333333,-526.9333333333333,34.13333333333333
3843,-12.8,-535.4666666666667,32.0
3844,-19.2,-539.7333333333333,46.93333333333333
3845,-29.866666666666667,-552.5333333333333,49.06666666666666
3846,-29.866666666666667,-578.1333333333333,42.666666666666664
3847,-34.13333333333333,-595.2,32.0
3848,-49.06666666666666,-614.4,6.4
3849,-46.93333333333333,-640.0,-27.733333333333334
3850,-66.13333333333333,-652.8,-53.333333333333336
3851,-85.33333333333333,-676.2666666666667,-55.46666666666667
3852,-96.0,-682.6666666666666,-66.13333333333333
3853,-104.53333333333333,-689.0666666666666,-85.33333333333333
3854,-100.26666666666667,-684.8,-98.13333333333333
3855,-104.53333333333333,-674.1333333333333,-110.93333333333334
3856,-115.2,-657.0666666666666,-132.26666666666665
3857,-132.26666666666665,-622.9333333333333,-125.86666666666666
3858,-138.66666666666666,-599.4666666666667,-128.0
3859,-134.4,-580.2666666666667,-125.86666666666666
3860,-140.8,-558.9333333333333,-128.0
3861,-138.66666666666666,-552.5333333333333,-117.33333333333333
3862,-140.8,-550.4,-119.46666666666667
3863,-138.66666666666666,-558.9333333333333,-130.13333333333333
3864,-136.53333333333333,-569.6,-128.0
3865,-138.66666666666666,-580.2666666666667,-117.33333333333333
3866,-134.4,-599.4666666666667,-123.73333333333333
3867,-128.0,-618.6666666666666,-100.26666666666667
3868,-123.73333333333333,-635.7333333333333,-100.26666666666667
3869,-130.13333333333333,-652.8,-91.73333333333333
3870,-136.53333333333333,-667.7333333333333,-83.2
3871,-140.8,-672.0,-78.93333333333334
3872,-136.53333333333333,-665.6,-59.733333333333334
3873,-117.33333333333333,-682.6666666666666,-81.06666666666666
3874,-108.8,-686.9333333333333,-74.66666666666667
3875,-102.4,-689.0666666666666,-83.2
3876,-93.86666666666666,-689.0666666666666,-70.4
3877,-83.2,-693.3333333333334,-68.26666666666667
3878,-78.93333333333334,-686.9333333333333,-61.86666666666667
3879,-64.0,-676.2666666666667,-59.733333333333334
3880,-49.06666666666666,-661.3333333333334,-32.0
3881,-34.13333333333333,-661.3333333333334,-23.466666666666665
3882,-29.866666666666667,-667.7333333333333,-25.6
3883,-29.866666666666667,-652.8,-21.333333333333332
3884,-21.333333333333332,-650.6666666666666,-17.066666666666666
3885,-10.666666666666666,-667.7333333333333,-17.066666666666666
3886,2.1333333333333333,-676.2666666666667,-8.533333333333333
3887,-2.1333333333333333,-684.8,-6.4
3888,2.1333333333333333,-691.2,-12.8
3889,25.6,-708.2666666666667,-27.733333333333334
3890,17.066666666666666,-721.0666666666666,-46.93333333333333
3891,21.333333333333332,-727.4666666666667,-66.13333333333333
3892,17.066666666666666,-710.4,-74.66666666666667
3893,25.6,-695.4666666666667,-98.13333333333333
3894,46.93333333333333,-678.4,-98.13333333333333
3895,57.6,-646.4,-93.86666666666666
3896,57.6,-616.5333333333333,-87.46666666666667
3897,66.13333333333333,-593.0666666666666,-78.93333333333334
3898,78.93333333333334,-558.9333333333333,-70.4
3899,83.2,-541.8666666666667,-53.333333333333336
3900,83.2,-520.5333333333333,-49.06666666666666
3901,85.33333333333333,-505.59999999999997,-53.333333333333336
3902,87.46666666666667,-497.06666666666666,-36.266666666666666
3903,91.73333333333333,-492.8,-44.8
3904,93.86666666666666,-499.2,-32.0
3905,72.53333333333333,-499.2,-44.8
3906,74.66666666666667,-522.6666666666666,-36.266666666666666
3907,57.6,-541.8666666666667,-44.8
3908,51.2,-554.6666666666666,-36.266666666666666
3909,34.13333333333333,-576.0,-27.733333333333334
3910,12.8,-580.2666666666667,-34.13333333333333
3911,-2.1333333333333333,-590.9333333333333,-27.733333333333334
3912,-23.466666666666665,-599.4666666666667,-25.6
3913,-40.53333333333333,-599.4666666666667,-27.733333333333334
3914,-46.93333333333333,-582.4,-36.266666666666666
3915,-76.8,-576.0,-25.6
3916,-93.86666666666666,-558.9333333333333,-32.0
3917,-108.8,-554.6666666666666,-25.6
3918,-117.33333333333333,-544.0,-27.733333333333334
3919,-123.73333333333333,-539.7333333333333,-29.866666666666667
3920,-128.0,-544.0,-23.466666666666665
3921,-132.26666666666665,-526.9333333333333,-29.866666666666667
3922,-134.4,-533.3333333333334,-25.6
3923,-132.26666666666665,-533.3333333333334,-23.466666666666665
3924,-130.13333333333333,-539.7333333333333,-27.733333333333334
3925,-121.6,-546.1333333333333,-27.733333333333334
3926,-117.33333333333333,-541.8666666666667,-25.6
3927,-113.06666666666666,-544.0,-23.466666666666665
3928,-100.26666666666667,-550.4,-17.066666666666666
3929,-96.0,-556.8,-12.8
3930,-89.6,-550.4,-12.8
3931,-76.8,-552.5333333333333,-14.933333333333334
3932,-66.13333333333333,-550.4,-17.066666666666666
3933,-59.733333333333334,-556.8,-19.2
3934,-57.6,-546.1333333333333,-8.533333333333333
3935,-57.6,-541.8666666666667,-8.533333333333333
3936,-49.06666666666666,-539.7333333333333,-12.8
3937,-36.266666666666666,-529.0666666666666,-10.666666666666666
3938,-36.266666666666666,-526.9333333333333,-8.533333333333333
3939,-32.0,-524.8,6.4
3940,-32.0,-516.2666666666667,8.533333333333333
3941,-27.733333333333334,-514.1333333333333,6.4
3942,-25.6,-507.73333333333335,23.466666666666665
3943,-17.066666666666666,-512.0,21.333333333333332
3944,-10.666666666666666,-514.1333333333333,19.2
3945,-17.066666666666666,-509.8666666666667,27.733333333333334
3946,-17.066666666666666,-505.59999999999997,19.2
3947,-19.2,-514.1333333333333,27.733333333333334
3948,-19.2,-507.73333333333335,25.6
3949,-23.466666666666665,-514.1333333333333,29.866666666666667
3950,-23.466666666666665,-509.8666666666667,27.733333333333334
3951,-32.0,-505.59999999999997,21.333333333333332
3952,-32.0,-503.46666666666664,19.2
3953,-34.13333333333333,-499.2,23.466666666666665
3954,-34.13333333333333,-499.2,21.333333333333332
3955,-40.53333333333333,-497.06666666666666,17.066666666666666
3956,-36.266666666666666,-488.5333333333333,23.466666666666665
3957,-44.8,-482.1333333333333,25.6
3958,-29.866666666666667,-467.2,19.2
3959,-44.8,-486.4,34.13333333333333
3960,-38.4,-480.0,32.0
3961,-44.8,-480.0,34.13333333333333
3962,-49.06666666666666,-475.73333333333335,40.53333333333333
3963,-49.06666666666666,-475.73333333333335,34.13333333333333
3964,-55.46666666666667,-467.2,29.866666666666667
3965,-53.333333333333336,-467.2,32.0
3966,-55.46666666666667,-460.8,23.466666666666665
3967,-51.2,-462.93333333333334,23.466666666666665
3968,-64.0,-456.5333333333333,12.8
3969,-51.2,-460.8,8.533333333333333
3970,-59.733333333333334,-448.0,8.533333333333333
3971,-59.733333333333334,-443.73333333333335,14.933333333333334
3972,-53.333333333333336,-445.8666666666667,4.266666666666667
3973,-59.733333333333334,-443.73333333333335,0.0
3974,-53.333333333333336,-445.8666666666667,17.066666666666666
3975,-49.06666666666666,-450.1333333333333,10.666666666666666
3976,-59.733333333333334,-456.5333333333333,14.933333333333334
3977,-42.666666666666664,-467.2,4.266666666666667
3978,-57.6,-462.93333333333334,8.533333333333333
3979,-49.06666666666666,-480.0,10.666666666666666
3980,-51.2,-482.1333333333333,4.266666666666667
3981,-53.333333333333336,-488.5333333333333,4.266666666666667
3982,-53.333333333333336,-488.5333333333333,0.0
3983,-36.266666666666666,-488.5333333333333,-4.266666666666667
3984,-34.13333333333333,-477.8666666666667,10.666666666666666
3985,-34.13333333333333,-473.59999999999997,-14.933333333333334
3986,-25.6,-477.8666666666667,-12.8
3987,-14.933333333333334,-475.73333333333335,-17.066666666666666
3988,-10.666666666666666,-475.73333333333335,4.266666666666667
3989,-2.1333333333333333,-471.46666666666664,14.933333333333334
3990,-4.266666666666667,-469.3333333333333,21.333333333333332
3991,6.4,-490.6666666666667,34.13333333333333
3992,12.8,-490.6666666666667,44.8
3993,8.533333333333333,-501.3333333333333,53.333333333333336
3994,6.4,-501.3333333333333,55.46666666666667
3995,6.4,-501.3333333333333,66.13333333333333
3996,21.333333333333332,-514.1333333333333,64.0
3997,17.066666666666666,-499.2,55.46666666666667
3998,29.866666666666667,-505.59999999999997,51.2
3999,27.733333333333334,-499.2,46.93333333333333
4000,32.0,-499.2,40.53333333333333
4001,40.53333333333333,-497.06666666666666,55.46666666666667
4002,49.06666666666666,-503.46666666666664,36.266666666666666
4003,57.6,-507.73333333333335,40.53333333333333
4004,57.6,-509.8666666666667,44.8
4005,59.733333333333334,-507.73333333333335,46.93333333333333
4006,59.733333333333334,-507.73333333333335,42.666666666666664
4007,64.0,-507.73333333333335,51.2
4008,72.53333333333333,-507.73333333333335,68.26666666666667
4009,72.53333333333333,-501.3333333333333,61.86666666666667
4010,68.26666666666667,-486.4,61.86666666666667
4011,70.4,-471.46666666666664,70.4
4012,64.0,-482.1333333333333,72.53333333333333
4013,64.0,-465.06666666666666,81.06666666666666
4014,53.333333333333336,-458.6666666666667,89.6
4015,59.733333333333334,-448.0,83.2
4016,66.13333333333333,-452.26666666666665,83.2
4017,68.26666666666667,-450.1333333333333,78.93333333333334
4018,74.66666666666667,-448.0,78.93333333333334
4019,68.26666666666667,-452.26666666666665,74.66666666666667
4020,74.66666666666667,-450.1333333333333,59.733333333333334
4021,68.26666666666667,-473.59999999999997,53.333333333333336
4022,59.733333333333334,-473.59999999999997,59.733333333333334
4023,42.666666666666664,-490.6666666666667,51.2
4024,25.6,-509.8666666666667,44.8
4025,-4.266666666666667,-522.6666666666666,36.266666666666666
4026,-21.333333333333332,-546.1333333333333,25.6
4027,-38.4,-571.7333333333333,-4.266666666666667
4028,-42.666666666666664,-601.6,-38.4
4029,-53.333333333333336,-625.0666666666666,-76.8
4030,-40.53333333333333,-665.6,-113.06666666666666
4031,-25.6,-706.1333333333333,-136.53333333333333
4032,-2.1333333333333333,-746.6666666666666,-136.53333333333333
4033,10.666666666666666,-770.1333333333333,-136.53333333333333
4034,6.4,-785.0666666666666,-123.73333333333333
4035,0.0,-785.0666666666666,-119.46666666666667
4036,-12.8,-770.1333333333333,-115.2
4037,-6.4,-753.0666666666666,-110.93333333333334
4038,-6.4,-727.4666666666667,-121.6
4039,4.266666666666667,-706.1333333333333,-132.26666666666665
4040,10.666666666666666,-667.7333333333333,-138.66666666666666
4041,10.666666666666666,-640.0,-145.06666666666666
4042,27.733333333333334,-612.2666666666667,-147.2
4043,25.6,-582.4,-142.93333333333334
4044,17.066666666666666,-565.3333333333334,-140.8
4045,17.066666666666666,-548.2666666666667,-138.66666666666666
4046,8.533333333333333,-550.4,-125.86666666666666
4047,25.6,-548.2666666666667,-89.6
4048,29.866666666666667,-558.9333333333333,-100.26666666666667
4049,27.733333333333334,-586.6666666666666,-104.53333333333333
4050,25.6,-622.9333333333333,-102.4
4051,12.8,-665.6,-87.46666666666667
4052,-10.666666666666666,-704.0,-53.333333333333336
4053,-29.866666666666667,-765.8666666666667,-14.933333333333334
4054,-34.13333333333333,-821.3333333333334,4.266666666666667
4055,-53.333333333333336,-889.6,10.666666666666666
4056,-38.4,-945.0666666666666,-36.266666666666666
4057,-4.266666666666667,-1002.6666666666666,-76.8
4058,49.06666666666666,-1034.6666666666667,-115.2
4059,119.46666666666667,-1056.0,-162.13333333333333
4060,172.8,-1047.4666666666667,-164.26666666666665
4061,181.33333333333334,-998.4,-147.2
4062,162.13333333333333,-923.7333333333333,-115.2
4063,128.0,-857.6,-81.06666666666666
4064,108.8,-789.3333333333334,-44.8
4065,100.26666666666667,-716.8,-12.8
4066,83.2,-661.3333333333334,6.4
4067,93.86666666666666,-612.2666666666667,-2.1333333333333333
4068,83.2,-569.6,0.0
4069,68.26666666666667,-522.6666666666666,-10.666666666666666
4070,46.93333333333333,-499.2,-36.266666666666666
4071,32.0,-480.0,-49.06666666666666
4072,10.666666666666666,-458.6666666666667,-53.333333333333336
4073,-4.266666666666667,-460.8,-64.0
4074,-19.2,-454.4,-61.86666666666667
4075,-21.333333333333332,-460.8,-72.53333333333333
4076,-29.866666666666667,-475.73333333333335,-66.13333333333333
4077,-34.13333333333333,-490.6666666666667,-76.8
4078,-49.06666666666666,-505.59999999999997,-53.333333333333336
4079,-40.53333333333333,-516.2666666666667,-44.8
4080,-34.13333333333333,-541.8666666666667,-32.0
4081,-36.266666666666666,-550.4,-23.466666666666665
4082,-34.13333333333333,-546.1333333333333,-14.933333333333334
4083,-36.266666666666666,-546.1333333333333,-10.666666666666666
4084,-34.13333333333333,-531.2,-32.0
4085,-40.53333333333333,-509.8666666666667,-36.266666666666666
4086,-34.13333333333333,-497.06666666666666,-40.53333333333333
4087,-29.866666666666667,-490.6666666666667,-44.8
4088,-23.466666666666665,-486.4,-46.93333333333333
4089,-29.866666666666667,-480.0,-51.2
4090,-29.866666666666667,-490.6666666666667,-46.93333333333333
4091,-32.0,-503.46666666666664,-51.2
4092,-21.333333333333332,-518.4,-49.06666666666666
4093,-25.6,-541.8666666666667,-34.13333333333333
4094,-29.866666666666667,-563.2,-32.0
4095,-27.733333333333334,-573.8666666666667,-32.0
4096,-19.2,-580.2666666666667,-23.466666666666665
4097,-19.2,-590.9333333333333,-19.2
4098,-8.533333333333333,-593.0666666666666,-27.733333333333334
4099,-4.266666666666667,-595.2,-23.466666666666665
4100,-4.266666666666667,-586.6666666666666,-32.0
4101,-2.1333333333333333,-578.1333333333333,-32.0
4102,6.4,-567.4666666666667,-42.666666666666664
4103,8.533333333333333,-556.8,-49.06666666666666
4104,10.666666666666666,-541.8666666666667,-53.333333333333336
4105,10.666666666666666,-529.0666666666666,-49.06666666666666
4106,14.933333333333334,-522.6666666666666,-57.6
4107,10.666666666666666,-509.8666666666667,-44.8
4108,8.533333333333333,-499.2,-59.733333333333334
4109,10.666666666666666,-486.4,-53.333333333333336
4110,0.0,-486.4,-40.53333333333333
4111,-2.1333333333333333,-484.26666666666665,-27.733333333333334
4112,0.0,-492.8,-21.333333333333332
4113,-8.533333333333333,-492.8,-14.933333333333334
4114,-19.2,-507.73333333333335,-14.933333333333334
4115,-14.933333333333334,-512.0,-10.666666666666666
4116,-23.466666666666665,-516.2666666666667,-8.533333333333333
4117,-29.866666666666667,-518.4,-4.266666666666667
4118,-32.0,-522.6666666666666,-10.666666666666666
4119,-32.0,-535.4666666666667,-10.666666666666666
4120,-34.13333333333333,-537.6,-12.8
4121,-34.13333333333333,-544.0,-10.666666666666666
4122,-36.266666666666666,-544.0,-2.1333333333333333
4123,-42.666666666666664,-548.2666666666667,-4.266666666666667
4124,-32.0,-552.5333333333333,0.0
4125,-32.0,-552.5333333333333,-2.1333333333333333
4126,-34.13333333333333,-546.1333333333333,8.533333333333333
4127,-38.4,-544.0,10.666666666666666
4128,-42.666666666666664,-539.7333333333333,6.4
4129,-42.666666666666664,-533.3333333333334,19.2
4130,-44.8,-516.2666666666667,14.933333333333334
4131,-51.2,-533.3333333333334,27.733333333333334
4132,-51.2,-518.4,17.066666666666666
4133,-53.333333333333336,-516.2666666666667,29.866666666666667
4134,-57.6,-516.2666666666667,19.2
4135,-59.733333333333334,-507.73333333333335,19.2
4136,-59.733333333333334,-512.0,19.2
4137,-59.733333333333334,-509.8666666666667,21.333333333333332
4138,-49.06666666666666,-512.0,32.0
4139,-55.46666666666667,-497.06666666666666,14.933333333333334
4140,-55.46666666666667,-497.06666666666666,10.666666666666666
4141,-46.93333333333333,-486.4,10.666666666666666
4142,-46.93333333333333,-477.8666666666667,4.266666666666667
4143,-42.666666666666664,-475.73333333333335,0.0
4144,-40.53333333333333,-467.2,-4.266666666666667
4145,-38.4,-462.93333333333334,0.0
4146,-32.0,-469.3333333333333,2.1333333333333333
4147,-32.0,-456.5333333333333,0.0
4148,-27.733333333333334,-469.3333333333333,0.0
4149,-23.466666666666665,-469.3333333333333,6.4
4150,-25.6,-465.06666666666666,0.0
4151,-21.333333333333332,-467.2,12.8
4152,-14.933333333333334,-460.8,6.4
4153,-4.266666666666667,-465.06666666666666,19.2
4154,-17.066666666666666,-454.4,8.533333333333333
4155,2.1333333333333333,-458.6666666666667,2.1333333333333333
4156,8.533333333333333,-454.4,4.266666666666667
4157,8.533333333333333,-443.73333333333335,-8.533333333333333
4158,14.933333333333334,-437.3333333333333,-23.466666666666665
4159,14.933333333333334,-428.8,-23.466666666666665
4160,23.466666666666665,-422.4,-32.0
4161,14.933333333333334,-416.0,-36.266666666666666
4162,10.666666666666666,-418.1333333333333,-29.866666666666667
4163,4.266666666666667,-420.26666666666665,-17.066666666666666
4164,-2.1333333333333333,-428.8,-2.1333333333333333
4165,-19.2,-428.8,19.2
4166,-29.866666666666667,-445.8666666666667,32.0
4167,-42.666666666666664,-452.26666666666665,44.8
4168,-55.46666666666667,-465.06666666666666,51.2
4169,-78.93333333333334,-469.3333333333333,44.8
4170,-78.93333333333334,-484.26666666666665,49.06666666666666
4171,-85.33333333333333,-486.4,38.4
4172,-98.13333333333333,-484.26666666666665,29.866666666666667
4173,-89.6,-486.4,21.333333333333332
4174,-83.2,-486.4,14.933333333333334
4175,-91.73333333333333,-488.5333333333333,-2.1333333333333333
4176,-85.33333333333333,-488.5333333333333,-6.4
4177,-96.0,-486.4,0.0
4178,-89.6,-486.4,-10.666666666666666
4179,-89.6,-494.93333333333334,-8.533333333333333
4180,-98.13333333333333,-497.06666666666666,-6.4
4181,-89.6,-499.2,4.266666666666667
4182,-91.73333333333333,-507.73333333333335,29.866666666666667
4183,-93.86666666666666,-507.73333333333335,34.13333333333333
4184,-96.0,-512.0,40.53333333333333
4185,-93.86666666666666,-503.46666666666664,32.0
4186,-93.86666666666666,-501.3333333333333,57.6
4187,-106.66666666666667,-494.93333333333334,53.333333333333336
4188,-108.8,-501.3333333333333,57.6
4189,-96.0,-497.06666666666666,44.8
4190,-87.46666666666667,-492.8,34.13333333333333
4191,-72.53333333333333,-490.6666666666667,21.333333333333332
4192,-68.26666666666667,-486.4,2.1333333333333333
4193,-59.733333333333334,-509.8666666666667,-14.933333333333334
4194,-66.13333333333333,-518.4,-25.6
4195,-64.0,-546.1333333333333,-29.866666666666667
4196,-59.733333333333334,-578.1333333333333,-59.733333333333334
4197,-42.666666666666664,-625.0666666666666,-78.93333333333334
4198,-32.0,-657.0666666666666,-128.0
4199,-12.8,-701.8666666666667,-168.53333333333333
4200,-8.533333333333333,-750.9333333333333,-194.13333333333333
4201,-4.266666666666667,-806.4,-198.4
4202,-6.4,-827.7333333333333,-181.33333333333334
4203,-21.333333333333332,-842.6666666666666,-164.26666666666665
4204,-32.0,-829.8666666666667,-140.8
4205,-68.26666666666667,-802.1333333333333,-104.53333333333333
4206,-102.4,-768.0,-70.4
4207,-113.06666666666666,-731.7333333333333,-32.0
4208,-151.46666666666667,-676.2666666666667,-49.06666666666666
4209,-172.8,-637.8666666666667,-46.93333333333333
4210,-185.6,-608.0,-72.53333333333333
4211,-189.86666666666667,-590.9333333333333,-98.13333333333333
4212,-206.93333333333334,-571.7333333333333,-115.2
4213,-204.8,-563.2,-145.06666666666666
4214,-192.0,-573.8666666666667,-142.93333333333334
4215,-172.8,-603.7333333333333,-155.73333333333332
4216,-140.8,-637.8666666666667,-160.0
4217,-108.8,-674.1333333333333,-147.2
4218,-85.33333333333333,-704.0,-134.4
4219,-53.333333333333336,-729.6,-134.4
4220,-27.733333333333334,-753.0666666666666,-136.53333333333333
4221,-4.266666666666667,-757.3333333333334,-134.4
4222,8.533333333333333,-759.4666666666667,-151.46666666666667
4223,29.866666666666667,-765.8666666666667,-145.06666666666666
4224,46.93333333333333,-748.8,-142.93333333333334
4225,74.66666666666667,-753.0666666666666,-136.53333333333333
4226,106.66666666666667,-748.8,-117.33333333333333
4227,87.46666666666667,-714.6666666666666,-85.33333333333333
4228,55.46666666666667,-710.4,-59.733333333333334
4229,68.26666666666667,-693.3333333333334,-57.6
4230,91.73333333333333,-682.6666666666666,-66.13333333333333
4231,89.6,-676.2666666666667,-64.0
4232,96.0,-678.4,-68.26666666666667
4233,102.4,-678.4,-72.53333333333333
4234,91.73333333333333,-682.6666666666666,-55.46666666666667
4235,83.2,-691.2,-72.53333333333333
4236,68.26666666666667,-704.0,-72.53333333333333
4237,51.2,-718.9333333333333,-76.8
4238,42.666666666666664,-718.9333333333333,-85.33333333333333
4239,44.8,-701.8666666666667,-81.06666666666666
4240,27.733333333333334,-691.2,-89.6
4241,14.933333333333334,-672.0,-87.46666666666667
4242,8.533333333333333,-652.8,-76.8
4243,-2.1333333333333333,-640.0,-74.66666666666667
4244,-21.333333333333332,-614.4,-70.4
4245,-27.733333333333334,-595.2,-57.6
4246,-38.4,-571.7333333333333,-46.93333333333333
4247,-40.53333333333333,-554.6666666666666,-42.666666666666664
4248,-40.53333333333333,-541.8666666666667,-40.53333333333333
4249,-40.53333333333333,-535.4666666666667,-27.733333333333334
4250,-36.266666666666666,-529.0666666666666,-19.2
4251,-27.733333333333334,-505.59999999999997,-25.6
4252,-27.733333333333334,-497.06666666666666,-12.8
4253,-23.466666666666665,-497.06666666666666,-14.933333333333334
4254,-14.933333333333334,-494.93333333333334,-17.066666666666666
4255,-25.6,-488.5333333333333,-14.933333333333334
4256,-12.8,-490.6666666666667,-12.8
4257,-21.333333333333332,-494.93333333333334,-10.666666666666666
4258,-23.466666666666665,-501.3333333333333,2.1333333333333333
4259,-27.733333333333334,-507.73333333333335,-10.666666666666666
4260,-21.333333333333332,-497.06666666666666,0.0
4261,-29.866666666666667,-507.73333333333335,-10.666666666666666
4262,-38.4,-503.46666666666664,-17.066666666666666
4263,-42.666666666666664,-503.46666666666664,-23.466666666666665
4264,-36.266666666666666,-503.46666666666664,-21.333333333333332
4265,-42.666666666666664,-499.2,-25.6
4266,-38.4,-497.06666666666666,-36.266666666666666
4267,-40.53333333333333,-505.59999999999997,-34.13333333333333
4268,-42.666666666666664,-497.06666666666666,-32.0
4269,-51.2,-499.2,-44.8
4270,-42.666666666666664,-501.3333333333333,-29.866666666666667
4271,-36.266666666666666,-512.0,-53.333333333333336
4272,-36.266666666666666,-514.1333333333333,-34.13333333333333
4273,-46.93333333333333,-516.2666666666667,-36.266666666666666
4274,-46.93333333333333,-524.8,-25.6
4275,-46.93333333333333,-520.5333333333333,-29.866666666666667
4276,-42.666666666666664,-522.6666666666666,-19.2
4277,-49.06666666666666,-516.2666666666667,-32.0
4278,-55.46666666666667,-516.2666666666667,-29.866666666666667
4279,-49.06666666666666,-505.59999999999997,-27.733333333333334
4280,-49.06666666666666,-503.46666666666664,-36.266666666666666
4281,-42.666666666666664,-501.3333333333333,-29.866666666666667
4282,-40.53333333333333,-499.2,-19.2
4283,-46.93333333333333,-492.8,-25.6
4284,-44.8,-499.2,-23.466666666666665
4285,-49.06666666666666,-492.8,-17.066666666666666
4286,-36.266666666666666,-501.3333333333333,-4.266666666666667
4287,-40.53333333333333,-503.46666666666664,-4.266666666666667
4288,-34.13333333333333,-501.3333333333333,6.4
4289,-36.266666666666666,-505.59999999999997,8.533333333333333
4290,-34.13333333333333,-505.59999999999997,4.266666666666667
4291,-29.866666666666667,-507.73333333333335,10.666666666666666
4292,-34.13333333333333,-507.73333333333335,19.2
4293,-12.8,-503.46666666666664,25.6
4294,-32.0,-505.59999999999997,14.933333333333334
4295,-34.13333333333333,-505.59999999999997,25.6
4296,-32.0,-507.73333333333335,25.6
4297,-34.13333333333333,-509.8666666666667,34.13333333333333
4298,-32.0,-503.46666666666664,23.466666666666665
4299,-34.13333333333333,-505.59999999999997,23.466666666666665
4300,-40.53333333333333,-499.2,29.866666666666667
4301,-42.666666666666664,-499.2,25.6
4302,-49.06666666666666,-482.1333333333333,27.733333333333334
4303,-40.53333333333333,-488.5333333333333,17.066666666666666
4304,-46.93333333333333,-484.26666666666665,29.866666666666667
4305,-40.53333333333333,-473.59999999999997,12.8
4306,-32.0,-469.3333333333333,10.666666666666666
4307,-32.0,-473.59999999999997,6.4
4308,-29.866666666666667,-460.8,4.266666666666667
4309,-29.866666666666667,-462.93333333333334,8.533333333333333
4310,-21.333333333333332,-465.06666666666666,2.1333333333333333
4311,-10.666666666666666,-469.3333333333333,-4.266666666666667
4312,-2.1333333333333333,-475.73333333333335,6.4
4313,-4.266666666666667,-480.0,14.933333333333334
4314,-6.4,-484.26666666666665,0.0
4315,-21.333333333333332,-486.4,17.066666666666666
4316,-17.066666666666666,-482.1333333333333,14.933333333333334
4317,-19.2,-490.6666666666667,12.8
4318,-32.0,-475.73333333333335,14.933333333333334
4319,-40.53333333333333,-471.46666666666664,17.066666666666666
4320,-46.93333333333333,-465.06666666666666,10.666666666666666
4321,-46.93333333333333,-458.6666666666667,6.4
4322,-51.2,-456.5333333333333,21.333333333333332
4323,-51.2,-448.0,12.8
4324,-44.8,-452.26666666666665,19.2
4325,-36.266666666666666,-456.5333333333333,6.4
4326,-32.0,-450.1333333333333,14.933333333333334
4327,-27.733333333333334,-460.8,14.933333333333334
4328,-29.866666666666667,-458.6666666666667,17.066666666666666
4329,-27.733333333333334,-471.46666666666664,17.066666666666666
4330,-21.333333333333332,-482.1333333333333,19.2
4331,-14.933333333333334,-482.1333333333333,21.333333333333332
4332,-10.666666666666666,-486.4,14.933333333333334
4333,-6.4,-486.4,14.933333333333334
4334,-2.1333333333333333,-492.8,2.1333333333333333
4335,2.1333333333333333,-484.26666666666665,0.0
4336,2.1333333333333333,-484.26666666666665,2.1333333333333333
4337,12.8,-486.4,12.8
4338,10.666666666666666,-477.8666666666667,14.933333333333334
4339,4.266666666666667,-480.0,34.13333333333333
4340,4.266666666666667,-484.26666666666665,34.13333333333333
4341,0.0,-473.59999999999997,36.266666666666666
4342,-8.533333333333333,-465.06666666666666,25.6
4343,-10.666666666666666,-462.93333333333334,38.4
4344,-4.266666666666667,-458.6666666666667,42.666666666666664
4345,-10.666666666666666,-445.8666666666667,40.53333333333333
4346,-4.266666666666667,-437.3333333333333,46.93333333333333
4347,-2.1333333333333333,-435.2,57.6
4348,23.466666666666665,-430.93333333333334,40.53333333333333
4349,23.466666666666665,-454.4,57.6
4350,38.4,-471.46666666666664,59.733333333333334
4351,38.4,-486.4,64.0
4352,40.53333333333333,-505.59999999999997,57.6
4353,34.13333333333333,-520.5333333333333,57.6
4354,19.2,-535.4666666666667,42.666666666666664
4355,29.866666666666667,-558.9333333333333,38.4
4356,25.6,-584.5333333333333,27.733333333333334
4357,21.333333333333332,-616.5333333333333,21.333333333333332
4358,4.266666666666667,-644.2666666666667,12.8
4359,-17.066666666666666,-665.6,-17.066666666666666
4360,-25.6,-708.2666666666667,-76.8
4361,-14.933333333333334,-746.6666666666666,-108.8
4362,4.266666666666667,-780.8,-134.4
4363,17.066666666666666,-812.8,-132.26666666666665
4364,10.666666666666666,-821.3333333333334,-113.06666666666666
4365,-17.066666666666666,-825.6,-100.26666666666667
4366,-36.266666666666666,-808.5333333333333,-85.33333333333333
4367,-34.13333333333333,-791.4666666666667,-74.66666666666667
4368,-23.466666666666665,-765.8666666666667,-89.6
4369,-6.4,-757.3333333333334,-100.26666666666667
4370,-6.4,-723.2,-108.8
4371,2.1333333333333333,-701.8666666666667,-132.26666666666665
4372,12.8,-686.9333333333333,-140.8
4373,21.333333333333332,-674.1333333333333,-140.8
4374,44.8,-661.3333333333334,-138.66666666666666
4375,59.733333333333334,-654.9333333333333,-132.26666666666665
4376,81.06666666666666,-646.4,-119.46666666666667
4377,76.8,-635.7333333333333,-110.93333333333334
4378,87.46666666666667,-627.2,-85.33333333333333
4379,72.53333333333333,-622.9333333333333,-78.93333333333334
4380,87.46666666666667,-640.0,-61.86666666666667
4381,78.93333333333334,-633.6,-57.6
4382,72.53333333333333,-644.2666666666667,-55.46666666666667
4383,61.86666666666667,-652.8,-46.93333333333333
4384,53.333333333333336,-663.4666666666667,-44.8
4385,44.8,-674.1333333333333,-49.06666666666666
4386,32.0,-672.0,-53.333333333333336
4387,23.466666666666665,-672.0,-57.6
4388,21.333333333333332,-678.4,-68.26666666666667
4389,12.8,-680.5333333333333,-72.53333333333333
4390,4.266666666666667,-672.0,-83.2
4391,-4.266666666666667,-665.6,-66.13333333333333
4392,-8.533333333333333,-682.6666666666666,-72.53333333333333
4393,-8.533333333333333,-689.0666666666666,-72.53333333333333
4394,10.666666666666666,-718.9333333333333,-72.53333333333333
4395,36.266666666666666,-733.8666666666667,-70.4
4396,68.26666666666667,-750.9333333333333,-53.333333333333336
4397,98.13333333333333,-765.8666666666667,-59.733333333333334
4398,117.33333333333333,-768.0,-55.46666666666667
4399,136.53333333333333,-768.0,-55.46666666666667
4400,147.2,-757.3333333333334,-74.66666666666667
4401,153.6,-753.0666666666666,-64.0
4402,149.33333333333334,-738.1333333333333,-68.26666666666667
4403,140.8,-712.5333333333333,-66.13333333333333
4404,117.33333333333333,-676.2666666666667,-66.13333333333333
4405,104.53333333333333,-637.8666666666667,-83.2
4406,78.93333333333334,-595.2,-98.13333333333333
4407,53.333333333333336,-563.2,-104.53333333333333
4408,27.733333333333334,-533.3333333333334,-113.06666666666666
4409,8.533333333333333,-507.73333333333335,-110.93333333333334
4410,-27.733333333333334,-486.4,-98.13333333333333
4411,-46.93333333333333,-480.0,-91.73333333333333
4412,-68.26666666666667,-473.59999999999997,-61.86666666666667
4413,-91.73333333333333,-475.73333333333335,-51.2
4414,-106.66666666666667,-480.0,-34.13333333333333
4415,-108.8,-501.3333333333333,-27.733333333333334
4416,-110.93333333333334,-505.59999999999997,-29.866666666666667
4417,-119.46666666666667,-518.4,-19.2
4418,-110.93333333333334,-520.5333333333333,-25.6
4419,-104.53333333333333,-526.9333333333333,-29.866666666666667
4420,-87.46666666666667,-541.8666666666667,-23.466666666666665
4421,-66.13333333333333,-546.1333333333333,-19.2
4422,-55.46666666666667,-548.2666666666667,-14.933333333333334
4423,-34.13333333333333,-544.0,-25.6
4424,-17.066666666666666,-548.2666666666667,-27.733333333333334
4425,-2.1333333333333333,-552.5333333333333,-34.13333333333333
4426,14.933333333333334,-548.2666666666667,-40.53333333333333
4427,29.866666666666667,-546.1333333333333,-46.93333333333333
4428,42.666666666666664,-539.7333333333333,-53.333333333333336
4429,44.8,-535.4666666666667,-42.666666666666664
4430,59.733333333333334,-535.4666666666667,-53.333333333333336
4431,55.46666666666667,-531.2,-51.2
4432,59.733333333333334,-535.4666666666667,-46.93333333333333
4433,57.6,-533.3333333333334,-34.13333333333333
4434,51.2,-541.8666666666667,-38.4
4435,44.8,-548.2666666666667,-46.93333333333333
4436,40.53333333333333,-548.2666666666667,-44.8
4437,36.266666666666666,-550.4,-46.93333333333333
4438,25.6,-554.6666666666666,-46.93333333333333
4439,27.733333333333334,-552.5333333333333,-49.06666666666666
4440,25.6,-556.8,-42.666666666666664
4441,17.066666666666666,-554.6666666666666,-51.2
4442,17.066666666666666,-561.0666666666666,-49.06666666666666
4443,17.066666666666666,-558.9333333333333,-40.53333333333333
4444,19.2,-552.5333333333333,-29.866666666666667
4445,8.533333333333333,-548.2666666666667,-32.0
4446,10.666666666666666,-546.1333333333333,-29.866666666666667
4447,8.533333333333333,-541.8666666666667,-19.2
4448,19.2,-541.8666666666667,-21.333333333333332
4449,14.933333333333334,-535.4666666666667,-14.933333333333334
4450,19.2,-533.3333333333334,-14.933333333333334
4451,23.466666666666665,-533.3333333333334,-2.1333333333333333
4452,23.466666666666665,-531.2,6.4
4453,23.466666666666665,-531.2,0.0
4454,23.466666666666665,-533.3333333333334,-10.666666666666666
4455,36.266666666666666,-531.2,-14.933333333333334
4456,27.733333333333334,-533.3333333333334,2.1333333333333333
4457,21.333333333333332,-526.9333333333333,6.4
4458,25.6,-531.2,8.533333333333333
4459,19.2,-520.5333333333333,6.4
4460,14.933333333333334,-522.6666666666666,14.933333333333334
4461,14.933333333333334,-520.5333333333333,4.266666666666667
4462,12.8,-516.2666666666667,14.933333333333334
4463,0.0,-518.4,19.2
4464,-2.1333333333333333,-503.46666666666664,19.2
4465,-4.266666666666667,-507.73333333333335,38.4
4466,-8.533333333333333,-486.4,27.733333333333334
4467,-10.666666666666666,-503.46666666666664,34.13333333333333
4468,-19.2,-497.06666666666666,46.93333333333333
4469,-17.066666666666666,-494.93333333333334,49.06666666666666
4470,-21.333333333333332,-484.26666666666665,49.06666666666666
4471,-21.333333333333332,-475.73333333333335,49.06666666666666
4472,-17.066666666666666,-473.59999999999997,38.4
4473,-6.4,-477.8666666666667,42.666666666666664
4474,-2.1333333333333333,-467.2,36.266666666666666
4475,-2.1333333333333333,-456.5333333333333,40.53333333333333
4476,-4.266666666666667,-458.6666666666667,32.0
4477,4.266666666666667,-452.26666666666665,29.866666666666667
4478,6.4,-467.2,27.733333333333334
4479,4.266666666666667,-456.5333333333333,29.866666666666667
4480,2.1333333333333333,-465.06666666666666,32.0
4481,2.1333333333333333,-467.2,19.2
4482,14.933333333333334,-473.59999999999997,19.2
4483,10.666666666666666,-471.46666666666664,19.2
4484,14.933333333333334,-475.73333333333335,6.4
4485,19.2,-465.06666666666666,2.1333333333333333
4486,27.733333333333334,-467.2,0.0
4487,25.6,-460.8,-4.266666666666667
4488,36.266666666666666,-460.8,-8.533333333333333
4489,46.93333333333333,-467.2,-6.4
4490,51.2,-456.5333333333333,-19.2
4491,57.6,-462.93333333333334,-17.066666666666666
4492,64.0,-460.8,-19.2
4493,64.0,-465.06666666666666,-17.066666666666666
4494,66.13333333333333,-467.2,-21.333333333333332
4495,66.13333333333333,-467.2,-38.4
4496,53.333333333333336,-460.8,-27.733333333333334
4497,57.6,-456.5333333333333,-40.53333333333333
4498,51.2,-462.93333333333334,-42.666666666666664
4499,49.06666666666666,-462.93333333333334,-51.2
4500,40.53333333333333,-465.06666666666666,-57.6
4501,34.13333333333333,-458.6666666666667,-61.86666666666667
4502,25.6,-471.46666666666664,-66.13333333333333
4503,23.466666666666665,-473.59999999999997,-59.733333333333334
4504,14.933333333333334,-469.3333333333333,-57.6
4505,2.1333333333333333,-469.3333333333333,-61.86666666666667
4506,2.1333333333333333,-471.46666666666664,-46.93333333333333
4507,-4.266666666666667,-475.73333333333335,-42.666666666666664
4508,-19.2,-473.59999999999997,-38.4
4509,-21.333333333333332,-465.06666666666666,-36.266666666666666
4510,-19.2,-471.46666666666664,-25.6
4511,-38.4,-462.93333333333334,-23.466666666666665
4512,-49.06666666666666,-465.06666666666666,-14.933333333333334
4513,-70.4,-458.6666666666667,-12.8
4514,-76.8,-467.2,-2.1333333333333333
4515,-85.33333333333333,-460.8,0.0
4516,-91.73333333333333,-460.8,12.8
4517,-96.0,-462.93333333333334,25.6
4518,-98.13333333333333,-465.06666666666666,34.13333333333333
4519,-100.26666666666667,-469.3333333333333,38.4
4520,-115.2,-465.06666666666666,29.866666666666667
4521,-134.4,-467.2,29.866666666666667
4522,-123.73333333333333,-467.2,36.266666666666666
4523,-123.73333333333333,-475.73333333333335,38.4
4524,-121.6,-480.0,40.53333333333333
4525,-108.8,-492.8,34.13333333333333
4526,-93.86666666666666,-503.46666666666664,23.466666666666665
4527,-76.8,-522.6666666666666,29.866666666666667
4528,-61.86666666666667,-541.8666666666667,29.866666666666667
4529,-27.733333333333334,-552.5333333333333,23.466666666666665
4530,-10.666666666666666,-563.2,23.466666666666665
4531,17.066666666666666,-576.0,25.6
4532,17.066666666666666,-595.2,10.666666666666666
4533,25.6,-620.8,6.4
4534,42.666666666666664,-650.6666666666666,-12.8
4535,51.2,-680.5333333333333,-49.06666666666666
4536,49.06666666666666,-710.4,-78.93333333333334
4537,40.53333333333333,-765.8666666666667,-115.2
4538,19.2,-795.7333333333333,-123.73333333333333
4539,-23.466666666666665,-817.0666666666666,-125.86666666666666
4540,-38.4,-817.0666666666666,-138.66666666666666
4541,-25.6,-823.4666666666667,-149.33333333333334
4542,-12.8,-806.4,-162.13333333333333
4543,-19.2,-791.4666666666667,-162.13333333333333
4544,-42.666666666666664,-757.3333333333334,-147.2
4545,-72.53333333333333,-721.0666666666666,-140.8
4546,-110.93333333333334,-693.3333333333334,-132.26666666666665
4547,-123.73333333333333,-667.7333333333333,-128.0
4548,-145.06666666666666,-642.1333333333333,-108.8
4549,-155.73333333333332,-616.5333333333333,-100.26666666666667
4550,-160.0,-616.5333333333333,-96.0
4551,-155.73333333333332,-595.2,-93.86666666666666
4552,-153.6,-597.3333333333334,-87.46666666666667
4553,-147.2,-608.0,-96.0
4554,-121.6,-610.1333333333333,-113.06666666666666
4555,-100.26666666666667,-629.3333333333334,-119.46666666666667
4556,-81.06666666666666,-652.8,-104.53333333333333
4557,-57.6,-678.4,-91.73333333333333
4558,-29.866666666666667,-706.1333333333333,-76.8
4559,-21.333333333333332,-729.6,-42.666666666666664
4560,-14.933333333333334,-750.9333333333333,-29.866666666666667
4561,-17.066666666666666,-772.2666666666667,-14.933333333333334
4562,-12.8,-804.2666666666667,-17.066666666666666
4563,-23.466666666666665,-817.0666666666666,-14.933333333333334
4564,-34.13333333333333,-829.8666666666667,-34.13333333333333
4565,-49.06666666666666,-851.1999999999999,-40.53333333333333
4566,-72.53333333333333,-859.7333333333333,-53.333333333333336
4567,-89.6,-868.2666666666667,-68.26666666666667
4568,-115.2,-864.0,-68.26666666666667
4569,-145.06666666666666,-827.7333333333333,-61.86666666666667
4570,-155.73333333333332,-804.2666666666667,-59.733333333333334
4571,-172.8,-765.8666666666667,-57.6
4572,-166.4,-723.2,-61.86666666666667
4573,-147.2,-680.5333333333333,-51.2
4574,-123.73333333333333,-652.8,-40.53333333333333
4575,-106.66666666666667,-586.6666666666666,-51.2
4576,-85.33333333333333,-550.4,-55.46666666666667
4577,-61.86666666666667,-522.6666666666666,-51.2
4578,-42.666666666666664,-490.6666666666667,-53.333333333333336
4579,-25.6,-469.3333333333333,-44.8
4580,-4.266666666666667,-452.26666666666665,-44.8
4581,12.8,-448.0,-38.4
4582,21.333333333333332,-441.59999999999997,-40.53333333333333
4583,34.13333333333333,-458.6666666666667,-40.53333333333333
4584,34.13333333333333,-465.06666666666666,-32.0
4585,40.53333333333333,-486.4,-49.06666666666666
4586,19.2,-497.06666666666666,-40.53333333333333
4587,23.466666666666665,-524.8,-38.4
4588,21.333333333333332,-537.6,-27.733333333333334
4589,2.1333333333333333,-546.1333333333333,-29.866666666666667
4590,6.4,-554.6666666666666,-17.066666666666666
4591,12.8,-550.4,-19.2
4592,6.4,-535.4666666666667,-27.733333333333334
4593,4.266666666666667,-544.0,-25.6
4594,-2.1333333333333333,-539.7333333333333,-32.0
4595,-12.8,-531.2,-34.13333333333333
4596,-17.066666666666666,-533.3333333333334,-27.733333333333334
4597,-25.6,-533.3333333333334,-25.6
4598,-34.13333333333333,-544.0,-23.466666666666665
4599,-51.2,-550.4,-21.333333333333332
4600,-55.46666666666667,-558.9333333333333,-10.666666666666666
4601,-68.26666666666667,-561.0666666666666,-14.933333333333334
4602,-70.4,-569.6,-17.066666666666666
4603,-74.66666666666667,-580.2666666666667,-17.066666666666666
4604,-70.4,-588.8,-19.2
4605,-68.26666666666667,-586.6666666666666,-25.6
4606,-68.26666666666667,-584.5333333333333,-27.733333333333334
4607,-51.2,-588.8,-29.866666666666667
4608,-68.26666666666667,-584.5333333333333,-27.733333333333334
4609,-64.0,-571.7333333333333,-29.866666666666667
4610,-66.13333333333333,-567.4666666666667,-34.13333333333333
4611,-64.0,-563.2,-36.266666666666666
4612,-61.86666666666667,-548.2666666666667,-42.666666666666664
4613,-61.86666666666667,-535.4666666666667,-34.13333333333333
4614,-57.6,-539.7333333333333,-46.93333333333333
4615,-66.13333333333333,-526.9333333333333,-49.06666666666666
4616,-70.4,-526.9333333333333,-49.06666666666666
4617,-74.66666666666667,-531.2,-49.06666666666666
4618,-68.26666666666667,-526.9333333333333,-42.666666666666664
4619,-66.13333333333333,-529.0666666666666,-42.666666666666664
4620,-74.66666666666667,-533.3333333333334,-34.13333333333333
4621,-76.8,-533.3333333333334,-36.266666666666666
4622,-70.4,-537.6,-29.866666666666667
4623,-59.733333333333334,-544.0,-6.4
4624,-57.6,-544.0,-23.466666666666665
4625,-55.46666666666667,-548.2666666666667,-23.466666666666665
4626,-44.8,-546.1333333333333,-12.8
4627,-38.4,-550.4,-10.666666666666666
4628,-32.0,-556.8,-10.666666666666666
4629,-25.6,-546.1333333333333,-8.533333333333333
4630,-27.733333333333334,-546.1333333333333,-6.4
4631,-23.466666666666665,-537.6,-6.4
4632,-23.466666666666665,-537.6,2.1333333333333333
4633,-17.066666666666666,-531.2,-2.1333333333333333
4634,-23.466666666666665,-524.8,4.266666666666667
4635,-12.8,-514.1333333333333,8.533333333333333
4636,-12.8,-505.59999999999997,2.1333333333333333
4637,-19.2,-505.59999999999997,-2.1333333333333333
4638,-10.666666666666666,-497.06666666666666,0.0
4639,-6.4,-488.5333333333333,4.266666666666667
4640,-12.8,-497.06666666666666,6.4
4641,-6.4,-497.06666666666666,19.2
4642,-10.666666666666666,-490.6666666666667,17.066666666666666
4643,-8.533333333333333,-494.93333333333334,10.666666666666666
4644,-8.533333333333333,-492.8,21.333333333333332
4645,4.266666666666667,-486.4,23.466666666666665
4646,-8.533333333333333,-480.0,12.8
4647,6.4,-475.73333333333335,25.6
4648,2.1333333333333333,-467.2,27.733333333333334
4649,17.066666666666666,-475.73333333333335,23.466666666666665
4650,19.2,-450.1333333333333,25.6
4651,23.466666666666665,-460.8,25.6
4652,21.333333333333332,-456.5333333333333,29.866666666666667
4653,25.6,-456.5333333333333,34.13333333333333
4654,25.6,-450.1333333333333,34.13333333333333
4655,27.733333333333334,-454.4,32.0
4656,17.066666666666666,-450.1333333333333,27.733333333333334
4657,12.8,-445.8666666666667,34.13333333333333
4658,-2.1333333333333333,-452.26666666666665,23.466666666666665
4659,-4.266666666666667,-439.46666666666664,25.6
4660,-2.1333333333333333,-443.73333333333335,17.066666666666666
4661,-14.933333333333334,-433.06666666666666,0.0
4662,-19.2,-435.2,-6.4
4663,-23.466666666666665,-439.46666666666664,-12.8
4664,-29.866666666666667,-426.6666666666667,-19.2
4665,-29.866666666666667,-422.4,-14.933333333333334
4666,-29.866666666666667,-422.4,-19.2
4667,-12.8,-416.0,-19.2
4668,-12.8,-411.73333333333335,-25.6
4669,-4.266666666666667,-405.3333333333333,-23.466666666666665
4670,19.2,-405.3333333333333,-27.733333333333334
4671,19.2,-409.6,-17.066666666666666
4672,34.13333333333333,-396.8,-19.2
4673,34.13333333333333,-405.3333333333333,-17.066666666666666
4674,34.13333333333333,-407.46666666666664,-8.533333333333333
4675,27.733333333333334,-409.6,6.4
4676,23.466666666666665,-413.8666666666667,14.933333333333334
4677,21.333333333333332,-424.5333333333333,32.0
4678,14.933333333333334,-430.93333333333334,36.266666666666666
4679,19.2,-443.73333333333335,40.53333333333333
4680,10.666666666666666,-452.26666666666665,51.2
4681,8.533333333333333,-465.06666666666666,68.26666666666667
4682,12.8,-480.0,76.8
4683,17.066666666666666,-501.3333333333333,70.4
4684,-4.266666666666667,-516.2666666666667,66.13333333333333
4685,-4.266666666666667,-533.3333333333334,64.0
4686,-6.4,-539.7333333333333,51.2
4687,-17.066666666666666,-548.2666666666667,36.266666666666666
4688,-21.333333333333332,-552.5333333333333,34.13333333333333
4689,-23.466666666666665,-546.1333333333333,21.333333333333332
4690,-32.0,-541.8666666666667,17.066666666666666
4691,-32.0,-533.3333333333334,14.933333333333334
4692,-34.13333333333333,-522.6666666666666,25.6
4693,-44.8,-518.4,27.733333333333334
4694,-49.06666666666666,-514.1333333333333,38.4
4695,-44.8,-505.59999999999997,42.666666666666664
4696,-51.2,-492.8,42.666666666666664
4697,-46.93333333333333,-499.2,49.06666666666666
4698,-44.8,-488.5333333333333,64.0
4699,-34.13333333333333,-490.6666666666667,66.13333333333333
4700,-29.866666666666667,-499.2,68.26666666666667
4701,-21.333333333333332,-497.06666666666666,72.53333333333333
4702,-17.066666666666666,-505.59999999999997,57.6
4703,-23.466666666666665,-529.0666666666666,38.4
4704,-21.333333333333332,-546.1333333333333,21.333333333333332
4705,-25.6,-558.9333333333333,-4.266666666666667
4706,-10.666666666666666,-590.9333333333333,-32.0
4707,4.266666666666667,-625.0666666666666,-70.4
4708,25.6,-648.5333333333333,-93.86666666666666
4709,49.06666666666666,-686.9333333333333,-106.66666666666667
4710,64.0,-740.2666666666667,-117.33333333333333
4711,64.0,-776.5333333333333,-113.06666666666666
4712,44.8,-810.6666666666666,-115.2
4713,25.6,-829.8666666666667,-110.93333333333334
4714,4.266666666666667,-853.3333333333334,-119.46666666666667
4715,-17.066666666666666,-866.1333333333333,-121.6
4716,-19.2,-876.8,-121.6
4717,-23.466666666666665,-881.0666666666666,-130.13333333333333
4718,-25.6,-874.6666666666666,-151.46666666666667
4719,-6.4,-855.4666666666667,-147.2
4720,27.733333333333334,-832.0,-170.66666666666666
4721,64.0,-800.0,-183.46666666666667
4722,85.33333333333333,-759.4666666666667,-196.26666666666665
4723,102.4,-731.7333333333333,-177.06666666666666
4724,113.06666666666666,-704.0,-179.2
4725,117.33333333333333,-680.5333333333333,-172.8
4726,136.53333333333333,-654.9333333333333,-151.46666666666667
4727,142.93333333333334,-640.0,-157.86666666666667
4728,123.73333333333333,-620.8,-132.26666666666665
4729,106.66666666666667,-612.2666666666667,-134.4
4730,117.33333333333333,-603.7333333333333,-115.2
4731,104.53333333333333,-599.4666666666667,-110.93333333333334
4732,100.26666666666667,-605.8666666666667,-102.4
4733,78.93333333333334,-612.2666666666667,-89.6
4734,51.2,-620.8,-72.53333333333333
4735,17.066666666666666,-633.6,-53.333333333333336
4736,-2.1333333333333333,-657.0666666666666,-23.466666666666665
4737,-6.4,-686.9333333333333,-8.533333333333333
4738,4.266666666666667,-701.8666666666667,-10.666666666666666
4739,14.933333333333334,-736.0,-19.2
4740,12.8,-774.4,-29.866666666666667
4741,21.333333333333332,-797.8666666666667,-49.06666666666666
4742,23.466666666666665,-812.8,-70.4
4743,32.0,-802.1333333333333,-74.66666666666667
4744,32.0,-791.4666666666667,-81.06666666666666
4745,27.733333333333334,-759.4666666666667,-76.8
4746,14.933333333333334,-716.8,-72.53333333333333
4747,23.466666666666665,-676.2666666666667,-61.86666666666667
4748,-6.4,-631.4666666666667,-59.733333333333334
4749,-10.666666666666666,-588.8,-53.333333333333336
4750,-25.6,-556.8,-51.2
4751,-32.0,-533.3333333333334,-64.0
4752,-34.13333333333333,-514.1333333333333,-55.46666666666667
4753,-46.93333333333333,-492.8,-57.6
4754,-51.2,-482.1333333333333,-64.0
4755,-44.8,-471.46666666666664,-64.0
4756,-32.0,-475.73333333333335,-68.26666666666667
4757,-21.333333333333332,-482.1333333333333,-76.8
4758,-10.666666666666666,-490.6666666666667,-61.86666666666667
4759,-6.4,-514.1333333333333,-57.6
4760,6.4,-516.2666666666667,-53.333333333333336
4761,17.066666666666666,-531.2,-55.46666666666667
4762,14.933333333333334,-531.2,-44.8
4763,19.2,-537.6,-44.8
4764,10.666666666666666,-533.3333333333334,-53.333333333333336
4765,17.066666666666666,-524.8,-51.2
4766,10.666666666666666,-520.5333333333333,-59.733333333333334
4767,2.1333333333333333,-514.1333333333333,-72.53333333333333
4768,-2.1333333333333333,-512.0,-74.66666666666667
4769,-4.266666666666667,-507.73333333333335,-74.66666666666667
4770,-10.666666666666666,-512.0,-72.53333333333333
4771,-21.333333333333332,-505.59999999999997,-76.8
4772,-19.2,-524.8,-64.0
4773,-12.8,-537.6,-66.13333333333333
4774,6.4,-548.2666666666667,-55.46666666666667
4775,2.1333333333333333,-556.8,-42.666666666666664
4776,4.266666666666667,-573.8666666666667,-29.866666666666667
4777,-4.266666666666667,-578.1333333333333,-29.866666666666667
4778,10.666666666666666,-584.5333333333333,-14.933333333333334
4779,10.666666666666666,-588.8,-10.666666666666666
4780,12.8,-593.0666666666666,-12.8
4781,8.533333333333333,-584.5333333333333,-12.8
4782,8.533333333333333,-571.7333333333333,-12.8
4783,8.533333333333333,-578.1333333333333,-4.266666666666667
4784,-21.333333333333332,-565.3333333333334,-10.666666666666666
4785,23.466666666666665,-573.8666666666667,8.533333333333333
4786,10.666666666666666,-567.4666666666667,0.0
4787,10.666666666666666,-561.0666666666666,8.533333333333333
4788,27.733333333333334,-561.0666666666666,0.0
4789,27.733333333333334,-554.6666666666666,8.533333333333333
4790,29.866666666666667,-548.2666666666667,10.666666666666666
4791,27.733333333333334,-539.7333333333333,23.466666666666665
4792,25.6,-531.2,29.866666666666667
4793,29.866666666666667,-533.3333333333334,25.6
4794,32.0,-531.2,23.466666666666665
4795,14.933333333333334,-514.1333333333333,21.333333333333332
4796,10.666666666666666,-514.1333333333333,19.2
4797,-2.1333333333333333,-505.59999999999997,29.866666666666667
4798,0.0,-512.0,29.866666666666667
4799,-4.266666666666667,-499.2,29.866666666666667
4800,-6.4,-492.8,29.866666666666667
4801,-6.4,-492.8,23.466666666666665
4802,-17.066666666666666,-501.3333333333333,27.733333333333334
4803,-23.466666666666665,-497.06666666666666,27.733333333333334
4804,-27.733333333333334,-497.06666666666666,36.266666666666666
4805,-34.13333333333333,-494.93333333333334,42.666666666666664
4806,-38.4,-488.5333333333333,44.8
4807,-34.13333333333333,-492.8,49.06666666666666
4808,-34.13333333333333,-482.1333333333333,55.46666666666667
4809,-38.4,-477.8666666666667,64.0
4810,-36.266666666666666,-469.3333333333333,66.13333333333333
4811,-34.13333333333333,-477.8666666666667,70.4
4812,-36.266666666666666,-465.06666666666666,87.46666666666667
4813,-38.4,-467.2,85.33333333333333
4814,-34.13333333333333,-467.2,76.8
4815,-29.866666666666667,-465.06666666666666,85.33333333333333
4816,-25.6,-460.8,74.66666666666667
4817,-21.333333333333332,-456.5333333333333,70.4
4818,-23.466666666666665,-448.0,66.13333333333333
4819,-23.466666666666665,-443.73333333333335,53.333333333333336
4820,-17.066666666666666,-437.3333333333333,53.333333333333336
4821,-8.533333333333333,-433.06666666666666,40.53333333333333
4822,-17.066666666666666,-418.1333333333333,38.4
4823,-17.066666666666666,-422.4,46.93333333333333
4824,-17.066666666666666,-418.1333333333333,36.266666666666666
4825,-4.266666666666667,-413.8666666666667,36.266666666666666
4826,-2.1333333333333333,-422.4,40.53333333333333
4827,-2.1333333333333333,-424.5333333333333,34.13333333333333
4828,-2.1333333333333333,-433.06666666666666,38.4
4829,0.0,-441.59999999999997,40.53333333333333
4830,4.266666666666667,-439.46666666666664,46.93333333333333
4831,2.1333333333333333,-460.8,51.2
4832,6.4,-475.73333333333335,59.733333333333334
4833,6.4,-480.0,59.733333333333334
4834,29.866666666666667,-492.8,61.86666666666667
4835,2.1333333333333333,-512.0,74.66666666666667
4836,12.8,-535.4666666666667,55.46666666666667
4837,2.1333333333333333,-544.0,44.8
4838,2.1333333333333333,-548.2666666666667,19.2
4839,-4.266666666666667,-546.1333333333333,-2.1333333333333333
4840,-14.933333333333334,-537.6,-29.866666666666667
4841,-10.666666666666666,-535.4666666666667,-55.46666666666667
4842,-8.533333333333333,-531.2,-78.93333333333334
4843,-6.4,-529.0666666666666,-83.2
4844,-10.666666666666666,-520.5333333333333,-91.73333333333333
4845,-10.666666666666666,-516.2666666666667,-89.6
4846,-25.6,-520.5333333333333,-64.0
4847,-25.6,-520.5333333333333,-29.866666666666667
4848,-25.6,-518.4,-14.933333333333334
4849,-29.866666666666667,-507.73333333333335,10.666666666666666
4850,-34.13333333333333,-507.73333333333335,27.733333333333334
4851,-42.666666666666664,-492.8,38.4
4852,-42.666666666666664,-488.5333333333333,49.06666666666666
4853,-46.93333333333333,-488.5333333333333,51.2
4854,-66.13333333333333,-488.5333333333333,64.0
4855,-70.4,-486.4,57.6
4856,-96.0,-484.26666666666665,66.13333333333333
4857,-89.6,-488.5333333333333,59.733333333333334
4858,-91.73333333333333,-497.06666666666666,49.06666666666666
4859,-98.13333333333333,-497.06666666666666,40.53333333333333
4860,-108.8,-497.06666666666666,38.4
4861,-108.8,-497.06666666666666,38.4
4862,-121.6,-488.5333333333333,23.466666666666665
4863,-121.6,-488.5333333333333,32.0
4864,-104.53333333333333,-494.93333333333334,29.866666666666667
4865,-91.73333333333333,-501.3333333333333,21.333333333333332
4866,-70.4,-501.3333333333333,36.266666666666666
4867,-59.733333333333334,-505.59999999999997,46.93333333333333
4868,-34.13333333333333,-501.3333333333333,44.8
4869,-2.1333333333333333,-526.9333333333333,44.8
4870,34.13333333333333,-529.0666666666666,46.93333333333333
4871,55.46666666666667,-546.1333333333333,46.93333333333333
4872,72.53333333333333,-580.2666666666667,42.666666666666664
4873,72.53333333333333,-614.4,38.4
4874,61.86666666666667,-644.2666666666667,38.4
4875,49.06666666666666,-682.6666666666666,40.53333333333333
4876,51.2,-716.8,34.13333333333333
4877,36.266666666666666,-768.0,-8.533333333333333
4878,25.6,-819.2,-32.0
4879,-4.266666666666667,-855.4666666666667,-44.8
4880,-44.8,-868.2666666666667,-46.93333333333333
4881,-78.93333333333334,-866.1333333333333,-64.0
4882,-102.4,-842.6666666666666,-85.33333333333333
4883,-106.66666666666667,-821.3333333333334,-104.53333333333333
4884,-113.06666666666666,-787.2,-115.2
4885,-119.46666666666667,-729.6,-102.4
4886,-136.53333333333333,-684.8,-100.26666666666667
4887,-134.4,-629.3333333333334,-96.0
4888,-128.0,-573.8666666666667,-81.06666666666666
4889,-106.66666666666667,-541.8666666666667,-104.53333333333333
4890,-85.33333333333333,-509.8666666666667,-100.26666666666667
4891,-53.333333333333336,-490.6666666666667,-106.66666666666667
4892,-34.13333333333333,-488.5333333333333,-115.2
4893,-8.533333333333333,-497.06666666666666,-119.46666666666667
4894,8.533333333333333,-526.9333333333333,-132.26666666666665
4895,14.933333333333334,-561.0666666666666,-145.06666666666666
4896,17.066666666666666,-605.8666666666667,-147.2
4897,10.666666666666666,-652.8,-134.4
4898,-10.666666666666666,-682.6666666666666,-125.86666666666666
4899,-19.2,-704.0,-117.33333333333333
4900,-36.266666666666666,-712.5333333333333,-104.53333333333333
4901,-49.06666666666666,-731.7333333333333,-98.13333333333333
4902,-68.26666666666667,-740.2666666666667,-85.33333333333333
4903,-78.93333333333334,-740.2666666666667,-72.53333333333333
4904,-96.0,-740.2666666666667,-64.0
4905,-110.93333333333334,-731.7333333333333,-72.53333333333333
4906,-123.73333333333333,-721.0666666666666,-68.26666666666667
4907,-125.86666666666666,-699.7333333333333,-70.4
4908,-132.26666666666665,-678.4,-74.66666666666667
4909,-132.26666666666665,-650.6666666666666,-72.53333333333333
4910,-128.0,-625.0666666666666,-78.93333333333334
4911,-130.13333333333333,-616.5333333333333,-74.66666666666667
4912,-117.33333333333333,-610.1333333333333,-64.0
4913,-106.66666666666667,-590.9333333333333,-55.46666666666667
4914,-93.86666666666666,-584.5333333333333,-55.46666666666667
4915,-85.33333333333333,-578.1333333333333,-42.666666666666664
4916,-74.66666666666667,-578.1333333333333,-49.06666666666666
4917,-68.26666666666667,-576.0,-51.2
4918,-61.86666666666667,-567.4666666666667,-57.6
4919,-49.06666666666666,-563.2,-66.13333333333333
4920,-40.53333333333333,-569.6,-81.06666666666666
4921,-46.93333333333333,-554.6666666666666,-78.93333333333334
4922,-38.4,-554.6666666666666,-87.46666666666667
4923,-40.53333333333333,-550.4,-89.6
4924,-36.266666666666666,-548.2666666666667,-85.33333333333333
4925,-34.13333333333333,-548.2666666666667,-93.86666666666666
4926,-34.13333333333333,-550.4,-91.73333333333333
4927,-40.53333333333333,-546.1333333333333,-83.2
4928,-42.666666666666664,-546.1333333333333,-76.8
4929,-44.8,-541.8666666666667,-70.4
4930,-38.4,-548.2666666666667,-76.8
4931,-44.8,-548.2666666666667,-68.26666666666667
4932,-59.733333333333334,-548.2666666666667,-70.4
4933,-70.4,-548.2666666666667,-81.06666666666666
4934,-74.66666666666667,-548.2666666666667,-74.66666666666667
4935,-81.06666666666666,-556.8,-74.66666666666667
4936,-93.86666666666666,-556.8,-68.26666666666667
4937,-100.26666666666667,-571.7333333333333,-61.86666666666667
4938,-104.53333333333333,-582.4,-66.13333333333333
4939,-104.53333333333333,-580.2666666666667,-64.0
4940,-108.8,-584.5333333333333,-61.86666666666667
4941,-106.66666666666667,-582.4,-57.6
4942,-100.26666666666667,-569.6,-70.4
4943,-110.93333333333334,-578.1333333333333,-68.26666666666667
4944,-106.66666666666667,-576.0,-68.26666666666667
4945,-113.06666666666666,-582.4,-66.13333333333333
4946,-110.93333333333334,-584.5333333333333,-68.26666666666667
4947,-113.06666666666666,-584.5333333333333,-64.0
4948,-108.8,-590.9333333333333,-66.13333333333333
4949,-108.8,-588.8,-59.733333333333334
4950,-108.8,-586.6666666666666,-51.2
4951,-98.13333333333333,-588.8,-46.93333333333333
4952,-85.33333333333333,-588.8,-38.4
4953,-91.73333333333333,-590.9333333333333,-46.93333333333333
4954,-93.86666666666666,-588.8,-38.4
4955,-83.2,-599.4666666666667,-34.13333333333333
4956,-87.46666666666667,-595.2,-32.0
4957,-78.93333333333334,-590.9333333333333,-29.866666666666667
4958,-78.93333333333334,-593.0666666666666,-29.866666666666667
4959,-74.66666666666667,-588.8,-23.466666666666665
4960,-61.86666666666667,-586.6666666666666,-25.6
4961,-55.46666666666667,-588.8,-14.933333333333334
4962,-51.2,-578.1333333333333,-23.466666666666665
4963,-49.06666666666666,-576.0,-25.6
4964,-38.4,-569.6,-10.666666666666666
4965,-42.666666666666664,-567.4666666666667,-23.466666666666665
4966,-38.4,-552.5333333333333,-12.8
4967,-36.266666666666666,-548.2666666666667,-23.466666666666665
4968,-36.266666666666666,-546.1333333333333,-23.466666666666665
4969,-34.13333333333333,-541.8666666666667,-10.666666666666666
4970,-38.4,-533.3333333333334,-6.4
4971,-46.93333333333333,-535.4666666666667,-17.066666666666666
4972,-49.06666666666666,-522.6666666666666,-27.733333333333334
4973,-49.06666666666666,-522.6666666666666,-12.8
4974,-55.46666666666667,-529.0666666666666,-21.333333333333332
4975,-46.93333333333333,-531.2,-19.2
4976,-57.6,-531.2,-12.8
4977,-53.333333333333336,-531.2,-12.8
4978,-36.266666666666666,-537.6,-8.533333333333333
4979,-40.53333333333333,-539.7333333333333,-14.933333333333334
4980,-32.0,-539.7333333333333,-10.666666666666666
4981,-38.4,-539.7333333333333,-12.8
4982,-36.266666666666666,-544.0,-17.066666666666666
4983,-32.0,-544.0,-19.2
4984,-32.0,-544.0,-21.333333333333332
4985,-25.6,-535.4666666666667,-12.8
4986,-34.13333333333333,-541.8666666666667,-14.933333333333334
4987,-29.866666666666667,-548.2666666666667,-19.2
4988,-32.0,-541.8666666666667,-8.533333333333333
4989,-29.866666666666667,-544.0,-14.933333333333334
4990,-29.866666666666667,-544.0,-14.933333333333334
4991,-34.13333333333333,-544.0,-8.533333333333333
4992,-34.13333333333333,-548.2666666666667,-6.4
4993,-38.4,-546.1333333333333,-10.666666666666666
4994,-38.4,-537.6,-10.666666666666666
4995,-42.666666666666664,-544.0,-6.4
4996,-55.46666666666667,-558.9333333333333,-14.933333333333334
4997,-64.0,-550.4,-6.4
4998,-66.13333333333333,-550.4,-2.1333333333333333
4999,-74.66666666666667,-556.8,-12.8
