,accelerometerAccelerationX(G),accelerometerAccelerationY(G),accelerometerAccelerationZ(G)
0,12.8,-514.1333333333333,-128.0
1,14.933333333333334,-518.4,-119.46666666666667
2,21.333333333333332,-522.6666666666666,-121.6
3,10.666666666666666,-526.9333333333333,-117.33333333333333
4,10.666666666666666,-524.8,-123.73333333333333
5,19.2,-529.0666666666666,-113.06666666666666
6,21.333333333333332,-524.8,-119.46666666666667
7,10.666666666666666,-522.6666666666666,-110.93333333333334
8,8.533333333333333,-529.0666666666666,-119.46666666666667
9,10.666666666666666,-522.6666666666666,-108.8
10,12.8,-526.9333333333333,-110.93333333333334
11,8.533333333333333,-518.4,-108.8
12,4.266666666666667,-516.2666666666667,-108.8
13,4.266666666666667,-516.2666666666667,-108.8
14,4.266666666666667,-518.4,-117.33333333333333
15,8.533333333333333,-535.4666666666667,-110.93333333333334
16,6.4,-533.3333333333334,-110.93333333333334
17,8.533333333333333,-539.7333333333333,-113.06666666666666
18,6.4,-533.3333333333334,-119.46666666666667
19,8.533333333333333,-541.8666666666667,-121.6
20,6.4,-541.8666666666667,-119.46666666666667
21,12.8,-535.4666666666667,-123.73333333333333
22,14.933333333333334,-535.4666666666667,-128.0
23,27.733333333333334,-526.9333333333333,-123.73333333333333
24,19.2,-522.6666666666666,-121.6
25,25.6,-522.6666666666666,-123.73333333333333
26,27.733333333333334,-512.0,-128.0
27,25.6,-505.59999999999997,-132.26666666666665
28,27.733333333333334,-503.46666666666664,-130.13333333333333
29,38.4,-512.0,-123.73333333333333
30,42.666666666666664,-514.1333333333333,-134.4
31,38.4,-512.0,-121.6
32,42.666666666666664,-516.2666666666667,-123.73333333333333
33,51.2,-526.9333333333333,-125.86666666666666
34,49.06666666666666,-520.5333333333333,-121.6
35,44.8,-524.8,-121.6
36,70.4,-529.0666666666666,-130.13333333333333
37,66.13333333333333,-535.4666666666667,-125.86666666666666
38,78.93333333333334,-539.7333333333333,-125.86666666666666
39,89.6,-529.0666666666666,-134.4
40,87.46666666666667,-522.6666666666666,-136.53333333333333
41,93.86666666666666,-509.8666666666667,-151.46666666666667
42,98.13333333333333,-509.8666666666667,-153.6
43,108.8,-503.46666666666664,-151.46666666666667
44,110.93333333333334,-492.8,-151.46666666666667
45,104.53333333333333,-482.1333333333333,-145.06666666666666
46,125.86666666666666,-503.46666666666664,-155.73333333333332
47,113.06666666666666,-477.8666666666667,-123.73333333333333
48,125.86666666666666,-480.0,-115.2
49,117.33333333333333,-475.73333333333335,-93.86666666666666
50,104.53333333333333,-480.0,-66.13333333333333
51,100.26666666666667,-488.5333333333333,-46.93333333333333
52,83.2,-486.4,-27.733333333333334
53,85.33333333333333,-497.06666666666666,-21.333333333333332
54,64.0,-488.5333333333333,-6.4
55,72.53333333333333,-507.73333333333335,-4.266666666666667
56,61.86666666666667,-505.59999999999997,2.1333333333333333
57,51.2,-509.8666666666667,0.0
58,53.333333333333336,-522.6666666666666,0.0
59,44.8,-533.3333333333334,-2.1333333333333333
60,59.733333333333334,-544.0,-21.333333333333332
61,55.46666666666667,-552.5333333333333,-27.733333333333334
62,59.733333333333334,-561.0666666666666,-36.266666666666666
63,53.333333333333336,-571.7333333333333,-40.53333333333333
64,64.0,-595.2,-44.8
65,61.86666666666667,-599.4666666666667,-44.8
66,68.26666666666667,-605.8666666666667,-46.93333333333333
67,72.53333333333333,-612.2666666666667,-42.666666666666664
68,68.26666666666667,-610.1333333333333,-49.06666666666666
69,76.8,-601.6,-66.13333333333333
70,70.4,-588.8,-72.53333333333333
71,70.4,-582.4,-76.8
72,74.66666666666667,-578.1333333333333,-85.33333333333333
73,81.06666666666666,-571.7333333333333,-89.6
74,83.2,-556.8,-85.33333333333333
75,78.93333333333334,-546.1333333333333,-76.8
76,83.2,-548.2666666666667,-78.93333333333334
77,74.66666666666667,-546.1333333333333,-83.2
78,87.46666666666667,-544.0,-81.06666666666666
79,89.6,-537.6,-85.33333333333333
80,89.6,-539.7333333333333,-83.2
81,87.46666666666667,-533.3333333333334,-89.6
82,93.86666666666666,-537.6,-83.2
83,89.6,-533.3333333333334,-81.06666666666666
84,93.86666666666666,-524.8,-89.6
85,91.73333333333333,-526.9333333333333,-85.33333333333333
86,89.6,-522.6666666666666,-76.8
87,81.06666666666666,-509.8666666666667,-78.93333333333334
88,76.8,-503.46666666666664,-85.33333333333333
89,76.8,-499.2,-74.66666666666667
90,72.53333333333333,-505.59999999999997,-70.4
91,78.93333333333334,-488.5333333333333,-70.4
92,64.0,-477.8666666666667,-76.8
93,57.6,-473.59999999999997,-66.13333333333333
94,68.26666666666667,-473.59999999999997,-72.53333333333333
95,59.733333333333334,-469.3333333333333,-66.13333333333333
96,51.2,-471.46666666666664,-74.66666666666667
97,55.46666666666667,-473.59999999999997,-72.53333333333333
98,59.733333333333334,-477.8666666666667,-72.53333333333333
99,51.2,-473.59999999999997,-72.53333333333333
100,49.06666666666666,-477.8666666666667,-68.26666666666667
101,55.46666666666667,-482.1333333333333,-74.66666666666667
102,57.6,-480.0,-74.66666666666667
103,55.46666666666667,-477.8666666666667,-78.93333333333334
104,53.333333333333336,-471.46666666666664,-76.8
105,57.6,-480.0,-81.06666666666666
106,51.2,-488.5333333333333,-78.93333333333334
107,59.733333333333334,-503.46666666666664,-66.13333333333333
108,51.2,-512.0,-57.6
109,49.06666666666666,-531.2,-57.6
110,49.06666666666666,-535.4666666666667,-59.733333333333334
111,53.333333333333336,-550.4,-51.2
112,53.333333333333336,-554.6666666666666,-49.06666666666666
113,53.333333333333336,-561.0666666666666,-61.86666666666667
114,55.46666666666667,-569.6,-57.6
115,66.13333333333333,-573.8666666666667,-70.4
116,74.66666666666667,-571.7333333333333,-72.53333333333333
117,78.93333333333334,-567.4666666666667,-78.93333333333334
118,76.8,-558.9333333333333,-87.46666666666667
119,87.46666666666667,-554.6666666666666,-98.13333333333333
120,93.86666666666666,-550.4,-85.33333333333333
121,91.73333333333333,-533.3333333333334,-110.93333333333334
122,98.13333333333333,-531.2,-102.4
123,96.0,-520.5333333333333,-93.86666666666666
124,85.33333333333333,-520.5333333333333,-93.86666666666666
125,85.33333333333333,-514.1333333333333,-89.6
126,76.8,-512.0,-98.13333333333333
127,76.8,-514.1333333333333,-83.2
128,72.53333333333333,-518.4,-78.93333333333334
129,68.26666666666667,-518.4,-81.06666666666666
130,68.26666666666667,-535.4666666666667,-74.66666666666667
131,68.26666666666667,-537.6,-68.26666666666667
132,74.66666666666667,-548.2666666666667,-57.6
133,83.2,-561.0666666666666,-40.53333333333333
134,85.33333333333333,-561.0666666666666,-53.333333333333336
135,93.86666666666666,-561.0666666666666,-49.06666666666666
136,89.6,-565.3333333333334,-46.93333333333333
137,89.6,-567.4666666666667,-34.13333333333333
138,89.6,-563.2,-38.4
139,85.33333333333333,-558.9333333333333,-34.13333333333333
140,81.06666666666666,-552.5333333333333,-36.266666666666666
141,76.8,-552.5333333333333,-25.6
142,70.4,-554.6666666666666,-40.53333333333333
143,76.8,-554.6666666666666,-34.13333333333333
144,53.333333333333336,-531.2,-49.06666666666666
145,70.4,-535.4666666666667,-59.733333333333334
146,72.53333333333333,-529.0666666666666,-59.733333333333334
147,72.53333333333333,-526.9333333333333,-64.0
148,83.2,-546.1333333333333,-66.13333333333333
149,76.8,-548.2666666666667,-74.66666666666667
150,83.2,-558.9333333333333,-85.33333333333333
151,85.33333333333333,-571.7333333333333,-96.0
152,85.33333333333333,-588.8,-100.26666666666667
153,98.13333333333333,-601.6,-98.13333333333333
154,98.13333333333333,-618.6666666666666,-113.06666666666666
155,93.86666666666666,-642.1333333333333,-121.6
156,85.33333333333333,-659.2,-138.66666666666666
157,78.93333333333334,-678.4,-162.13333333333333
158,81.06666666666666,-691.2,-174.93333333333334
159,72.53333333333333,-699.7333333333333,-194.13333333333333
160,66.13333333333333,-714.6666666666666,-211.2
161,55.46666666666667,-710.4,-228.26666666666665
162,40.53333333333333,-710.4,-217.6
163,29.866666666666667,-701.8666666666667,-217.6
164,19.2,-682.6666666666666,-204.8
165,-2.1333333333333333,-661.3333333333334,-185.6
166,-8.533333333333333,-631.4666666666667,-181.33333333333334
167,-8.533333333333333,-597.3333333333334,-168.53333333333333
168,-19.2,-569.6,-155.73333333333332
169,-32.0,-546.1333333333333,-147.2
170,-23.466666666666665,-529.0666666666666,-140.8
171,-32.0,-514.1333333333333,-145.06666666666666
172,-34.13333333333333,-492.8,-145.06666666666666
173,-27.733333333333334,-490.6666666666667,-147.2
174,-27.733333333333334,-475.73333333333335,-147.2
175,-29.866666666666667,-477.8666666666667,-132.26666666666665
176,-19.2,-482.1333333333333,-138.66666666666666
177,-27.733333333333334,-467.2,-136.53333333333333
178,-21.333333333333332,-471.46666666666664,-134.4
179,-23.466666666666665,-475.73333333333335,-130.13333333333333
180,-21.333333333333332,-486.4,-123.73333333333333
181,-32.0,-492.8,-119.46666666666667
182,-36.266666666666666,-494.93333333333334,-106.66666666666667
183,-51.2,-499.2,-119.46666666666667
184,-55.46666666666667,-501.3333333333333,-121.6
185,-59.733333333333334,-507.73333333333335,-128.0
186,-42.666666666666664,-480.0,-121.6
187,-57.6,-499.2,-132.26666666666665
188,-59.733333333333334,-475.73333333333335,-132.26666666666665
189,-53.333333333333336,-460.8,-132.26666666666665
190,-42.666666666666664,-460.8,-123.73333333333333
191,-32.0,-456.5333333333333,-123.73333333333333
192,-29.866666666666667,-448.0,-104.53333333333333
193,-23.466666666666665,-448.0,-102.4
194,-19.2,-441.59999999999997,-102.4
195,-21.333333333333332,-430.93333333333334,-102.4
196,-2.1333333333333333,-435.2,-98.13333333333333
197,0.0,-424.5333333333333,-100.26666666666667
198,-2.1333333333333333,-428.8,-102.4
199,-2.1333333333333333,-435.2,-108.8
200,-8.533333333333333,-435.2,-102.4
201,-8.533333333333333,-435.2,-108.8
202,-14.933333333333334,-437.3333333333333,-106.66666666666667
203,-12.8,-441.59999999999997,-119.46666666666667
204,-21.333333333333332,-448.0,-121.6
205,-10.666666666666666,-452.26666666666665,-128.0
206,-21.333333333333332,-443.73333333333335,-134.4
207,-25.6,-437.3333333333333,-136.53333333333333
208,-14.933333333333334,-456.5333333333333,-147.2
209,-21.333333333333332,-445.8666666666667,-140.8
210,-23.466666666666665,-454.4,-138.66666666666666
211,-25.6,-465.06666666666666,-136.53333333333333
212,-19.2,-484.26666666666665,-134.4
213,-21.333333333333332,-471.46666666666664,-132.26666666666665
214,-12.8,-471.46666666666664,-134.4
215,-14.933333333333334,-471.46666666666664,-145.06666666666666
216,-19.2,-475.73333333333335,-140.8
217,-12.8,-492.8,-136.53333333333333
218,-6.4,-494.93333333333334,-136.53333333333333
219,-14.933333333333334,-499.2,-136.53333333333333
220,-23.466666666666665,-494.93333333333334,-136.53333333333333
221,-14.933333333333334,-503.46666666666664,-123.73333333333333
222,-14.933333333333334,-505.59999999999997,-123.73333333333333
223,-21.333333333333332,-501.3333333333333,-102.4
224,-21.333333333333332,-501.3333333333333,-108.8
225,-38.4,-507.73333333333335,-104.53333333333333
226,-29.866666666666667,-518.4,-91.73333333333333
227,-40.53333333333333,-520.5333333333333,-87.46666666666667
228,-53.333333333333336,-522.6666666666666,-78.93333333333334
229,-57.6,-535.4666666666667,-72.53333333333333
230,-55.46666666666667,-539.7333333333333,-70.4
231,-66.13333333333333,-546.1333333333333,-68.26666666666667
232,-68.26666666666667,-537.6,-68.26666666666667
233,-61.86666666666667,-539.7333333333333,-64.0
234,-53.333333333333336,-531.2,-68.26666666666667
235,-51.2,-524.8,-53.333333333333336
236,-40.53333333333333,-520.5333333333333,-53.333333333333336
237,-49.06666666666666,-507.73333333333335,-44.8
238,-25.6,-507.73333333333335,-46.93333333333333
239,-27.733333333333334,-480.0,-44.8
240,-19.2,-482.1333333333333,-42.666666666666664
241,-19.2,-477.8666666666667,-34.13333333333333
242,-10.666666666666666,-471.46666666666664,-23.466666666666665
243,-6.4,-471.46666666666664,-34.13333333333333
244,-8.533333333333333,-469.3333333333333,-27.733333333333334
245,-12.8,-467.2,-21.333333333333332
246,-8.533333333333333,-484.26666666666665,-32.0
247,-23.466666666666665,-484.26666666666665,-36.266666666666666
248,-14.933333333333334,-497.06666666666666,-40.53333333333333
249,-21.333333333333332,-522.6666666666666,-21.333333333333332
250,-21.333333333333332,-522.6666666666666,-14.933333333333334
251,-25.6,-539.7333333333333,-14.933333333333334
252,-21.333333333333332,-546.1333333333333,-6.4
253,-12.8,-552.5333333333333,-8.533333333333333
254,-4.266666666666667,-561.0666666666666,-19.2
255,2.1333333333333333,-563.2,-17.066666666666666
256,10.666666666666666,-567.4666666666667,-14.933333333333334
257,8.533333333333333,-567.4666666666667,-14.933333333333334
258,17.066666666666666,-567.4666666666667,-19.2
259,17.066666666666666,-567.4666666666667,-17.066666666666666
260,10.666666666666666,-558.9333333333333,-25.6
261,17.066666666666666,-558.9333333333333,-29.866666666666667
262,17.066666666666666,-556.8,-27.733333333333334
263,19.2,-554.6666666666666,-29.866666666666667
264,14.933333333333334,-556.8,-29.866666666666667
265,17.066666666666666,-569.6,-34.13333333333333
266,4.266666666666667,-561.0666666666666,-25.6
267,17.066666666666666,-571.7333333333333,-23.466666666666665
268,12.8,-569.6,-25.6
269,8.533333333333333,-569.6,-19.2
270,6.4,-576.0,-32.0
271,10.666666666666666,-584.5333333333333,-34.13333333333333
272,2.1333333333333333,-584.5333333333333,-32.0
273,12.8,-593.0666666666666,-53.333333333333336
274,-12.8,-580.2666666666667,-25.6
275,-17.066666666666666,-580.2666666666667,-27.733333333333334
276,-25.6,-593.0666666666666,-32.0
277,-21.333333333333332,-595.2,-29.866666666666667
278,-29.866666666666667,-601.6,-29.866666666666667
279,-29.866666666666667,-610.1333333333333,-36.266666666666666
280,-38.4,-612.2666666666667,-44.8
281,-51.2,-627.2,-57.6
282,-68.26666666666667,-648.5333333333333,-74.66666666666667
283,-96.0,-689.0666666666666,-72.53333333333333
284,-100.26666666666667,-669.8666666666667,-115.2
285,-121.6,-678.4,-130.13333333333333
286,-138.66666666666666,-706.1333333333333,-130.13333333333333
287,-166.4,-704.0,-125.86666666666666
288,-179.2,-712.5333333333333,-108.8
289,-187.73333333333332,-712.5333333333333,-106.66666666666667
290,-202.66666666666666,-684.8,-93.86666666666666
291,-211.2,-663.4666666666667,-93.86666666666666
292,-204.8,-620.8,-98.13333333333333
293,-192.0,-599.4666666666667,-102.4
294,-168.53333333333333,-580.2666666666667,-102.4
295,-140.8,-554.6666666666666,-110.93333333333334
296,-110.93333333333334,-544.0,-110.93333333333334
297,-72.53333333333333,-535.4666666666667,-119.46666666666667
298,-34.13333333333333,-518.4,-130.13333333333333
299,4.266666666666667,-497.06666666666666,-140.8
300,44.8,-471.46666666666664,-153.6
301,83.2,-450.1333333333333,-162.13333333333333
302,123.73333333333333,-435.2,-168.53333333333333
303,138.66666666666666,-422.4,-160.0
304,160.0,-407.46666666666664,-179.2
305,177.06666666666666,-388.26666666666665,-174.93333333333334
306,179.2,-384.0,-177.06666666666666
307,160.0,-413.8666666666667,-160.0
308,138.66666666666666,-437.3333333333333,-149.33333333333334
309,115.2,-488.5333333333333,-142.93333333333334
310,83.2,-526.9333333333333,-138.66666666666666
311,51.2,-556.8,-125.86666666666666
312,23.466666666666665,-582.4,-125.86666666666666
313,2.1333333333333333,-601.6,-123.73333333333333
314,-14.933333333333334,-603.7333333333333,-128.0
315,-27.733333333333334,-614.4,-134.4
316,-42.666666666666664,-605.8666666666667,-145.06666666666666
317,-40.53333333333333,-610.1333333333333,-142.93333333333334
318,-40.53333333333333,-597.3333333333334,-145.06666666666666
319,-46.93333333333333,-584.5333333333333,-151.46666666666667
320,-32.0,-578.1333333333333,-140.8
321,-29.866666666666667,-556.8,-138.66666666666666
322,-17.066666666666666,-554.6666666666666,-145.06666666666666
323,2.1333333333333333,-548.2666666666667,-138.66666666666666
324,17.066666666666666,-531.2,-136.53333333333333
325,29.866666666666667,-524.8,-147.2
326,38.4,-490.6666666666667,-140.8
327,57.6,-503.46666666666664,-160.0
328,64.0,-492.8,-162.13333333333333
329,72.53333333333333,-484.26666666666665,-145.06666666666666
330,76.8,-477.8666666666667,-142.93333333333334
331,70.4,-469.3333333333333,-138.66666666666666
332,70.4,-462.93333333333334,-138.66666666666666
333,64.0,-441.59999999999997,-125.86666666666666
334,61.86666666666667,-445.8666666666667,-130.13333333333333
335,49.06666666666666,-430.93333333333334,-117.33333333333333
336,40.53333333333333,-430.93333333333334,-102.4
337,44.8,-428.8,-106.66666666666667
338,29.866666666666667,-420.26666666666665,-106.66666666666667
339,14.933333333333334,-416.0,-104.53333333333333
340,21.333333333333332,-416.0,-110.93333333333334
341,17.066666666666666,-416.0,-108.8
342,12.8,-416.0,-110.93333333333334
343,12.8,-413.8666666666667,-113.06666666666666
344,12.8,-418.1333333333333,-117.33333333333333
345,14.933333333333334,-422.4,-110.93333333333334
346,19.2,-424.5333333333333,-110.93333333333334
347,32.0,-420.26666666666665,-117.33333333333333
348,44.8,-433.06666666666666,-106.66666666666667
349,53.333333333333336,-441.59999999999997,-106.66666666666667
350,59.733333333333334,-439.46666666666664,-102.4
351,72.53333333333333,-456.5333333333333,-96.0
352,76.8,-458.6666666666667,-91.73333333333333
353,89.6,-458.6666666666667,-91.73333333333333
354,98.13333333333333,-458.6666666666667,-81.06666666666666
355,98.13333333333333,-469.3333333333333,-85.33333333333333
356,96.0,-477.8666666666667,-85.33333333333333
357,91.73333333333333,-477.8666666666667,-81.06666666666666
358,100.26666666666667,-475.73333333333335,-87.46666666666667
359,83.2,-484.26666666666665,-85.33333333333333
360,89.6,-488.5333333333333,-74.66666666666667
361,78.93333333333334,-488.5333333333333,-70.4
362,83.2,-488.5333333333333,-74.66666666666667
363,57.6,-484.26666666666665,-70.4
364,68.26666666666667,-484.26666666666665,-59.733333333333334
365,49.06666666666666,-477.8666666666667,-57.6
366,53.333333333333336,-480.0,-55.46666666666667
367,49.06666666666666,-482.1333333333333,-44.8
368,44.8,-482.1333333333333,-40.53333333333333
369,34.13333333333333,-484.26666666666665,-34.13333333333333
370,38.4,-484.26666666666665,-23.466666666666665
371,27.733333333333334,-499.2,-17.066666666666666
372,23.466666666666665,-497.06666666666666,-2.1333333333333333
373,14.933333333333334,-514.1333333333333,2.1333333333333333
374,6.4,-512.0,4.266666666666667
375,2.1333333333333333,-524.8,10.666666666666666
376,0.0,-514.1333333333333,10.666666666666666
377,4.266666666666667,-526.9333333333333,6.4
378,2.1333333333333333,-520.5333333333333,12.8
379,0.0,-533.3333333333334,10.666666666666666
380,4.266666666666667,-526.9333333333333,2.1333333333333333
381,14.933333333333334,-531.2,6.4
382,21.333333333333332,-541.8666666666667,-14.933333333333334
383,12.8,-544.0,-21.333333333333332
384,14.933333333333334,-556.8,-23.466666666666665
385,21.333333333333332,-567.4666666666667,-36.266666666666666
386,27.733333333333334,-582.4,-36.266666666666666
387,23.466666666666665,-593.0666666666666,-42.666666666666664
388,34.13333333333333,-616.5333333333333,-55.46666666666667
389,40.53333333333333,-627.2,-46.93333333333333
390,49.06666666666666,-646.4,-44.8
391,53.333333333333336,-654.9333333333333,-53.333333333333336
392,64.0,-663.4666666666667,-38.4
393,64.0,-676.2666666666667,-36.266666666666666
394,76.8,-682.6666666666666,-32.0
395,78.93333333333334,-678.4,-14.933333333333334
396,83.2,-676.2666666666667,-6.4
397,83.2,-674.1333333333333,6.4
398,76.8,-672.0,29.866666666666667
399,78.93333333333334,-654.9333333333333,49.06666666666666
400,64.0,-646.4,61.86666666666667
401,55.46666666666667,-633.6,83.2
402,51.2,-629.3333333333334,74.66666666666667
403,27.733333333333334,-620.8,66.13333333333333
404,10.666666666666666,-622.9333333333333,44.8
405,0.0,-640.0,21.333333333333332
406,-4.266666666666667,-661.3333333333334,-23.466666666666665
407,-14.933333333333334,-689.0666666666666,-61.86666666666667
408,-10.666666666666666,-716.8,-110.93333333333334
409,-6.4,-727.4666666666667,-134.4
410,8.533333333333333,-727.4666666666667,-153.6
411,25.6,-712.5333333333333,-157.86666666666667
412,46.93333333333333,-676.2666666666667,-162.13333333333333
413,68.26666666666667,-612.2666666666667,-160.0
414,89.6,-573.8666666666667,-177.06666666666666
415,102.4,-507.73333333333335,-174.93333333333334
416,108.8,-462.93333333333334,-179.2
417,113.06666666666666,-422.4,-187.73333333333332
418,93.86666666666666,-386.1333333333333,-185.6
419,89.6,-386.1333333333333,-183.46666666666667
420,68.26666666666667,-384.0,-172.8
421,32.0,-405.3333333333333,-149.33333333333334
422,0.0,-420.26666666666665,-145.06666666666666
423,-42.666666666666664,-448.0,-142.93333333333334
424,-55.46666666666667,-462.93333333333334,-147.2
425,-83.2,-484.26666666666665,-162.13333333333333
426,-98.13333333333333,-509.8666666666667,-194.13333333333333
427,-104.53333333333333,-533.3333333333334,-213.33333333333334
428,-91.73333333333333,-554.6666666666666,-234.66666666666666
429,-91.73333333333333,-563.2,-241.06666666666666
430,-83.2,-578.1333333333333,-241.06666666666666
431,-64.0,-597.3333333333334,-238.93333333333334
432,-46.93333333333333,-610.1333333333333,-217.6
433,-38.4,-614.4,-211.2
434,-23.466666666666665,-622.9333333333333,-200.53333333333333
435,-4.266666666666667,-620.8,-187.73333333333332
436,2.1333333333333333,-614.4,-177.06666666666666
437,10.666666666666666,-597.3333333333334,-174.93333333333334
438,25.6,-584.5333333333333,-174.93333333333334
439,32.0,-571.7333333333333,-164.26666666666665
440,34.13333333333333,-556.8,-149.33333333333334
441,46.93333333333333,-544.0,-134.4
442,55.46666666666667,-537.6,-125.86666666666666
443,53.333333333333336,-524.8,-130.13333333333333
444,55.46666666666667,-520.5333333333333,-128.0
445,57.6,-499.2,-117.33333333333333
446,55.46666666666667,-486.4,-119.46666666666667
447,42.666666666666664,-477.8666666666667,-119.46666666666667
448,44.8,-480.0,-113.06666666666666
449,32.0,-465.06666666666666,-100.26666666666667
450,23.466666666666665,-458.6666666666667,-104.53333333333333
451,10.666666666666666,-450.1333333333333,-104.53333333333333
452,2.1333333333333333,-441.59999999999997,-106.66666666666667
453,2.1333333333333333,-439.46666666666664,-93.86666666666666
454,-2.1333333333333333,-428.8,-117.33333333333333
455,0.0,-435.2,-110.93333333333334
456,-8.533333333333333,-426.6666666666667,-106.66666666666667
457,-19.2,-422.4,-113.06666666666666
458,-6.4,-424.5333333333333,-117.33333333333333
459,0.0,-426.6666666666667,-113.06666666666666
460,-2.1333333333333333,-428.8,-106.66666666666667
461,0.0,-422.4,-115.2
462,0.0,-422.4,-121.6
463,0.0,-420.26666666666665,-104.53333333333333
464,2.1333333333333333,-424.5333333333333,-106.66666666666667
465,0.0,-420.26666666666665,-98.13333333333333
466,-17.066666666666666,-413.8666666666667,-102.4
467,-12.8,-422.4,-85.33333333333333
468,-8.533333333333333,-426.6666666666667,-87.46666666666667
469,-17.066666666666666,-424.5333333333333,-91.73333333333333
470,-29.866666666666667,-433.06666666666666,-87.46666666666667
471,-32.0,-437.3333333333333,-78.93333333333334
472,-34.13333333333333,-439.46666666666664,-81.06666666666666
473,-32.0,-445.8666666666667,-76.8
474,-36.266666666666666,-448.0,-68.26666666666667
475,-38.4,-452.26666666666665,-64.0
476,-55.46666666666667,-439.46666666666664,-68.26666666666667
477,-42.666666666666664,-441.59999999999997,-66.13333333333333
478,-49.06666666666666,-439.46666666666664,-61.86666666666667
479,-51.2,-433.06666666666666,-57.6
480,-40.53333333333333,-420.26666666666665,-44.8
481,-51.2,-435.2,-46.93333333333333
482,-49.06666666666666,-422.4,-29.866666666666667
483,-55.46666666666667,-422.4,-27.733333333333334
484,-49.06666666666666,-435.2,-23.466666666666665
485,-55.46666666666667,-443.73333333333335,-23.466666666666665
486,-51.2,-450.1333333333333,-14.933333333333334
487,-49.06666666666666,-458.6666666666667,-14.933333333333334
488,-40.53333333333333,-480.0,-17.066666666666666
489,-38.4,-501.3333333333333,-21.333333333333332
490,-34.13333333333333,-516.2666666666667,-27.733333333333334
491,-27.733333333333334,-531.2,-32.0
492,-19.2,-541.8666666666667,-34.13333333333333
493,-14.933333333333334,-546.1333333333333,-40.53333333333333
494,-8.533333333333333,-548.2666666666667,-36.266666666666666
495,-12.8,-548.2666666666667,-40.53333333333333
496,-6.4,-544.0,-32.0
497,-17.066666666666666,-522.6666666666666,-46.93333333333333
498,-14.933333333333334,-503.46666666666664,-68.26666666666667
499,-12.8,-494.93333333333334,-66.13333333333333
500,-12.8,-494.93333333333334,-72.53333333333333
501,-6.4,-501.3333333333333,-85.33333333333333
502,-14.933333333333334,-503.46666666666664,-81.06666666666666
503,-8.533333333333333,-526.9333333333333,-76.8
504,-12.8,-550.4,-64.0
505,-8.533333333333333,-576.0,-59.733333333333334
506,0.0,-597.3333333333334,-64.0
507,-4.266666666666667,-627.2,-57.6
508,-10.666666666666666,-644.2666666666667,-46.93333333333333
509,-23.466666666666665,-661.3333333333334,-42.666666666666664
510,-23.466666666666665,-699.7333333333333,-36.266666666666666
511,-38.4,-678.4,-34.13333333333333
512,-40.53333333333333,-693.3333333333334,-32.0
513,-38.4,-697.6,-17.066666666666666
514,-38.4,-693.3333333333334,-17.066666666666666
515,-40.53333333333333,-689.0666666666666,10.666666666666666
516,-38.4,-669.8666666666667,2.1333333333333333
517,-32.0,-665.6,19.2
518,-25.6,-665.6,25.6
519,-23.466666666666665,-659.2,10.666666666666666
520,-8.533333333333333,-674.1333333333333,-17.066666666666666
521,-17.066666666666666,-686.9333333333333,-66.13333333333333
522,-29.866666666666667,-706.1333333333333,-132.26666666666665
523,-53.333333333333336,-736.0,-183.46666666666667
524,-66.13333333333333,-787.2,-213.33333333333334
525,-83.2,-819.2,-226.13333333333333
526,-96.0,-829.8666666666667,-209.06666666666666
527,-106.66666666666667,-819.2,-198.4
528,-117.33333333333333,-763.7333333333333,-189.86666666666667
529,-136.53333333333333,-684.8,-206.93333333333334
530,-151.46666666666667,-620.8,-221.86666666666667
531,-151.46666666666667,-548.2666666666667,-217.6
532,-145.06666666666666,-469.3333333333333,-219.73333333333332
533,-121.6,-416.0,-198.4
534,-81.06666666666666,-381.8666666666667,-183.46666666666667
535,-34.13333333333333,-371.2,-153.6
536,25.6,-388.26666666666665,-125.86666666666666
537,74.66666666666667,-392.5333333333333,-113.06666666666666
538,134.4,-416.0,-98.13333333333333
539,170.66666666666666,-452.26666666666665,-106.66666666666667
540,172.8,-469.3333333333333,-125.86666666666666
541,170.66666666666666,-509.8666666666667,-136.53333333333333
542,155.73333333333332,-546.1333333333333,-151.46666666666667
543,132.26666666666665,-565.3333333333334,-168.53333333333333
544,100.26666666666667,-590.9333333333333,-179.2
545,64.0,-593.0666666666666,-172.8
546,25.6,-593.0666666666666,-177.06666666666666
547,-21.333333333333332,-586.6666666666666,-174.93333333333334
548,-57.6,-580.2666666666667,-174.93333333333334
549,-96.0,-571.7333333333333,-174.93333333333334
550,-104.53333333333333,-567.4666666666667,-177.06666666666666
551,-121.6,-554.6666666666666,-170.66666666666666
552,-121.6,-546.1333333333333,-157.86666666666667
553,-121.6,-533.3333333333334,-153.6
554,-98.13333333333333,-531.2,-147.2
555,-83.2,-529.0666666666666,-153.6
556,-55.46666666666667,-518.4,-155.73333333333332
557,-32.0,-522.6666666666666,-155.73333333333332
558,-17.066666666666666,-509.8666666666667,-149.33333333333334
559,0.0,-505.59999999999997,-155.73333333333332
560,10.666666666666666,-503.46666666666664,-151.46666666666667
561,21.333333333333332,-488.5333333333333,-149.33333333333334
562,29.866666666666667,-471.46666666666664,-142.93333333333334
563,34.13333333333333,-467.2,-130.13333333333333
564,38.4,-456.5333333333333,-134.4
565,40.53333333333333,-443.73333333333335,-128.0
566,32.0,-435.2,-130.13333333333333
567,32.0,-420.26666666666665,-125.86666666666666
568,34.13333333333333,-420.26666666666665,-115.2
569,27.733333333333334,-416.0,-108.8
570,29.866666666666667,-413.8666666666667,-110.93333333333334
571,23.466666666666665,-413.8666666666667,-100.26666666666667
572,27.733333333333334,-413.8666666666667,-104.53333333333333
573,34.13333333333333,-416.0,-104.53333333333333
574,27.733333333333334,-413.8666666666667,-96.0
575,34.13333333333333,-413.8666666666667,-106.66666666666667
576,34.13333333333333,-413.8666666666667,-91.73333333333333
577,42.666666666666664,-420.26666666666665,-93.86666666666666
578,40.53333333333333,-420.26666666666665,-102.4
579,40.53333333333333,-426.6666666666667,-100.26666666666667
580,55.46666666666667,-426.6666666666667,-96.0
581,57.6,-426.6666666666667,-89.6
582,70.4,-433.06666666666666,-85.33333333333333
583,61.86666666666667,-420.26666666666665,-93.86666666666666
584,70.4,-422.4,-85.33333333333333
585,78.93333333333334,-433.06666666666666,-81.06666666666666
586,74.66666666666667,-430.93333333333334,-83.2
587,83.2,-435.2,-83.2
588,78.93333333333334,-441.59999999999997,-68.26666666666667
589,68.26666666666667,-443.73333333333335,-78.93333333333334
590,72.53333333333333,-448.0,-66.13333333333333
591,74.66666666666667,-458.6666666666667,-59.733333333333334
592,74.66666666666667,-467.2,-51.2
593,72.53333333333333,-462.93333333333334,-57.6
594,57.6,-480.0,-44.8
595,49.06666666666666,-475.73333333333335,-49.06666666666666
596,61.86666666666667,-473.59999999999997,-55.46666666666667
597,49.06666666666666,-471.46666666666664,-44.8
598,55.46666666666667,-475.73333333333335,-34.13333333333333
599,59.733333333333334,-477.8666666666667,-36.266666666666666
600,51.2,-484.26666666666665,-29.866666666666667
601,57.6,-492.8,-19.2
602,53.333333333333336,-490.6666666666667,-10.666666666666666
603,55.46666666666667,-509.8666666666667,0.0
604,55.46666666666667,-512.0,0.0
605,53.333333333333336,-522.6666666666666,0.0
606,59.733333333333334,-524.8,2.1333333333333333
607,25.6,-526.9333333333333,2.1333333333333333
608,38.4,-537.6,0.0
609,29.866666666666667,-535.4666666666667,-4.266666666666667
610,27.733333333333334,-544.0,-2.1333333333333333
611,32.0,-544.0,-23.466666666666665
612,36.266666666666666,-533.3333333333334,-25.6
613,36.266666666666666,-544.0,-23.466666666666665
614,29.866666666666667,-544.0,-29.866666666666667
615,23.466666666666665,-544.0,-32.0
616,23.466666666666665,-554.6666666666666,-32.0
617,14.933333333333334,-554.6666666666666,-32.0
618,8.533333333333333,-567.4666666666667,-25.6
619,6.4,-580.2666666666667,-29.866666666666667
620,4.266666666666667,-593.0666666666666,-29.866666666666667
621,8.533333333333333,-618.6666666666666,-23.466666666666665
622,-4.266666666666667,-635.7333333333333,-19.2
623,6.4,-659.2,-12.8
624,21.333333333333332,-682.6666666666666,-14.933333333333334
625,32.0,-691.2,-21.333333333333332
626,53.333333333333336,-695.4666666666667,0.0
627,57.6,-710.4,-2.1333333333333333
628,64.0,-695.4666666666667,8.533333333333333
629,70.4,-693.3333333333334,23.466666666666665
630,85.33333333333333,-680.5333333333333,29.866666666666667
631,89.6,-669.8666666666667,51.2
632,89.6,-654.9333333333333,59.733333333333334
633,72.53333333333333,-648.5333333333333,68.26666666666667
634,61.86666666666667,-646.4,78.93333333333334
635,51.2,-661.3333333333334,59.733333333333334
636,38.4,-686.9333333333333,36.266666666666666
637,23.466666666666665,-706.1333333333333,21.333333333333332
638,0.0,-740.2666666666667,-10.666666666666666
639,-2.1333333333333333,-765.8666666666667,-57.6
640,-2.1333333333333333,-782.9333333333333,-85.33333333333333
641,4.266666666666667,-776.5333333333333,-85.33333333333333
642,10.666666666666666,-748.8,-93.86666666666666
643,36.266666666666666,-697.6,-117.33333333333333
644,68.26666666666667,-631.4666666666667,-138.66666666666666
645,78.93333333333334,-554.6666666666666,-172.8
646,96.0,-509.8666666666667,-200.53333333333333
647,93.86666666666666,-467.2,-221.86666666666667
648,89.6,-428.8,-245.33333333333334
649,81.06666666666666,-416.0,-243.2
650,61.86666666666667,-416.0,-209.06666666666666
651,34.13333333333333,-418.1333333333333,-209.06666666666666
652,2.1333333333333333,-428.8,-179.2
653,-49.06666666666666,-454.4,-151.46666666666667
654,-91.73333333333333,-482.1333333333333,-136.53333333333333
655,-134.4,-516.2666666666667,-123.73333333333333
656,-155.73333333333332,-539.7333333333333,-119.46666666666667
657,-172.8,-569.6,-134.4
658,-185.6,-582.4,-142.93333333333334
659,-166.4,-595.2,-157.86666666666667
660,-140.8,-608.0,-153.6
661,-125.86666666666666,-599.4666666666667,-160.0
662,-89.6,-597.3333333333334,-155.73333333333332
663,-51.2,-588.8,-149.33333333333334
664,-21.333333333333332,-578.1333333333333,-140.8
665,6.4,-561.0666666666666,-140.8
666,19.2,-539.7333333333333,-136.53333333333333
667,32.0,-522.6666666666666,-130.13333333333333
668,42.666666666666664,-529.0666666666666,-115.2
669,44.8,-516.2666666666667,-119.46666666666667
670,38.4,-503.46666666666664,-123.73333333333333
671,40.53333333333333,-507.73333333333335,-130.13333333333333
672,34.13333333333333,-492.8,-130.13333333333333
673,19.2,-494.93333333333334,-132.26666666666665
674,8.533333333333333,-494.93333333333334,-123.73333333333333
675,0.0,-492.8,-136.53333333333333
676,-8.533333333333333,-490.6666666666667,-119.46666666666667
677,-21.333333333333332,-482.1333333333333,-125.86666666666666
678,-29.866666666666667,-473.59999999999997,-113.06666666666666
679,-27.733333333333334,-467.2,-110.93333333333334
680,-46.93333333333333,-458.6666666666667,-108.8
681,-49.06666666666666,-452.26666666666665,-104.53333333333333
682,-53.333333333333336,-437.3333333333333,-108.8
683,-53.333333333333336,-428.8,-91.73333333333333
684,-51.2,-422.4,-93.86666666666666
685,-66.13333333333333,-413.8666666666667,-91.73333333333333
686,-55.46666666666667,-416.0,-85.33333333333333
687,-38.4,-422.4,-81.06666666666666
688,-42.666666666666664,-416.0,-83.2
689,-25.6,-416.0,-91.73333333333333
690,-27.733333333333334,-413.8666666666667,-96.0
691,-23.466666666666665,-411.73333333333335,-102.4
692,-23.466666666666665,-403.2,-89.6
693,-17.066666666666666,-409.6,-93.86666666666666
694,-10.666666666666666,-413.8666666666667,-81.06666666666666
695,-17.066666666666666,-407.46666666666664,-78.93333333333334
696,0.0,-416.0,-70.4
697,-29.866666666666667,-405.3333333333333,-66.13333333333333
698,-23.466666666666665,-405.3333333333333,-61.86666666666667
699,-29.866666666666667,-405.3333333333333,-68.26666666666667
700,-36.266666666666666,-422.4,-53.333333333333336
701,-38.4,-422.4,-49.06666666666666
702,-49.06666666666666,-426.6666666666667,-53.333333333333336
703,-49.06666666666666,-430.93333333333334,-66.13333333333333
704,-51.2,-441.59999999999997,-59.733333333333334
705,-55.46666666666667,-454.4,-51.2
706,-57.6,-460.8,-51.2
707,-55.46666666666667,-462.93333333333334,-49.06666666666666
708,-49.06666666666666,-480.0,-55.46666666666667
709,-44.8,-482.1333333333333,-51.2
710,-46.93333333333333,-475.73333333333335,-42.666666666666664
711,-42.666666666666664,-480.0,-29.866666666666667
712,-42.666666666666664,-482.1333333333333,-34.13333333333333
713,-40.53333333333333,-486.4,-29.866666666666667
714,-36.266666666666666,-494.93333333333334,-25.6
715,-38.4,-505.59999999999997,-14.933333333333334
716,-32.0,-505.59999999999997,-2.1333333333333333
717,-23.466666666666665,-518.4,0.0
718,-23.466666666666665,-524.8,-2.1333333333333333
719,-19.2,-529.0666666666666,6.4
720,-23.466666666666665,-539.7333333333333,12.8
721,-17.066666666666666,-550.4,10.666666666666666
722,-19.2,-554.6666666666666,8.533333333333333
723,-25.6,-550.4,6.4
724,-23.466666666666665,-554.6666666666666,12.8
725,-27.733333333333334,-550.4,8.533333333333333
726,-27.733333333333334,-544.0,17.066666666666666
727,-38.4,-533.3333333333334,23.466666666666665
728,-38.4,-526.9333333333333,14.933333333333334
729,-53.333333333333336,-507.73333333333335,19.2
730,-53.333333333333336,-494.93333333333334,12.8
731,-59.733333333333334,-488.5333333333333,4.266666666666667
732,-53.333333333333336,-490.6666666666667,-4.266666666666667
733,-42.666666666666664,-499.2,8.533333333333333
734,-27.733333333333334,-518.4,-4.266666666666667
735,-17.066666666666666,-541.8666666666667,-2.1333333333333333
736,-2.1333333333333333,-561.0666666666666,2.1333333333333333
737,-2.1333333333333333,-599.4666666666667,6.4
738,0.0,-614.4,-2.1333333333333333
739,0.0,-646.4,2.1333333333333333
740,-10.666666666666666,-672.0,2.1333333333333333
741,-14.933333333333334,-682.6666666666666,8.533333333333333
742,-27.733333333333334,-691.2,0.0
743,-38.4,-695.4666666666667,4.266666666666667
744,-49.06666666666666,-691.2,2.1333333333333333
745,-57.6,-691.2,10.666666666666666
746,-64.0,-695.4666666666667,4.266666666666667
747,-61.86666666666667,-718.9333333333333,6.4
748,-59.733333333333334,-708.2666666666667,6.4
749,-59.733333333333334,-716.8,2.1333333333333333
750,-57.6,-733.8666666666667,-23.466666666666665
751,-57.6,-763.7333333333333,-64.0
752,-72.53333333333333,-782.9333333333333,-106.66666666666667
753,-76.8,-814.9333333333333,-140.8
754,-85.33333333333333,-844.8,-153.6
755,-93.86666666666666,-849.0666666666666,-160.0
756,-115.2,-849.0666666666666,-145.06666666666666
757,-121.6,-829.8666666666667,-140.8
758,-125.86666666666666,-774.4,-136.53333333333333
759,-130.13333333333333,-691.2,-147.2
760,-104.53333333333333,-610.1333333333333,-151.46666666666667
761,-89.6,-520.5333333333333,-170.66666666666666
762,-81.06666666666666,-462.93333333333334,-177.06666666666666
763,-46.93333333333333,-396.8,-179.2
764,-4.266666666666667,-356.26666666666665,-170.66666666666666
765,44.8,-326.4,-162.13333333333333
766,100.26666666666667,-322.1333333333333,-132.26666666666665
767,134.4,-343.46666666666664,-117.33333333333333
768,185.6,-371.2,-100.26666666666667
769,192.0,-416.0,-93.86666666666666
770,187.73333333333332,-471.46666666666664,-102.4
771,155.73333333333332,-522.6666666666666,-115.2
772,138.66666666666666,-571.7333333333333,-119.46666666666667
773,115.2,-608.0,-125.86666666666666
774,68.26666666666667,-640.0,-121.6
775,36.266666666666666,-657.0666666666666,-108.8
776,2.1333333333333333,-676.2666666666667,-108.8
777,-23.466666666666665,-672.0,-108.8
778,-40.53333333333333,-657.0666666666666,-108.8
779,-66.13333333333333,-644.2666666666667,-119.46666666666667
780,-83.2,-620.8,-110.93333333333334
781,-87.46666666666667,-603.7333333333333,-134.4
782,-83.2,-586.6666666666666,-136.53333333333333
783,-78.93333333333334,-556.8,-136.53333333333333
784,-74.66666666666667,-539.7333333333333,-130.13333333333333
785,-46.93333333333333,-524.8,-121.6
786,-38.4,-509.8666666666667,-119.46666666666667
787,-27.733333333333334,-503.46666666666664,-113.06666666666666
788,0.0,-490.6666666666667,-115.2
789,10.666666666666666,-480.0,-108.8
790,21.333333333333332,-467.2,-113.06666666666666
791,32.0,-473.59999999999997,-89.6
792,40.53333333333333,-473.59999999999997,-85.33333333333333
793,40.53333333333333,-456.5333333333333,-96.0
794,44.8,-448.0,-85.33333333333333
795,42.666666666666664,-439.46666666666664,-83.2
796,46.93333333333333,-433.06666666666666,-87.46666666666667
797,53.333333333333336,-424.5333333333333,-78.93333333333334
798,49.06666666666666,-416.0,-74.66666666666667
799,44.8,-413.8666666666667,-72.53333333333333
800,46.93333333333333,-405.3333333333333,-78.93333333333334
801,51.2,-396.8,-78.93333333333334
802,51.2,-407.46666666666664,-76.8
803,46.93333333333333,-407.46666666666664,-78.93333333333334
804,55.46666666666667,-407.46666666666664,-68.26666666666667
805,46.93333333333333,-409.6,-72.53333333333333
806,51.2,-396.8,-83.2
807,55.46666666666667,-407.46666666666664,-78.93333333333334
808,49.06666666666666,-398.93333333333334,-78.93333333333334
809,53.333333333333336,-411.73333333333335,-76.8
810,55.46666666666667,-416.0,-66.13333333333333
811,53.333333333333336,-411.73333333333335,-74.66666666666667
812,46.93333333333333,-416.0,-72.53333333333333
813,57.6,-420.26666666666665,-81.06666666666666
814,55.46666666666667,-420.26666666666665,-70.4
815,55.46666666666667,-426.6666666666667,-83.2
816,55.46666666666667,-437.3333333333333,-76.8
817,49.06666666666666,-441.59999999999997,-68.26666666666667
818,51.2,-430.93333333333334,-70.4
819,46.93333333333333,-445.8666666666667,-61.86666666666667
820,46.93333333333333,-441.59999999999997,-55.46666666666667
821,49.06666666666666,-430.93333333333334,-55.46666666666667
822,46.93333333333333,-435.2,-49.06666666666666
823,53.333333333333336,-439.46666666666664,-42.666666666666664
824,53.333333333333336,-439.46666666666664,-32.0
825,44.8,-437.3333333333333,-34.13333333333333
826,53.333333333333336,-443.73333333333335,-32.0
827,53.333333333333336,-465.06666666666666,-12.8
828,49.06666666666666,-465.06666666666666,-8.533333333333333
829,61.86666666666667,-477.8666666666667,-6.4
830,66.13333333333333,-488.5333333333333,2.1333333333333333
831,70.4,-488.5333333333333,2.1333333333333333
832,74.66666666666667,-501.3333333333333,10.666666666666666
833,68.26666666666667,-505.59999999999997,25.6
834,61.86666666666667,-499.2,21.333333333333332
835,66.13333333333333,-512.0,34.13333333333333
836,51.2,-503.46666666666664,40.53333333333333
837,44.8,-503.46666666666664,32.0
838,38.4,-497.06666666666666,38.4
839,21.333333333333332,-490.6666666666667,40.53333333333333
840,21.333333333333332,-497.06666666666666,42.666666666666664
841,6.4,-482.1333333333333,36.266666666666666
842,4.266666666666667,-484.26666666666665,38.4
843,0.0,-482.1333333333333,25.6
844,-2.1333333333333333,-503.46666666666664,21.333333333333332
845,0.0,-518.4,8.533333333333333
846,2.1333333333333333,-546.1333333333333,10.666666666666666
847,-4.266666666666667,-567.4666666666667,21.333333333333332
848,-6.4,-590.9333333333333,10.666666666666666
849,-10.666666666666666,-610.1333333333333,6.4
850,-4.266666666666667,-625.0666666666666,8.533333333333333
851,0.0,-648.5333333333333,8.533333333333333
852,6.4,-657.0666666666666,8.533333333333333
853,25.6,-663.4666666666667,2.1333333333333333
854,38.4,-663.4666666666667,4.266666666666667
855,49.06666666666666,-661.3333333333334,4.266666666666667
856,66.13333333333333,-657.0666666666666,0.0
857,81.06666666666666,-654.9333333333333,6.4
858,89.6,-652.8,19.2
859,91.73333333333333,-648.5333333333333,21.333333333333332
860,104.53333333333333,-648.5333333333333,44.8
861,102.4,-642.1333333333333,40.53333333333333
862,104.53333333333333,-640.0,57.6
863,93.86666666666666,-633.6,68.26666666666667
864,96.0,-629.3333333333334,83.2
865,91.73333333333333,-633.6,98.13333333333333
866,78.93333333333334,-644.2666666666667,117.33333333333333
867,61.86666666666667,-640.0,134.4
868,32.0,-646.4,151.46666666666667
869,10.666666666666666,-629.3333333333334,157.86666666666667
870,-17.066666666666666,-625.0666666666666,166.4
871,-42.666666666666664,-612.2666666666667,166.4
872,-49.06666666666666,-622.9333333333333,130.13333333333333
873,-49.06666666666666,-627.2,76.8
874,-40.53333333333333,-661.3333333333334,14.933333333333334
875,-23.466666666666665,-716.8,-76.8
876,8.533333333333333,-755.2,-170.66666666666666
877,36.266666666666666,-795.7333333333333,-247.46666666666667
878,68.26666666666667,-821.3333333333334,-315.73333333333335
879,98.13333333333333,-800.0,-345.6
880,123.73333333333333,-725.3333333333334,-360.5333333333333
881,125.86666666666666,-625.0666666666666,-360.5333333333333
882,119.46666666666667,-512.0,-337.06666666666666
883,108.8,-452.26666666666665,-326.4
884,76.8,-381.8666666666667,-313.6
885,32.0,-339.2,-311.46666666666664
886,-6.4,-337.06666666666666,-305.06666666666666
887,-21.333333333333332,-401.06666666666666,-260.26666666666665
888,-53.333333333333336,-473.59999999999997,-245.33333333333334
889,-81.06666666666666,-561.0666666666666,-198.4
890,-119.46666666666667,-644.2666666666667,-185.6
891,-138.66666666666666,-701.8666666666667,-196.26666666666665
892,-170.66666666666666,-738.1333333333333,-206.93333333333334
893,-185.6,-759.4666666666667,-213.33333333333334
894,-174.93333333333334,-761.6,-213.33333333333334
895,-151.46666666666667,-731.7333333333333,-204.8
896,-115.2,-706.1333333333333,-187.73333333333332
897,-81.06666666666666,-695.4666666666667,-174.93333333333334
898,-38.4,-672.0,-145.06666666666666
899,-8.533333333333333,-640.0,-123.73333333333333
900,0.0,-610.1333333333333,-104.53333333333333
901,0.0,-569.6,-113.06666666666666
902,-14.933333333333334,-550.4,-117.33333333333333
903,-10.666666666666666,-514.1333333333333,-123.73333333333333
904,-23.466666666666665,-488.5333333333333,-128.0
905,-32.0,-473.59999999999997,-134.4
906,-51.2,-456.5333333333333,-132.26666666666665
907,-55.46666666666667,-462.93333333333334,-138.66666666666666
908,-61.86666666666667,-437.3333333333333,-123.73333333333333
909,-70.4,-437.3333333333333,-130.13333333333333
910,-81.06666666666666,-424.5333333333333,-117.33333333333333
911,-78.93333333333334,-418.1333333333333,-106.66666666666667
912,-78.93333333333334,-407.46666666666664,-96.0
913,-72.53333333333333,-401.06666666666666,-87.46666666666667
914,-85.33333333333333,-403.2,-72.53333333333333
915,-81.06666666666666,-405.3333333333333,-70.4
916,-61.86666666666667,-407.46666666666664,-68.26666666666667
917,-38.4,-420.26666666666665,-57.6
918,-32.0,-430.93333333333334,-53.333333333333336
919,-34.13333333333333,-437.3333333333333,-61.86666666666667
920,-12.8,-443.73333333333335,-55.46666666666667
921,-21.333333333333332,-454.4,-68.26666666666667
922,-25.6,-454.4,-72.53333333333333
923,-21.333333333333332,-448.0,-78.93333333333334
924,-36.266666666666666,-460.8,-59.733333333333334
925,-42.666666666666664,-465.06666666666666,-74.66666666666667
926,-46.93333333333333,-465.06666666666666,-64.0
927,-55.46666666666667,-467.2,-70.4
928,-70.4,-477.8666666666667,-59.733333333333334
929,-59.733333333333334,-490.6666666666667,-55.46666666666667
930,-76.8,-492.8,-46.93333333333333
931,-89.6,-486.4,-38.4
932,-78.93333333333334,-490.6666666666667,-49.06666666666666
933,-76.8,-499.2,-32.0
934,-85.33333333333333,-494.93333333333334,-32.0
935,-70.4,-497.06666666666666,-12.8
936,-70.4,-492.8,-27.733333333333334
937,-61.86666666666667,-488.5333333333333,-27.733333333333334
938,-57.6,-486.4,-23.466666666666665
939,-51.2,-490.6666666666667,-21.333333333333332
940,-44.8,-486.4,-21.333333333333332
941,-34.13333333333333,-490.6666666666667,-8.533333333333333
942,-27.733333333333334,-475.73333333333335,-4.266666666666667
943,-25.6,-490.6666666666667,-10.666666666666666
944,-23.466666666666665,-488.5333333333333,-2.1333333333333333
945,-6.4,-490.6666666666667,-17.066666666666666
946,-4.266666666666667,-488.5333333333333,-12.8
947,0.0,-488.5333333333333,-6.4
948,4.266666666666667,-484.26666666666665,4.266666666666667
949,17.066666666666666,-484.26666666666665,-6.4
950,14.933333333333334,-480.0,0.0
951,19.2,-477.8666666666667,-6.4
952,12.8,-477.8666666666667,0.0
953,21.333333333333332,-471.46666666666664,0.0
954,27.733333333333334,-465.06666666666666,-2.1333333333333333
955,14.933333333333334,-452.26666666666665,4.266666666666667
956,19.2,-450.1333333333333,6.4
957,8.533333333333333,-445.8666666666667,6.4
958,0.0,-450.1333333333333,0.0
959,0.0,-448.0,4.266666666666667
960,-2.1333333333333333,-450.1333333333333,0.0
961,-10.666666666666666,-454.4,0.0
962,-2.1333333333333333,-458.6666666666667,10.666666666666666
963,-10.666666666666666,-462.93333333333334,0.0
964,-12.8,-473.59999999999997,6.4
965,-8.533333333333333,-480.0,4.266666666666667
966,-17.066666666666666,-480.0,4.266666666666667
967,-19.2,-473.59999999999997,6.4
968,-21.333333333333332,-484.26666666666665,6.4
969,-29.866666666666667,-482.1333333333333,8.533333333333333
970,-32.0,-486.4,14.933333333333334
971,-21.333333333333332,-469.3333333333333,17.066666666666666
972,-27.733333333333334,-469.3333333333333,4.266666666666667
973,-23.466666666666665,-456.5333333333333,14.933333333333334
974,-14.933333333333334,-450.1333333333333,-10.666666666666666
975,-14.933333333333334,-448.0,14.933333333333334
976,-12.8,-454.4,4.266666666666667
977,-2.1333333333333333,-462.93333333333334,8.533333333333333
978,10.666666666666666,-473.59999999999997,8.533333333333333
979,14.933333333333334,-492.8,0.0
980,12.8,-499.2,2.1333333333333333
981,14.933333333333334,-520.5333333333333,-6.4
982,10.666666666666666,-533.3333333333334,-17.066666666666666
983,2.1333333333333333,-548.2666666666667,-21.333333333333332
984,0.0,-554.6666666666666,-36.266666666666666
985,-21.333333333333332,-567.4666666666667,-40.53333333333333
986,-49.06666666666666,-580.2666666666667,-46.93333333333333
987,-76.8,-595.2,-42.666666666666664
988,-110.93333333333334,-612.2666666666667,-46.93333333333333
989,-132.26666666666665,-627.2,-59.733333333333334
990,-164.26666666666665,-661.3333333333334,-70.4
991,-196.26666666666665,-682.6666666666666,-72.53333333333333
992,-219.73333333333332,-708.2666666666667,-78.93333333333334
993,-238.93333333333334,-731.7333333333333,-98.13333333333333
994,-253.86666666666667,-748.8,-106.66666666666667
995,-262.4,-774.4,-115.2
996,-253.86666666666667,-787.2,-115.2
997,-243.2,-797.8666666666667,-119.46666666666667
998,-221.86666666666667,-802.1333333333333,-110.93333333333334
999,-204.8,-802.1333333333333,-98.13333333333333
1000,-170.66666666666666,-791.4666666666667,-85.33333333333333
1001,-147.2,-774.4,-68.26666666666667
1002,-125.86666666666666,-755.2,-46.93333333333333
1003,-85.33333333333333,-742.4,-46.93333333333333
1004,-78.93333333333334,-736.0,-29.866666666666667
1005,-53.333333333333336,-731.7333333333333,-2.1333333333333333
1006,-29.866666666666667,-738.1333333333333,-2.1333333333333333
1007,-10.666666666666666,-733.8666666666667,0.0
1008,-4.266666666666667,-740.2666666666667,17.066666666666666
1009,-4.266666666666667,-736.0,10.666666666666666
1010,2.1333333333333333,-733.8666666666667,10.666666666666666
1011,-8.533333333333333,-699.7333333333333,12.8
1012,-6.4,-676.2666666666667,8.533333333333333
1013,0.0,-644.2666666666667,8.533333333333333
1014,-19.2,-588.8,14.933333333333334
1015,-27.733333333333334,-535.4666666666667,10.666666666666666
1016,-29.866666666666667,-494.93333333333334,0.0
1017,-29.866666666666667,-443.73333333333335,6.4
1018,-32.0,-418.1333333333333,-44.8
1019,-29.866666666666667,-379.73333333333335,-66.13333333333333
1020,-29.866666666666667,-352.0,-74.66666666666667
1021,-29.866666666666667,-326.4,-81.06666666666666
1022,-21.333333333333332,-305.06666666666666,-87.46666666666667
1023,-23.466666666666665,-290.1333333333333,-100.26666666666667
1024,-19.2,-285.8666666666667,-110.93333333333334
1025,-21.333333333333332,-294.4,-130.13333333333333
1026,-32.0,-311.46666666666664,-138.66666666666666
1027,-42.666666666666664,-320.0,-151.46666666666667
1028,-57.6,-334.93333333333334,-170.66666666666666
1029,-72.53333333333333,-345.6,-183.46666666666667
1030,-85.33333333333333,-334.93333333333334,-204.8
1031,-93.86666666666666,-332.8,-232.53333333333333
1032,-96.0,-326.4,-251.73333333333332
1033,-85.33333333333333,-317.8666666666667,-266.6666666666667
1034,-87.46666666666667,-305.06666666666666,-288.0
1035,-76.8,-288.0,-309.3333333333333
1036,-68.26666666666667,-311.46666666666664,-322.1333333333333
1037,-61.86666666666667,-337.06666666666666,-339.2
1038,-64.0,-349.8666666666667,-356.26666666666665
1039,-68.26666666666667,-381.8666666666667,-377.6
1040,-74.66666666666667,-416.0,-396.8
1041,-81.06666666666666,-456.5333333333333,-424.5333333333333
1042,-83.2,-499.2,-443.73333333333335
1043,-93.86666666666666,-535.4666666666667,-473.59999999999997
1044,-93.86666666666666,-582.4,-503.46666666666664
1045,-104.53333333333333,-620.8,-541.8666666666667
1046,-96.0,-663.4666666666667,-550.4
1047,-96.0,-684.8,-565.3333333333334
1048,-91.73333333333333,-699.7333333333333,-561.0666666666666
1049,-85.33333333333333,-704.0,-552.5333333333333
1050,-74.66666666666667,-697.6,-520.5333333333333
1051,-36.266666666666666,-695.4666666666667,-494.93333333333334
1052,-29.866666666666667,-691.2,-456.5333333333333
1053,4.266666666666667,-686.9333333333333,-411.73333333333335
1054,27.733333333333334,-676.2666666666667,-375.46666666666664
1055,34.13333333333333,-661.3333333333334,-337.06666666666666
1056,72.53333333333333,-667.7333333333333,-309.3333333333333
1057,96.0,-659.2,-283.73333333333335
1058,98.13333333333333,-663.4666666666667,-260.26666666666665
1059,117.33333333333333,-665.6,-241.06666666666666
1060,121.6,-646.4,-236.79999999999998
1061,130.13333333333333,-625.0666666666666,-213.33333333333334
1062,134.4,-622.9333333333333,-215.46666666666667
1063,136.53333333333333,-590.9333333333333,-200.53333333333333
1064,136.53333333333333,-565.3333333333334,-187.73333333333332
1065,147.2,-550.4,-177.06666666666666
1066,130.13333333333333,-529.0666666666666,-168.53333333333333
1067,123.73333333333333,-514.1333333333333,-166.4
1068,117.33333333333333,-501.3333333333333,-155.73333333333332
1069,113.06666666666666,-482.1333333333333,-145.06666666666666
1070,98.13333333333333,-458.6666666666667,-153.6
1071,100.26666666666667,-441.59999999999997,-162.13333333333333
1072,87.46666666666667,-448.0,-160.0
1073,72.53333333333333,-441.59999999999997,-151.46666666666667
1074,59.733333333333334,-418.1333333333333,-164.26666666666665
1075,40.53333333333333,-426.6666666666667,-170.66666666666666
1076,36.266666666666666,-418.1333333333333,-170.66666666666666
1077,23.466666666666665,-420.26666666666665,-170.66666666666666
1078,19.2,-420.26666666666665,-177.06666666666666
1079,2.1333333333333333,-413.8666666666667,-177.06666666666666
1080,14.933333333333334,-428.8,-177.06666666666666
1081,12.8,-426.6666666666667,-170.66666666666666
1082,23.466666666666665,-430.93333333333334,-170.66666666666666
1083,23.466666666666665,-441.59999999999997,-170.66666666666666
1084,34.13333333333333,-441.59999999999997,-166.4
1085,34.13333333333333,-454.4,-164.26666666666665
1086,38.4,-456.5333333333333,-151.46666666666667
1087,29.866666666666667,-460.8,-153.6
1088,40.53333333333333,-465.06666666666666,-147.2
1089,25.6,-458.6666666666667,-145.06666666666666
1090,34.13333333333333,-456.5333333333333,-142.93333333333334
1091,44.8,-445.8666666666667,-138.66666666666666
1092,44.8,-437.3333333333333,-138.66666666666666
1093,55.46666666666667,-430.93333333333334,-138.66666666666666
1094,55.46666666666667,-418.1333333333333,-136.53333333333333
1095,55.46666666666667,-416.0,-140.8
1096,59.733333333333334,-405.3333333333333,-138.66666666666666
1097,78.93333333333334,-398.93333333333334,-132.26666666666665
1098,89.6,-413.8666666666667,-123.73333333333333
1099,81.06666666666666,-413.8666666666667,-113.06666666666666
1100,89.6,-416.0,-113.06666666666666
1101,76.8,-418.1333333333333,-106.66666666666667
1102,68.26666666666667,-420.26666666666665,-102.4
1103,51.2,-435.2,-102.4
1104,44.8,-426.6666666666667,-106.66666666666667
1105,29.866666666666667,-435.2,-106.66666666666667
1106,19.2,-443.73333333333335,-110.93333333333334
1107,10.666666666666666,-454.4,-96.0
1108,4.266666666666667,-460.8,-104.53333333333333
1109,0.0,-458.6666666666667,-100.26666666666667
1110,-14.933333333333334,-458.6666666666667,-98.13333333333333
1111,-21.333333333333332,-458.6666666666667,-96.0
1112,-14.933333333333334,-460.8,-96.0
1113,-23.466666666666665,-448.0,-91.73333333333333
1114,-6.4,-435.2,-102.4
1115,-14.933333333333334,-454.4,-87.46666666666667
1116,-8.533333333333333,-462.93333333333334,-76.8
1117,-6.4,-473.59999999999997,-66.13333333333333
1118,-10.666666666666666,-480.0,-61.86666666666667
1119,4.266666666666667,-490.6666666666667,-49.06666666666666
1120,-2.1333333333333333,-501.3333333333333,-49.06666666666666
1121,-2.1333333333333333,-509.8666666666667,-46.93333333333333
1122,2.1333333333333333,-524.8,-38.4
1123,0.0,-509.8666666666667,-23.466666666666665
1124,8.533333333333333,-518.4,-21.333333333333332
1125,-4.266666666666667,-514.1333333333333,-2.1333333333333333
1126,8.533333333333333,-518.4,0.0
1127,2.1333333333333333,-514.1333333333333,19.2
1128,4.266666666666667,-520.5333333333333,25.6
1129,4.266666666666667,-520.5333333333333,51.2
1130,-12.8,-516.2666666666667,61.86666666666667
1131,-36.266666666666666,-505.59999999999997,68.26666666666667
1132,-57.6,-488.5333333333333,85.33333333333333
1133,-64.0,-477.8666666666667,102.4
1134,-55.46666666666667,-465.06666666666666,96.0
1135,-70.4,-430.93333333333334,100.26666666666667
1136,-76.8,-407.46666666666664,87.46666666666667
1137,-83.2,-379.73333333333335,76.8
1138,-68.26666666666667,-371.2,61.86666666666667
1139,-57.6,-375.46666666666664,55.46666666666667
1140,-27.733333333333334,-379.73333333333335,42.666666666666664
1141,2.1333333333333333,-396.8,32.0
1142,21.333333333333332,-396.8,36.266666666666666
1143,53.333333333333336,-424.5333333333333,44.8
1144,68.26666666666667,-445.8666666666667,23.466666666666665
1145,113.06666666666666,-482.1333333333333,32.0
1146,125.86666666666666,-509.8666666666667,34.13333333333333
1147,132.26666666666665,-537.6,19.2
1148,145.06666666666666,-563.2,8.533333333333333
1149,160.0,-576.0,-4.266666666666667
1150,149.33333333333334,-588.8,-14.933333333333334
1151,136.53333333333333,-603.7333333333333,-32.0
1152,121.6,-612.2666666666667,-64.0
1153,104.53333333333333,-620.8,-91.73333333333333
1154,76.8,-620.8,-117.33333333333333
1155,40.53333333333333,-625.0666666666666,-145.06666666666666
1156,4.266666666666667,-620.8,-164.26666666666665
1157,-27.733333333333334,-620.8,-192.0
1158,-46.93333333333333,-629.3333333333334,-187.73333333333332
1159,-72.53333333333333,-616.5333333333333,-196.26666666666665
1160,-87.46666666666667,-618.6666666666666,-200.53333333333333
1161,-74.66666666666667,-616.5333333333333,-202.66666666666666
1162,-70.4,-618.6666666666666,-221.86666666666667
1163,-61.86666666666667,-620.8,-224.0
1164,-44.8,-622.9333333333333,-234.66666666666666
1165,-14.933333333333334,-635.7333333333333,-236.79999999999998
1166,0.0,-637.8666666666667,-243.2
1167,4.266666666666667,-663.4666666666667,-243.2
1168,-2.1333333333333333,-680.5333333333333,-243.2
1169,-14.933333333333334,-693.3333333333334,-247.46666666666667
1170,-21.333333333333332,-697.6,-262.4
1171,-29.866666666666667,-691.2,-264.5333333333333
1172,-40.53333333333333,-678.4,-281.6
1173,-29.866666666666667,-654.9333333333333,-307.2
1174,-25.6,-627.2,-322.1333333333333
1175,-21.333333333333332,-614.4,-347.73333333333335
1176,-2.1333333333333333,-603.7333333333333,-371.2
1177,-12.8,-593.0666666666666,-381.8666666666667
1178,-4.266666666666667,-588.8,-381.8666666666667
1179,0.0,-599.4666666666667,-394.6666666666667
1180,2.1333333333333333,-590.9333333333333,-388.26666666666665
1181,-4.266666666666667,-597.3333333333334,-371.2
1182,2.1333333333333333,-601.6,-366.93333333333334
1183,-8.533333333333333,-586.6666666666666,-352.0
1184,-12.8,-601.6,-345.6
1185,-34.13333333333333,-593.0666666666666,-330.6666666666667
1186,-49.06666666666666,-608.0,-320.0
1187,-57.6,-605.8666666666667,-307.2
1188,-70.4,-610.1333333333333,-294.4
1189,-85.33333333333333,-590.9333333333333,-275.2
1190,-85.33333333333333,-576.0,-273.06666666666666
1191,-76.8,-554.6666666666666,-260.26666666666665
1192,-68.26666666666667,-552.5333333333333,-253.86666666666667
1193,-57.6,-537.6,-243.2
1194,-42.666666666666664,-529.0666666666666,-232.53333333333333
1195,-38.4,-509.8666666666667,-211.2
1196,-29.866666666666667,-503.46666666666664,-200.53333333333333
1197,-29.866666666666667,-488.5333333333333,-194.13333333333333
1198,-38.4,-473.59999999999997,-192.0
1199,-34.13333333333333,-467.2,-179.2
1200,-46.93333333333333,-456.5333333333333,-168.53333333333333
1201,-61.86666666666667,-460.8,-149.33333333333334
1202,-57.6,-469.3333333333333,-138.66666666666666
1203,-72.53333333333333,-480.0,-125.86666666666666
1204,-85.33333333333333,-490.6666666666667,-108.8
1205,-89.6,-494.93333333333334,-93.86666666666666
1206,-98.13333333333333,-507.73333333333335,-85.33333333333333
1207,-104.53333333333333,-499.2,-87.46666666666667
1208,-106.66666666666667,-501.3333333333333,-87.46666666666667
1209,-102.4,-501.3333333333333,-85.33333333333333
1210,-93.86666666666666,-488.5333333333333,-78.93333333333334
1211,-81.06666666666666,-471.46666666666664,-72.53333333333333
1212,-68.26666666666667,-477.8666666666667,-61.86666666666667
1213,-51.2,-465.06666666666666,-59.733333333333334
1214,-40.53333333333333,-462.93333333333334,-53.333333333333336
1215,-19.2,-454.4,-53.333333333333336
1216,-23.466666666666665,-430.93333333333334,-46.93333333333333
1217,-8.533333333333333,-428.8,-42.666666666666664
1218,6.4,-424.5333333333333,-44.8
1219,6.4,-426.6666666666667,-55.46666666666667
1220,12.8,-430.93333333333334,-46.93333333333333
1221,-8.533333333333333,-422.4,-57.6
1222,12.8,-439.46666666666664,-51.2
1223,6.4,-448.0,-59.733333333333334
1224,17.066666666666666,-460.8,-66.13333333333333
1225,12.8,-477.8666666666667,-59.733333333333334
1226,8.533333333333333,-482.1333333333333,-64.0
1227,0.0,-490.6666666666667,-74.66666666666667
1228,0.0,-497.06666666666666,-81.06666666666666
1229,-17.066666666666666,-514.1333333333333,-68.26666666666667
1230,-36.266666666666666,-522.6666666666666,-76.8
1231,-34.13333333333333,-522.6666666666666,-72.53333333333333
1232,-53.333333333333336,-509.8666666666667,-76.8
1233,-61.86666666666667,-499.2,-81.06666666666666
1234,-81.06666666666666,-497.06666666666666,-74.66666666666667
1235,-96.0,-488.5333333333333,-70.4
1236,-110.93333333333334,-486.4,-74.66666666666667
1237,-119.46666666666667,-484.26666666666665,-81.06666666666666
1238,-108.8,-475.73333333333335,-83.2
1239,-108.8,-473.59999999999997,-91.73333333333333
1240,-110.93333333333334,-462.93333333333334,-96.0
1241,-102.4,-462.93333333333334,-100.26666666666667
1242,-108.8,-435.2,-106.66666666666667
1243,-96.0,-424.5333333333333,-119.46666666666667
1244,-91.73333333333333,-418.1333333333333,-108.8
1245,-70.4,-411.73333333333335,-113.06666666666666
1246,-57.6,-405.3333333333333,-119.46666666666667
1247,-49.06666666666666,-413.8666666666667,-100.26666666666667
1248,-49.06666666666666,-418.1333333333333,-104.53333333333333
1249,-51.2,-428.8,-96.0
1250,-53.333333333333336,-426.6666666666667,-93.86666666666666
1251,-42.666666666666664,-445.8666666666667,-85.33333333333333
1252,-46.93333333333333,-452.26666666666665,-85.33333333333333
1253,-42.666666666666664,-465.06666666666666,-76.8
1254,-42.666666666666664,-469.3333333333333,-78.93333333333334
1255,-51.2,-467.2,-74.66666666666667
1256,-40.53333333333333,-471.46666666666664,-78.93333333333334
1257,-38.4,-475.73333333333335,-66.13333333333333
1258,-36.266666666666666,-467.2,-57.6
1259,-19.2,-462.93333333333334,-49.06666666666666
1260,-12.8,-456.5333333333333,-36.266666666666666
1261,0.0,-458.6666666666667,-27.733333333333334
1262,0.0,-460.8,-23.466666666666665
1263,6.4,-458.6666666666667,-10.666666666666666
1264,8.533333333333333,-467.2,2.1333333333333333
1265,8.533333333333333,-465.06666666666666,0.0
1266,4.266666666666667,-465.06666666666666,2.1333333333333333
1267,4.266666666666667,-465.06666666666666,8.533333333333333
1268,6.4,-475.73333333333335,10.666666666666666
1269,6.4,-482.1333333333333,8.533333333333333
1270,2.1333333333333333,-484.26666666666665,10.666666666666666
1271,0.0,-505.59999999999997,-2.1333333333333333
1272,-2.1333333333333333,-514.1333333333333,4.266666666666667
1273,-17.066666666666666,-526.9333333333333,0.0
1274,-25.6,-526.9333333333333,-4.266666666666667
1275,-29.866666666666667,-546.1333333333333,0.0
1276,-38.4,-558.9333333333333,-4.266666666666667
1277,-66.13333333333333,-582.4,-6.4
1278,-96.0,-593.0666666666666,-23.466666666666665
1279,-113.06666666666666,-605.8666666666667,-19.2
1280,-162.13333333333333,-618.6666666666666,-21.333333333333332
1281,-206.93333333333334,-631.4666666666667,-36.266666666666666
1282,-253.86666666666667,-650.6666666666666,-32.0
1283,-294.4,-676.2666666666667,-55.46666666666667
1284,-324.26666666666665,-684.8,-51.2
1285,-354.1333333333333,-710.4,-61.86666666666667
1286,-352.0,-738.1333333333333,-59.733333333333334
1287,-343.46666666666664,-755.2,-74.66666666666667
1288,-307.2,-780.8,-83.2
1289,-294.4,-778.6666666666666,-100.26666666666667
1290,-268.8,-787.2,-115.2
1291,-219.73333333333332,-787.2,-138.66666666666666
1292,-174.93333333333334,-782.9333333333333,-157.86666666666667
1293,-136.53333333333333,-772.2666666666667,-168.53333333333333
1294,-123.73333333333333,-759.4666666666667,-206.93333333333334
1295,-115.2,-738.1333333333333,-228.26666666666665
1296,-108.8,-718.9333333333333,-260.26666666666665
1297,-102.4,-701.8666666666667,-268.8
1298,-89.6,-684.8,-266.6666666666667
1299,-68.26666666666667,-678.4,-268.8
1300,-55.46666666666667,-654.9333333333333,-262.4
1301,-25.6,-659.2,-266.6666666666667
1302,-2.1333333333333333,-663.4666666666667,-266.6666666666667
1303,8.533333333333333,-669.8666666666667,-266.6666666666667
1304,27.733333333333334,-667.7333333333333,-277.3333333333333
1305,46.93333333333333,-676.2666666666667,-283.73333333333335
1306,51.2,-661.3333333333334,-309.3333333333333
1307,57.6,-635.7333333333333,-332.8
1308,68.26666666666667,-610.1333333333333,-341.3333333333333
1309,55.46666666666667,-550.4,-352.0
1310,53.333333333333336,-492.8,-375.46666666666664
1311,57.6,-435.2,-377.6
1312,46.93333333333333,-369.06666666666666,-390.4
1313,53.333333333333336,-322.1333333333333,-386.1333333333333
1314,72.53333333333333,-279.46666666666664,-381.8666666666667
1315,78.93333333333334,-253.86666666666667,-377.6
1316,81.06666666666666,-232.53333333333333,-373.3333333333333
1317,87.46666666666667,-230.4,-371.2
1318,83.2,-241.06666666666666,-362.6666666666667
1319,68.26666666666667,-266.6666666666667,-352.0
1320,53.333333333333336,-300.8,-345.6
1321,34.13333333333333,-345.6,-317.8666666666667
1322,4.266666666666667,-403.2,-302.93333333333334
1323,0.0,-439.46666666666664,-288.0
1324,-10.666666666666666,-473.59999999999997,-277.3333333333333
1325,-25.6,-507.73333333333335,-266.6666666666667
1326,-38.4,-518.4,-266.6666666666667
1327,-27.733333333333334,-533.3333333333334,-260.26666666666665
1328,-14.933333333333334,-531.2,-253.86666666666667
1329,-6.4,-516.2666666666667,-253.86666666666667
1330,10.666666666666666,-505.59999999999997,-262.4
1331,32.0,-477.8666666666667,-253.86666666666667
1332,49.06666666666666,-465.06666666666666,-243.2
1333,64.0,-450.1333333333333,-241.06666666666666
1334,72.53333333333333,-433.06666666666666,-230.4
1335,81.06666666666666,-422.4,-211.2
1336,83.2,-422.4,-200.53333333333333
1337,93.86666666666666,-416.0,-192.0
1338,78.93333333333334,-409.6,-177.06666666666666
1339,70.4,-411.73333333333335,-164.26666666666665
1340,57.6,-411.73333333333335,-149.33333333333334
1341,44.8,-416.0,-149.33333333333334
1342,29.866666666666667,-416.0,-134.4
1343,25.6,-418.1333333333333,-138.66666666666666
1344,12.8,-426.6666666666667,-128.0
1345,10.666666666666666,-433.06666666666666,-119.46666666666667
1346,12.8,-439.46666666666664,-117.33333333333333
1347,4.266666666666667,-441.59999999999997,-119.46666666666667
1348,6.4,-456.5333333333333,-108.8
1349,4.266666666666667,-475.73333333333335,-108.8
1350,2.1333333333333333,-477.8666666666667,-110.93333333333334
1351,8.533333333333333,-480.0,-106.66666666666667
1352,14.933333333333334,-497.06666666666666,-104.53333333333333
1353,23.466666666666665,-494.93333333333334,-104.53333333333333
1354,32.0,-505.59999999999997,-110.93333333333334
1355,40.53333333333333,-501.3333333333333,-106.66666666666667
1356,36.266666666666666,-497.06666666666666,-106.66666666666667
1357,44.8,-499.2,-123.73333333333333
1358,42.666666666666664,-486.4,-134.4
1359,38.4,-482.1333333333333,-140.8
1360,23.466666666666665,-462.93333333333334,-145.06666666666666
1361,21.333333333333332,-452.26666666666665,-162.13333333333333
1362,8.533333333333333,-433.06666666666666,-177.06666666666666
1363,0.0,-413.8666666666667,-183.46666666666667
1364,-14.933333333333334,-394.6666666666667,-202.66666666666666
1365,-17.066666666666666,-379.73333333333335,-238.93333333333334
1366,-27.733333333333334,-360.5333333333333,-264.5333333333333
1367,-27.733333333333334,-330.6666666666667,-270.93333333333334
1368,-27.733333333333334,-296.5333333333333,-270.93333333333334
1369,-36.266666666666666,-260.26666666666665,-234.66666666666666
1370,-10.666666666666666,-234.66666666666666,-172.8
1371,2.1333333333333333,-206.93333333333334,-106.66666666666667
1372,21.333333333333332,-170.66666666666666,-42.666666666666664
1373,55.46666666666667,-132.26666666666665,-12.8
1374,74.66666666666667,-78.93333333333334,14.933333333333334
1375,83.2,-38.4,0.0
1376,85.33333333333333,0.0,0.0
1377,98.13333333333333,44.8,-23.466666666666665
1378,96.0,91.73333333333333,-17.066666666666666
1379,87.46666666666667,121.6,-6.4
1380,83.2,123.73333333333333,0.0
1381,72.53333333333333,121.6,10.666666666666666
1382,61.86666666666667,113.06666666666666,17.066666666666666
1383,51.2,96.0,19.2
1384,38.4,85.33333333333333,2.1333333333333333
1385,36.266666666666666,64.0,-23.466666666666665
1386,25.6,49.06666666666666,-74.66666666666667
1387,2.1333333333333333,19.2,-123.73333333333333
1388,-25.6,-25.6,-140.8
1389,-40.53333333333333,-91.73333333333333,-157.86666666666667
1390,-59.733333333333334,-136.53333333333333,-172.8
1391,-59.733333333333334,-155.73333333333332,-192.0
1392,-55.46666666666667,-187.73333333333332,-204.8
1393,-38.4,-189.86666666666667,-211.2
1394,2.1333333333333333,-174.93333333333334,-204.8
1395,34.13333333333333,-145.06666666666666,-189.86666666666667
1396,51.2,-108.8,-185.6
1397,76.8,-44.8,-162.13333333333333
1398,87.46666666666667,21.333333333333332,-142.93333333333334
1399,85.33333333333333,74.66666666666667,-108.8
1400,83.2,104.53333333333333,-87.46666666666667
1401,87.46666666666667,102.4,-40.53333333333333
1402,83.2,89.6,-4.266666666666667
1403,68.26666666666667,68.26666666666667,21.333333333333332
1404,59.733333333333334,34.13333333333333,64.0
1405,36.266666666666666,8.533333333333333,89.6
1406,8.533333333333333,4.266666666666667,136.53333333333333
1407,2.1333333333333333,14.933333333333334,117.33333333333333
1408,-8.533333333333333,74.66666666666667,59.733333333333334
1409,-10.666666666666666,136.53333333333333,-25.6
1410,-10.666666666666666,217.6,-128.0
1411,25.6,298.6666666666667,-279.46666666666664
1412,89.6,362.6666666666667,-460.8
1413,140.8,390.4,-618.6666666666666
1414,213.33333333333334,311.46666666666664,-697.6
1415,251.73333333333332,166.4,-733.8666666666667
1416,260.26666666666665,-115.2,-674.1333333333333
1417,164.26666666666665,-482.1333333333333,-473.59999999999997
1418,29.866666666666667,-932.2666666666667,-172.8
1419,-115.2,-1395.2,106.66666666666667
1420,-232.53333333333333,-1708.8,292.26666666666665
1421,-418.1333333333333,-1981.8666666666666,458.6666666666667
1422,-509.8666666666667,-2003.2,484.26666666666665
1423,-509.8666666666667,-1668.2666666666667,390.4
1424,-377.6,-1143.4666666666667,298.6666666666667
1425,-326.4,-748.8,281.6
1426,-245.33333333333334,-258.1333333333333,296.5333333333333
1427,-93.86666666666666,174.93333333333334,375.46666666666664
1428,78.93333333333334,522.6666666666666,452.26666666666665
1429,189.86666666666667,669.8666666666667,490.6666666666667
1430,302.93333333333334,640.0,475.73333333333335
1431,337.06666666666666,401.06666666666666,409.6
1432,356.26666666666665,21.333333333333332,341.3333333333333
1433,337.06666666666666,-369.06666666666666,253.86666666666667
1434,262.4,-597.3333333333334,211.2
1435,117.33333333333333,-851.1999999999999,151.46666666666667
1436,-19.2,-1049.6,151.46666666666667
1437,-147.2,-1158.4,140.8
1438,-226.13333333333333,-1181.8666666666666,162.13333333333333
1439,-273.06666666666666,-1141.3333333333333,189.86666666666667
1440,-324.26666666666665,-1021.8666666666667,236.79999999999998
1441,-334.93333333333334,-861.8666666666667,268.8
1442,-298.6666666666667,-706.1333333333333,300.8
1443,-221.86666666666667,-588.8,334.93333333333334
1444,-147.2,-546.1333333333333,352.0
1445,-55.46666666666667,-533.3333333333334,381.8666666666667
1446,44.8,-558.9333333333333,362.6666666666667
1447,104.53333333333333,-612.2666666666667,330.6666666666667
1448,147.2,-693.3333333333334,309.3333333333333
1449,162.13333333333333,-780.8,302.93333333333334
1450,142.93333333333334,-866.1333333333333,320.0
1451,53.333333333333336,-960.0,379.73333333333335
1452,59.733333333333334,-1053.8666666666666,420.26666666666665
1453,100.26666666666667,-1179.7333333333333,516.2666666666667
1454,68.26666666666667,-1254.4,612.2666666666667
1455,74.66666666666667,-1344.0,706.1333333333333
1456,6.4,-1403.7333333333333,787.2
1457,-42.666666666666664,-1467.7333333333333,870.4
1458,-149.33333333333334,-1514.6666666666667,947.1999999999999
1459,-273.06666666666666,-1625.6,1075.2
1460,-283.73333333333335,-1766.3999999999999,1068.8
1461,-379.73333333333335,-1966.9333333333334,1077.3333333333333
1462,-522.6666666666666,-2097.0666666666666,932.2666666666667
1463,-503.46666666666664,-2101.3333333333335,793.6
1464,-469.3333333333333,-1892.2666666666667,727.4666666666667
1465,-277.3333333333333,-1768.5333333333333,701.8666666666667
1466,-155.73333333333332,-1683.2,633.6
1467,-185.6,-1595.7333333333333,535.4666666666667
1468,-189.86666666666667,-1521.0666666666666,473.59999999999997
1469,-326.4,-1420.8,398.93333333333334
1470,-341.3333333333333,-1252.2666666666667,275.2
1471,-407.46666666666664,-1128.5333333333333,134.4
1472,-403.2,-921.6,19.2
1473,-433.06666666666666,-716.8,49.06666666666666
1474,-275.2,-473.59999999999997,138.66666666666666
1475,-136.53333333333333,-281.6,300.8
1476,-149.33333333333334,-202.66666666666666,398.93333333333334
1477,-136.53333333333333,-166.4,358.4
1478,-123.73333333333333,-147.2,285.8666666666667
1479,-70.4,-153.6,292.26666666666665
1480,-76.8,-153.6,313.6
1481,-89.6,-145.06666666666666,315.73333333333335
1482,-70.4,-174.93333333333334,292.26666666666665
1483,-49.06666666666666,-194.13333333333333,275.2
1484,-27.733333333333334,-196.26666666666665,226.13333333333333
1485,-17.066666666666666,-198.4,204.8
1486,-12.8,-162.13333333333333,230.4
1487,0.0,-140.8,273.06666666666666
1488,2.1333333333333333,-136.53333333333333,311.46666666666664
1489,2.1333333333333333,-119.46666666666667,309.3333333333333
1490,2.1333333333333333,-98.13333333333333,360.5333333333333
1491,-23.466666666666665,-51.2,448.0
1492,-53.333333333333336,-21.333333333333332,520.5333333333333
1493,-104.53333333333333,-14.933333333333334,612.2666666666667
1494,-102.4,-12.8,678.4
1495,-49.06666666666666,-12.8,721.0666666666666
1496,32.0,-19.2,770.1333333333333
1497,49.06666666666666,-32.0,808.5333333333333
1498,55.46666666666667,-27.733333333333334,814.9333333333333
1499,89.6,-27.733333333333334,787.2
1500,172.8,-59.733333333333334,765.8666666666667
1501,132.26666666666665,-83.2,736.0
1502,121.6,-119.46666666666667,686.9333333333333
1503,-34.13333333333333,-162.13333333333333,642.1333333333333
1504,123.73333333333333,-226.13333333333333,567.4666666666667
1505,151.46666666666667,-241.06666666666666,544.0
1506,96.0,-247.46666666666667,507.73333333333335
1507,102.4,-224.0,465.06666666666666
1508,100.26666666666667,-164.26666666666665,426.6666666666667
1509,81.06666666666666,-93.86666666666666,411.73333333333335
1510,100.26666666666667,-8.533333333333333,424.5333333333333
1511,125.86666666666666,76.8,452.26666666666665
1512,138.66666666666666,145.06666666666666,460.8
1513,130.13333333333333,217.6,473.59999999999997
1514,100.26666666666667,270.93333333333334,469.3333333333333
1515,96.0,290.1333333333333,462.93333333333334
1516,93.86666666666666,281.6,467.2
1517,70.4,245.33333333333334,477.8666666666667
1518,32.0,179.2,484.26666666666665
1519,8.533333333333333,119.46666666666667,492.8
1520,-25.6,74.66666666666667,475.73333333333335
1521,-53.333333333333336,29.866666666666667,473.59999999999997
1522,-68.26666666666667,-6.4,469.3333333333333
1523,-100.26666666666667,-36.266666666666666,460.8
1524,-102.4,-53.333333333333336,480.0
1525,-81.06666666666666,-19.2,490.6666666666667
1526,-123.73333333333333,-2.1333333333333333,514.1333333333333
1527,-108.8,49.06666666666666,529.0666666666666
1528,-98.13333333333333,106.66666666666667,529.0666666666666
1529,-98.13333333333333,142.93333333333334,533.3333333333334
1530,-74.66666666666667,160.0,535.4666666666667
1531,-64.0,172.8,548.2666666666667
1532,-40.53333333333333,170.66666666666666,548.2666666666667
1533,-27.733333333333334,155.73333333333332,548.2666666666667
1534,-10.666666666666666,130.13333333333333,556.8
1535,2.1333333333333333,110.93333333333334,561.0666666666666
1536,19.2,91.73333333333333,558.9333333333333
1537,21.333333333333332,70.4,556.8
1538,19.2,44.8,563.2
1539,19.2,44.8,565.3333333333334
1540,12.8,40.53333333333333,565.3333333333334
1541,17.066666666666666,42.666666666666664,576.0
1542,10.666666666666666,44.8,576.0
1543,10.666666666666666,55.46666666666667,584.5333333333333
1544,8.533333333333333,70.4,588.8
1545,2.1333333333333333,76.8,580.2666666666667
1546,4.266666666666667,74.66666666666667,584.5333333333333
1547,0.0,70.4,582.4
1548,0.0,61.86666666666667,558.9333333333333
1549,0.0,42.666666666666664,554.6666666666666
1550,2.1333333333333333,36.266666666666666,544.0
1551,12.8,8.533333333333333,533.3333333333334
1552,6.4,-2.1333333333333333,512.0
1553,14.933333333333334,-14.933333333333334,518.4
1554,21.333333333333332,-25.6,507.73333333333335
1555,19.2,-25.6,501.3333333333333
1556,34.13333333333333,-44.8,509.8666666666667
1557,51.2,-55.46666666666667,520.5333333333333
1558,59.733333333333334,-74.66666666666667,518.4
1559,59.733333333333334,-83.2,522.6666666666666
1560,66.13333333333333,-87.46666666666667,531.2
1561,76.8,-98.13333333333333,529.0666666666666
1562,78.93333333333334,-110.93333333333334,531.2
1563,81.06666666666666,-115.2,544.0
1564,78.93333333333334,-108.8,533.3333333333334
1565,72.53333333333333,-106.66666666666667,539.7333333333333
1566,68.26666666666667,-85.33333333333333,539.7333333333333
1567,66.13333333333333,-70.4,546.1333333333333
1568,61.86666666666667,-64.0,535.4666666666667
1569,57.6,-53.333333333333336,514.1333333333333
1570,49.06666666666666,-55.46666666666667,526.9333333333333
1571,38.4,-51.2,520.5333333333333
1572,27.733333333333334,-51.2,512.0
1573,32.0,-57.6,509.8666666666667
1574,38.4,-74.66666666666667,505.59999999999997
1575,32.0,-81.06666666666666,520.5333333333333
1576,44.8,-104.53333333333333,529.0666666666666
1577,51.2,-119.46666666666667,524.8
1578,51.2,-128.0,529.0666666666666
1579,70.4,-140.8,529.0666666666666
1580,74.66666666666667,-136.53333333333333,524.8
1581,81.06666666666666,-130.13333333333333,514.1333333333333
1582,83.2,-121.6,512.0
1583,87.46666666666667,-106.66666666666667,516.2666666666667
1584,96.0,-108.8,512.0
1585,91.73333333333333,-100.26666666666667,520.5333333333333
1586,87.46666666666667,-78.93333333333334,514.1333333333333
1587,57.6,-72.53333333333333,518.4
1588,46.93333333333333,-70.4,512.0
1589,29.866666666666667,-59.733333333333334,526.9333333333333
1590,14.933333333333334,-64.0,512.0
1591,14.933333333333334,-72.53333333333333,505.59999999999997
1592,14.933333333333334,-83.2,509.8666666666667
1593,8.533333333333333,-85.33333333333333,509.8666666666667
1594,14.933333333333334,-91.73333333333333,512.0
1595,25.6,-115.2,524.8
1596,38.4,-138.66666666666666,520.5333333333333
1597,44.8,-149.33333333333334,526.9333333333333
1598,51.2,-147.2,529.0666666666666
1599,49.06666666666666,-145.06666666666666,529.0666666666666
1600,53.333333333333336,-147.2,539.7333333333333
1601,51.2,-134.4,531.2
1602,38.4,-128.0,524.8
1603,38.4,-115.2,514.1333333333333
1604,34.13333333333333,-108.8,529.0666666666666
1605,42.666666666666664,-147.2,541.8666666666667
1606,49.06666666666666,-204.8,573.8666666666667
1607,57.6,-277.3333333333333,608.0
1608,57.6,-317.8666666666667,573.8666666666667
1609,21.333333333333332,-332.8,546.1333333333333
1610,-17.066666666666666,-292.26666666666665,460.8
1611,-29.866666666666667,-224.0,390.4
1612,-100.26666666666667,-128.0,296.5333333333333
1613,-183.46666666666667,-49.06666666666666,264.5333333333333
1614,-264.5333333333333,8.533333333333333,285.8666666666667
1615,-234.66666666666666,-6.4,356.26666666666665
1616,-138.66666666666666,-38.4,420.26666666666665
1617,-19.2,-81.06666666666666,494.93333333333334
1618,55.46666666666667,-113.06666666666666,539.7333333333333
1619,138.66666666666666,-140.8,605.8666666666667
1620,192.0,-155.73333333333332,640.0
1621,211.2,-192.0,646.4
1622,211.2,-241.06666666666666,648.5333333333333
1623,204.8,-285.8666666666667,644.2666666666667
1624,198.4,-339.2,646.4
1625,170.66666666666666,-360.5333333333333,633.6
1626,115.2,-358.4,605.8666666666667
1627,57.6,-349.8666666666667,588.8
1628,12.8,-341.3333333333333,586.6666666666666
1629,-51.2,-315.73333333333335,550.4
1630,-110.93333333333334,-264.5333333333333,526.9333333333333
1631,-142.93333333333334,-164.26666666666665,490.6666666666667
1632,-138.66666666666666,-74.66666666666667,424.5333333333333
1633,-117.33333333333333,-29.866666666666667,375.46666666666664
1634,-72.53333333333333,-14.933333333333334,324.26666666666665
1635,40.53333333333333,-38.4,279.46666666666664
1636,177.06666666666666,-72.53333333333333,262.4
1637,251.73333333333332,-119.46666666666667,281.6
1638,238.93333333333334,-177.06666666666666,364.8
1639,151.46666666666667,-273.06666666666666,497.06666666666666
1640,44.8,-375.46666666666664,586.6666666666666
1641,-36.266666666666666,-430.93333333333334,620.8
1642,-78.93333333333334,-456.5333333333333,625.0666666666666
1643,-96.0,-448.0,590.9333333333333
1644,-100.26666666666667,-403.2,546.1333333333333
1645,-83.2,-347.73333333333335,518.4
1646,-51.2,-279.46666666666664,509.8666666666667
1647,-40.53333333333333,-232.53333333333333,514.1333333333333
1648,-44.8,-164.26666666666665,522.6666666666666
1649,-49.06666666666666,-110.93333333333334,548.2666666666667
1650,-38.4,-72.53333333333333,552.5333333333333
1651,-34.13333333333333,-49.06666666666666,576.0
1652,-12.8,-40.53333333333333,571.7333333333333
1653,-2.1333333333333333,-44.8,578.1333333333333
1654,8.533333333333333,-44.8,569.6
1655,14.933333333333334,-64.0,554.6666666666666
1656,12.8,-70.4,533.3333333333334
1657,14.933333333333334,-98.13333333333333,537.6
1658,0.0,-125.86666666666666,514.1333333333333
1659,-19.2,-142.93333333333334,488.5333333333333
1660,-51.2,-142.93333333333334,473.59999999999997
1661,-76.8,-147.2,454.4
1662,-89.6,-149.33333333333334,450.1333333333333
1663,-108.8,-147.2,437.3333333333333
1664,-119.46666666666667,-132.26666666666665,424.5333333333333
1665,-113.06666666666666,-130.13333333333333,422.4
1666,-108.8,-117.33333333333333,413.8666666666667
1667,-91.73333333333333,-91.73333333333333,424.5333333333333
1668,-70.4,-83.2,433.06666666666666
1669,-53.333333333333336,-72.53333333333333,458.6666666666667
1670,-36.266666666666666,-66.13333333333333,473.59999999999997
1671,-25.6,-68.26666666666667,488.5333333333333
1672,0.0,-76.8,499.2
1673,-27.733333333333334,-100.26666666666667,522.6666666666666
1674,10.666666666666666,-85.33333333333333,524.8
1675,46.93333333333333,-85.33333333333333,539.7333333333333
1676,36.266666666666666,-81.06666666666666,544.0
1677,14.933333333333334,-87.46666666666667,548.2666666666667
1678,4.266666666666667,-85.33333333333333,561.0666666666666
1679,4.266666666666667,-85.33333333333333,567.4666666666667
1680,6.4,-83.2,563.2
1681,10.666666666666666,-78.93333333333334,569.6
1682,-10.666666666666666,-74.66666666666667,561.0666666666666
1683,14.933333333333334,-85.33333333333333,550.4
1684,23.466666666666665,-89.6,539.7333333333333
1685,23.466666666666665,-96.0,544.0
1686,34.13333333333333,-100.26666666666667,535.4666666666667
1687,46.93333333333333,-113.06666666666666,533.3333333333334
1688,59.733333333333334,-128.0,522.6666666666666
1689,49.06666666666666,-134.4,526.9333333333333
1690,38.4,-145.06666666666666,524.8
1691,27.733333333333334,-153.6,524.8
1692,14.933333333333334,-157.86666666666667,535.4666666666667
1693,10.666666666666666,-164.26666666666665,524.8
1694,0.0,-168.53333333333333,535.4666666666667
1695,-8.533333333333333,-177.06666666666666,537.6
1696,-4.266666666666667,-187.73333333333332,544.0
1697,-4.266666666666667,-189.86666666666667,546.1333333333333
1698,0.0,-192.0,548.2666666666667
1699,-2.1333333333333333,-181.33333333333334,552.5333333333333
1700,0.0,-172.8,533.3333333333334
1701,4.266666666666667,-170.66666666666666,533.3333333333334
1702,14.933333333333334,-160.0,518.4
1703,29.866666666666667,-142.93333333333334,524.8
1704,42.666666666666664,-138.66666666666666,505.59999999999997
1705,44.8,-121.6,516.2666666666667
1706,44.8,-113.06666666666666,505.59999999999997
1707,4.266666666666667,-123.73333333333333,507.73333333333335
1708,36.266666666666666,-93.86666666666666,499.2
1709,83.2,-93.86666666666666,505.59999999999997
1710,108.8,-110.93333333333334,512.0
1711,102.4,-106.66666666666667,505.59999999999997
1712,81.06666666666666,-113.06666666666666,507.73333333333335
1713,74.66666666666667,-115.2,490.6666666666667
1714,68.26666666666667,-125.86666666666666,482.1333333333333
1715,64.0,-130.13333333333333,490.6666666666667
1716,55.46666666666667,-138.66666666666666,488.5333333333333
1717,49.06666666666666,-138.66666666666666,484.26666666666665
1718,53.333333333333336,-142.93333333333334,480.0
1719,53.333333333333336,-147.2,484.26666666666665
1720,51.2,-142.93333333333334,482.1333333333333
1721,44.8,-138.66666666666666,482.1333333333333
1722,46.93333333333333,-142.93333333333334,484.26666666666665
1723,38.4,-147.2,497.06666666666666
1724,40.53333333333333,-149.33333333333334,505.59999999999997
1725,32.0,-145.06666666666666,503.46666666666664
1726,34.13333333333333,-147.2,509.8666666666667
1727,27.733333333333334,-147.2,516.2666666666667
1728,19.2,-151.46666666666667,514.1333333333333
1729,23.466666666666665,-153.6,526.9333333333333
1730,21.333333333333332,-153.6,524.8
1731,17.066666666666666,-157.86666666666667,524.8
1732,12.8,-164.26666666666665,524.8
1733,14.933333333333334,-164.26666666666665,522.6666666666666
1734,21.333333333333332,-172.8,526.9333333333333
1735,14.933333333333334,-172.8,531.2
1736,8.533333333333333,-162.13333333333333,520.5333333333333
1737,6.4,-168.53333333333333,518.4
1738,6.4,-160.0,526.9333333333333
1739,2.1333333333333333,-164.26666666666665,529.0666666666666
1740,0.0,-168.53333333333333,518.4
1741,-2.1333333333333333,-155.73333333333332,522.6666666666666
1742,0.0,-164.26666666666665,520.5333333333333
1743,0.0,-162.13333333333333,529.0666666666666
1744,0.0,-160.0,520.5333333333333
1745,0.0,-147.2,516.2666666666667
1746,-4.266666666666667,-151.46666666666667,516.2666666666667
1747,-2.1333333333333333,-153.6,512.0
1748,0.0,-147.2,509.8666666666667
1749,0.0,-145.06666666666666,516.2666666666667
1750,2.1333333333333333,-145.06666666666666,514.1333333333333
1751,2.1333333333333333,-140.8,509.8666666666667
1752,0.0,-142.93333333333334,509.8666666666667
1753,8.533333333333333,-136.53333333333333,512.0
1754,6.4,-128.0,507.73333333333335
1755,8.533333333333333,-128.0,507.73333333333335
1756,10.666666666666666,-132.26666666666665,503.46666666666664
1757,12.8,-134.4,507.73333333333335
1758,19.2,-128.0,503.46666666666664
1759,8.533333333333333,-136.53333333333333,509.8666666666667
1760,32.0,-138.66666666666666,516.2666666666667
1761,12.8,-134.4,509.8666666666667
1762,19.2,-130.13333333333333,516.2666666666667
1763,23.466666666666665,-136.53333333333333,505.59999999999997
1764,25.6,-140.8,509.8666666666667
1765,12.8,-136.53333333333333,514.1333333333333
1766,21.333333333333332,-134.4,514.1333333333333
1767,21.333333333333332,-138.66666666666666,509.8666666666667
1768,21.333333333333332,-138.66666666666666,514.1333333333333
1769,23.466666666666665,-145.06666666666666,520.5333333333333
1770,19.2,-145.06666666666666,522.6666666666666
1771,25.6,-145.06666666666666,516.2666666666667
1772,27.733333333333334,-145.06666666666666,522.6666666666666
1773,29.866666666666667,-147.2,514.1333333333333
1774,29.866666666666667,-140.8,509.8666666666667
1775,23.466666666666665,-145.06666666666666,512.0
1776,29.866666666666667,-145.06666666666666,526.9333333333333
1777,21.333333333333332,-142.93333333333334,522.6666666666666
1778,34.13333333333333,-149.33333333333334,514.1333333333333
1779,29.866666666666667,-149.33333333333334,512.0
1780,23.466666666666665,-149.33333333333334,514.1333333333333
1781,19.2,-145.06666666666666,516.2666666666667
1782,25.6,-147.2,524.8
1783,25.6,-145.06666666666666,516.2666666666667
1784,21.333333333333332,-153.6,516.2666666666667
1785,19.2,-151.46666666666667,526.9333333333333
1786,14.933333333333334,-147.2,526.9333333333333
1787,19.2,-149.33333333333334,512.0
1788,21.333333333333332,-149.33333333333334,518.4
1789,10.666666666666666,-149.33333333333334,518.4
1790,19.2,-149.33333333333334,503.46666666666664
1791,14.933333333333334,-147.2,514.1333333333333
1792,21.333333333333332,-147.2,509.8666666666667
1793,19.2,-149.33333333333334,499.2
1794,23.466666666666665,-145.06666666666666,509.8666666666667
1795,17.066666666666666,-142.93333333333334,509.8666666666667
1796,12.8,-142.93333333333334,507.73333333333335
1797,19.2,-145.06666666666666,505.59999999999997
1798,23.466666666666665,-149.33333333333334,505.59999999999997
1799,23.466666666666665,-142.93333333333334,507.73333333333335
1800,19.2,-145.06666666666666,507.73333333333335
1801,25.6,-145.06666666666666,512.0
1802,25.6,-138.66666666666666,512.0
1803,21.333333333333332,-145.06666666666666,505.59999999999997
1804,29.866666666666667,-149.33333333333334,512.0
1805,34.13333333333333,-145.06666666666666,507.73333333333335
1806,25.6,-140.8,503.46666666666664
1807,23.466666666666665,-145.06666666666666,509.8666666666667
1808,25.6,-149.33333333333334,503.46666666666664
1809,29.866666666666667,-145.06666666666666,509.8666666666667
1810,29.866666666666667,-145.06666666666666,516.2666666666667
1811,29.866666666666667,-147.2,512.0
1812,23.466666666666665,-142.93333333333334,516.2666666666667
1813,27.733333333333334,-145.06666666666666,514.1333333333333
1814,25.6,-142.93333333333334,514.1333333333333
1815,27.733333333333334,-142.93333333333334,514.1333333333333
1816,19.2,-142.93333333333334,507.73333333333335
1817,21.333333333333332,-142.93333333333334,520.5333333333333
1818,25.6,-147.2,518.4
1819,21.333333333333332,-151.46666666666667,509.8666666666667
1820,25.6,-147.2,520.5333333333333
1821,23.466666666666665,-145.06666666666666,518.4
1822,27.733333333333334,-147.2,512.0
1823,21.333333333333332,-145.06666666666666,522.6666666666666
1824,23.466666666666665,-149.33333333333334,509.8666666666667
1825,14.933333333333334,-140.8,520.5333333333333
1826,17.066666666666666,-145.06666666666666,505.59999999999997
1827,19.2,-147.2,507.73333333333335
1828,21.333333333333332,-147.2,514.1333333333333
1829,23.466666666666665,-149.33333333333334,520.5333333333333
1830,21.333333333333332,-168.53333333333333,514.1333333333333
1831,21.333333333333332,-147.2,522.6666666666666
1832,14.933333333333334,-147.2,518.4
1833,14.933333333333334,-145.06666666666666,518.4
1834,12.8,-149.33333333333334,512.0
1835,-2.1333333333333333,-147.2,516.2666666666667
1836,8.533333333333333,-145.06666666666666,516.2666666666667
1837,32.0,-149.33333333333334,509.8666666666667
1838,19.2,-142.93333333333334,518.4
1839,19.2,-147.2,507.73333333333335
1840,21.333333333333332,-140.8,516.2666666666667
1841,23.466666666666665,-145.06666666666666,518.4
1842,23.466666666666665,-149.33333333333334,518.4
1843,21.333333333333332,-151.46666666666667,512.0
1844,27.733333333333334,-142.93333333333334,509.8666666666667
1845,19.2,-147.2,507.73333333333335
1846,25.6,-145.06666666666666,518.4
1847,21.333333333333332,-145.06666666666666,512.0
1848,19.2,-142.93333333333334,509.8666666666667
1849,14.933333333333334,-142.93333333333334,507.73333333333335
1850,23.466666666666665,-147.2,516.2666666666667
1851,25.6,-151.46666666666667,507.73333333333335
1852,25.6,-147.2,505.59999999999997
1853,14.933333333333334,-145.06666666666666,505.59999999999997
1854,21.333333333333332,-147.2,509.8666666666667
1855,14.933333333333334,-145.06666666666666,512.0
1856,23.466666666666665,-145.06666666666666,509.8666666666667
1857,14.933333333333334,-142.93333333333334,514.1333333333333
1858,25.6,-145.06666666666666,514.1333333333333
1859,23.466666666666665,-145.06666666666666,524.8
1860,21.333333333333332,-142.93333333333334,507.73333333333335
1861,21.333333333333332,-147.2,509.8666666666667
1862,19.2,-151.46666666666667,512.0
1863,23.466666666666665,-145.06666666666666,518.4
1864,21.333333333333332,-147.2,514.1333333333333
1865,19.2,-145.06666666666666,514.1333333333333
1866,12.8,-145.06666666666666,514.1333333333333
1867,23.466666666666665,-145.06666666666666,505.59999999999997
1868,10.666666666666666,-142.93333333333334,514.1333333333333
1869,25.6,-145.06666666666666,507.73333333333335
1870,23.466666666666665,-147.2,514.1333333333333
1871,19.2,-145.06666666666666,520.5333333333333
1872,23.466666666666665,-142.93333333333334,512.0
1873,17.066666666666666,-145.06666666666666,516.2666666666667
1874,38.4,-153.6,524.8
1875,23.466666666666665,-147.2,514.1333333333333
1876,21.333333333333332,-142.93333333333334,512.0
1877,25.6,-142.93333333333334,518.4
1878,25.6,-142.93333333333334,514.1333333333333
1879,27.733333333333334,-140.8,518.4
1880,25.6,-145.06666666666666,518.4
1881,21.333333333333332,-142.93333333333334,509.8666666666667
1882,17.066666666666666,-145.06666666666666,503.46666666666664
1883,23.466666666666665,-145.06666666666666,503.46666666666664
1884,25.6,-149.33333333333334,512.0
1885,21.333333333333332,-149.33333333333334,514.1333333333333
1886,23.466666666666665,-157.86666666666667,514.1333333333333
1887,23.466666666666665,-151.46666666666667,518.4
1888,21.333333333333332,-151.46666666666667,518.4
1889,21.333333333333332,-147.2,514.1333333333333
1890,27.733333333333334,-151.46666666666667,520.5333333333333
1891,27.733333333333334,-149.33333333333334,507.73333333333335
1892,21.333333333333332,-145.06666666666666,503.46666666666664
1893,27.733333333333334,-145.06666666666666,497.06666666666666
1894,23.466666666666665,-136.53333333333333,507.73333333333335
1895,23.466666666666665,-140.8,501.3333333333333
1896,25.6,-142.93333333333334,509.8666666666667
1897,21.333333333333332,-142.93333333333334,503.46666666666664
1898,23.466666666666665,-147.2,503.46666666666664
1899,23.466666666666665,-147.2,507.73333333333335
1900,27.733333333333334,-151.46666666666667,512.0
1901,25.6,-142.93333333333334,520.5333333333333
1902,19.2,-145.06666666666666,518.4
1903,23.466666666666665,-145.06666666666666,516.2666666666667
1904,29.866666666666667,-149.33333333333334,518.4
1905,23.466666666666665,-147.2,516.2666666666667
1906,25.6,-147.2,512.0
1907,27.733333333333334,-142.93333333333334,514.1333333333333
1908,14.933333333333334,-142.93333333333334,518.4
1909,17.066666666666666,-145.06666666666666,514.1333333333333
1910,21.333333333333332,-145.06666666666666,505.59999999999997
1911,21.333333333333332,-147.2,509.8666666666667
1912,21.333333333333332,-145.06666666666666,514.1333333333333
1913,17.066666666666666,-142.93333333333334,505.59999999999997
1914,25.6,-145.06666666666666,518.4
1915,29.866666666666667,-145.06666666666666,507.73333333333335
1916,19.2,-149.33333333333334,507.73333333333335
1917,23.466666666666665,-134.4,494.93333333333334
1918,27.733333333333334,-147.2,514.1333333333333
1919,19.2,-145.06666666666666,514.1333333333333
1920,21.333333333333332,-151.46666666666667,512.0
1921,25.6,-147.2,516.2666666666667
1922,23.466666666666665,-145.06666666666666,503.46666666666664
1923,21.333333333333332,-138.66666666666666,509.8666666666667
1924,14.933333333333334,-140.8,516.2666666666667
1925,23.466666666666665,-147.2,522.6666666666666
1926,21.333333333333332,-145.06666666666666,516.2666666666667
1927,14.933333333333334,-142.93333333333334,518.4
1928,21.333333333333332,-147.2,499.2
1929,23.466666666666665,-145.06666666666666,512.0
1930,21.333333333333332,-142.93333333333334,509.8666666666667
1931,19.2,-142.93333333333334,512.0
1932,27.733333333333334,-151.46666666666667,520.5333333333333
1933,25.6,-147.2,516.2666666666667
1934,21.333333333333332,-145.06666666666666,509.8666666666667
1935,25.6,-145.06666666666666,512.0
1936,19.2,-147.2,518.4
1937,23.466666666666665,-149.33333333333334,514.1333333333333
1938,25.6,-151.46666666666667,512.0
1939,23.466666666666665,-142.93333333333334,512.0
1940,14.933333333333334,-149.33333333333334,514.1333333333333
1941,23.466666666666665,-145.06666666666666,514.1333333333333
1942,19.2,-151.46666666666667,509.8666666666667
1943,25.6,-145.06666666666666,507.73333333333335
1944,25.6,-145.06666666666666,516.2666666666667
1945,27.733333333333334,-142.93333333333334,514.1333333333333
1946,17.066666666666666,-145.06666666666666,516.2666666666667
1947,19.2,-145.06666666666666,518.4
1948,23.466666666666665,-142.93333333333334,512.0
1949,23.466666666666665,-147.2,509.8666666666667
1950,23.466666666666665,-153.6,518.4
1951,29.866666666666667,-142.93333333333334,516.2666666666667
1952,21.333333333333332,-142.93333333333334,520.5333333333333
1953,25.6,-142.93333333333334,516.2666666666667
1954,29.866666666666667,-142.93333333333334,520.5333333333333
1955,29.866666666666667,-147.2,526.9333333333333
1956,21.333333333333332,-147.2,522.6666666666666
1957,29.866666666666667,-142.93333333333334,520.5333333333333
1958,32.0,-147.2,520.5333333333333
1959,25.6,-145.06666666666666,516.2666666666667
1960,25.6,-149.33333333333334,516.2666666666667
1961,29.866666666666667,-145.06666666666666,484.26666666666665
1962,14.933333333333334,-138.66666666666666,516.2666666666667
1963,17.066666666666666,-140.8,509.8666666666667
1964,17.066666666666666,-145.06666666666666,505.59999999999997
1965,29.866666666666667,-149.33333333333334,505.59999999999997
1966,27.733333333333334,-151.46666666666667,503.46666666666664
1967,19.2,-149.33333333333334,497.06666666666666
1968,21.333333333333332,-149.33333333333334,492.8
1969,21.333333333333332,-160.0,494.93333333333334
1970,23.466666666666665,-149.33333333333334,497.06666666666666
1971,19.2,-147.2,488.5333333333333
1972,25.6,-145.06666666666666,503.46666666666664
1973,23.466666666666665,-149.33333333333334,501.3333333333333
1974,25.6,-149.33333333333334,509.8666666666667
1975,23.466666666666665,-147.2,514.1333333333333
1976,23.466666666666665,-147.2,503.46666666666664
1977,23.466666666666665,-147.2,501.3333333333333
1978,17.066666666666666,-147.2,522.6666666666666
1979,19.2,-151.46666666666667,514.1333333333333
1980,25.6,-149.33333333333334,507.73333333333335
1981,19.2,-147.2,516.2666666666667
1982,14.933333333333334,-147.2,514.1333333333333
1983,23.466666666666665,-153.6,514.1333333333333
1984,19.2,-147.2,516.2666666666667
1985,21.333333333333332,-145.06666666666666,509.8666666666667
1986,23.466666666666665,-147.2,509.8666666666667
1987,19.2,-147.2,505.59999999999997
1988,17.066666666666666,-149.33333333333334,512.0
1989,19.2,-149.33333333333334,503.46666666666664
1990,14.933333333333334,-142.93333333333334,507.73333333333335
1991,12.8,-147.2,509.8666666666667
1992,6.4,-149.33333333333334,507.73333333333335
1993,8.533333333333333,-149.33333333333334,512.0
1994,14.933333333333334,-155.73333333333332,503.46666666666664
1995,14.933333333333334,-151.46666666666667,503.46666666666664
1996,12.8,-149.33333333333334,507.73333333333335
1997,14.933333333333334,-142.93333333333334,512.0
1998,17.066666666666666,-145.06666666666666,509.8666666666667
1999,19.2,-145.06666666666666,516.2666666666667
2000,23.466666666666665,-140.8,507.73333333333335
2001,21.333333333333332,-140.8,514.1333333333333
2002,25.6,-145.06666666666666,507.73333333333335
2003,25.6,-145.06666666666666,514.1333333333333
2004,36.266666666666666,-155.73333333333332,533.3333333333334
2005,27.733333333333334,-145.06666666666666,507.73333333333335
2006,23.466666666666665,-145.06666666666666,512.0
2007,38.4,-147.2,514.1333333333333
2008,29.866666666666667,-145.06666666666666,516.2666666666667
2009,36.266666666666666,-147.2,512.0
2010,34.13333333333333,-142.93333333333334,512.0
2011,36.266666666666666,-140.8,512.0
2012,32.0,-142.93333333333334,503.46666666666664
2013,32.0,-142.93333333333334,516.2666666666667
2014,34.13333333333333,-138.66666666666666,507.73333333333335
2015,34.13333333333333,-138.66666666666666,512.0
2016,34.13333333333333,-138.66666666666666,505.59999999999997
2017,34.13333333333333,-145.06666666666666,512.0
2018,34.13333333333333,-145.06666666666666,509.8666666666667
2019,34.13333333333333,-142.93333333333334,514.1333333333333
2020,29.866666666666667,-147.2,516.2666666666667
2021,29.866666666666667,-142.93333333333334,518.4
2022,34.13333333333333,-147.2,516.2666666666667
2023,23.466666666666665,-145.06666666666666,522.6666666666666
2024,19.2,-145.06666666666666,522.6666666666666
2025,21.333333333333332,-149.33333333333334,520.5333333333333
2026,23.466666666666665,-147.2,516.2666666666667
2027,12.8,-142.93333333333334,522.6666666666666
2028,19.2,-147.2,516.2666666666667
2029,14.933333333333334,-149.33333333333334,507.73333333333335
2030,19.2,-147.2,512.0
2031,19.2,-145.06666666666666,514.1333333333333
2032,17.066666666666666,-147.2,518.4
2033,17.066666666666666,-145.06666666666666,509.8666666666667
2034,17.066666666666666,-145.06666666666666,509.8666666666667
2035,14.933333333333334,-149.33333333333334,499.2
2036,12.8,-142.93333333333334,503.46666666666664
2037,17.066666666666666,-145.06666666666666,505.59999999999997
2038,10.666666666666666,-142.93333333333334,512.0
2039,12.8,-138.66666666666666,509.8666666666667
2040,19.2,-145.06666666666666,516.2666666666667
2041,14.933333333333334,-140.8,514.1333333333333
2042,19.2,-140.8,520.5333333333333
2043,12.8,-145.06666666666666,524.8
2044,17.066666666666666,-138.66666666666666,518.4
2045,21.333333333333332,-138.66666666666666,512.0
2046,23.466666666666665,-136.53333333333333,520.5333333333333
2047,19.2,-134.4,518.4
2048,36.266666666666666,-125.86666666666666,492.8
2049,23.466666666666665,-145.06666666666666,512.0
2050,19.2,-149.33333333333334,509.8666666666667
2051,27.733333333333334,-147.2,507.73333333333335
2052,25.6,-157.86666666666667,520.5333333333333
2053,32.0,-155.73333333333332,520.5333333333333
2054,27.733333333333334,-157.86666666666667,516.2666666666667
2055,21.333333333333332,-160.0,520.5333333333333
2056,21.333333333333332,-157.86666666666667,518.4
2057,19.2,-153.6,518.4
2058,19.2,-160.0,509.8666666666667
2059,14.933333333333334,-151.46666666666667,501.3333333333333
2060,21.333333333333332,-147.2,501.3333333333333
2061,25.6,-145.06666666666666,497.06666666666666
2062,21.333333333333332,-142.93333333333334,499.2
2063,21.333333333333332,-147.2,494.93333333333334
2064,27.733333333333334,-145.06666666666666,497.06666666666666
2065,25.6,-145.06666666666666,503.46666666666664
2066,23.466666666666665,-140.8,503.46666666666664
2067,14.933333333333334,-153.6,514.1333333333333
2068,27.733333333333334,-151.46666666666667,501.3333333333333
2069,23.466666666666665,-153.6,507.73333333333335
2070,27.733333333333334,-145.06666666666666,507.73333333333335
2071,21.333333333333332,-140.8,514.1333333333333
2072,19.2,-142.93333333333334,518.4
2073,23.466666666666665,-142.93333333333334,512.0
2074,21.333333333333332,-136.53333333333333,520.5333333333333
2075,14.933333333333334,-130.13333333333333,516.2666666666667
2076,21.333333333333332,-140.8,516.2666666666667
2077,21.333333333333332,-145.06666666666666,531.2
2078,19.2,-140.8,520.5333333333333
2079,25.6,-145.06666666666666,514.1333333333333
2080,19.2,-147.2,514.1333333333333
2081,19.2,-140.8,516.2666666666667
2082,19.2,-140.8,514.1333333333333
2083,23.466666666666665,-140.8,518.4
2084,25.6,-142.93333333333334,520.5333333333333
2085,23.466666666666665,-136.53333333333333,522.6666666666666
2086,17.066666666666666,-125.86666666666666,524.8
2087,21.333333333333332,-134.4,516.2666666666667
2088,25.6,-142.93333333333334,518.4
2089,25.6,-142.93333333333334,514.1333333333333
2090,19.2,-138.66666666666666,522.6666666666666
2091,17.066666666666666,-134.4,539.7333333333333
2092,17.066666666666666,-134.4,514.1333333333333
2093,17.066666666666666,-140.8,518.4
2094,12.8,-136.53333333333333,522.6666666666666
2095,17.066666666666666,-138.66666666666666,522.6666666666666
2096,12.8,-140.8,520.5333333333333
2097,12.8,-142.93333333333334,516.2666666666667
2098,19.2,-142.93333333333334,520.5333333333333
2099,8.533333333333333,-145.06666666666666,520.5333333333333
2100,17.066666666666666,-145.06666666666666,516.2666666666667
2101,14.933333333333334,-136.53333333333333,512.0
2102,19.2,-145.06666666666666,512.0
2103,6.4,-142.93333333333334,507.73333333333335
2104,6.4,-145.06666666666666,512.0
2105,2.1333333333333333,-153.6,516.2666666666667
2106,2.1333333333333333,-153.6,518.4
2107,-2.1333333333333333,-153.6,512.0
2108,6.4,-157.86666666666667,507.73333333333335
2109,4.266666666666667,-151.46666666666667,512.0
2110,6.4,-153.6,507.73333333333335
2111,10.666666666666666,-149.33333333333334,509.8666666666667
2112,21.333333333333332,-149.33333333333334,507.73333333333335
2113,25.6,-145.06666666666666,520.5333333333333
2114,27.733333333333334,-136.53333333333333,512.0
2115,29.866666666666667,-140.8,514.1333333333333
2116,36.266666666666666,-142.93333333333334,516.2666666666667
2117,40.53333333333333,-136.53333333333333,512.0
2118,38.4,-149.33333333333334,501.3333333333333
2119,38.4,-145.06666666666666,507.73333333333335
2120,34.13333333333333,-145.06666666666666,507.73333333333335
2121,34.13333333333333,-149.33333333333334,507.73333333333335
2122,32.0,-145.06666666666666,501.3333333333333
2123,25.6,-151.46666666666667,505.59999999999997
2124,29.866666666666667,-149.33333333333334,503.46666666666664
2125,21.333333333333332,-155.73333333333332,509.8666666666667
2126,23.466666666666665,-151.46666666666667,507.73333333333335
2127,21.333333333333332,-153.6,499.2
2128,19.2,-151.46666666666667,505.59999999999997
2129,21.333333333333332,-153.6,507.73333333333335
2130,23.466666666666665,-155.73333333333332,501.3333333333333
2131,10.666666666666666,-149.33333333333334,503.46666666666664
2132,19.2,-149.33333333333334,503.46666666666664
2133,25.6,-153.6,505.59999999999997
2134,23.466666666666665,-145.06666666666666,507.73333333333335
2135,36.266666666666666,-145.06666666666666,507.73333333333335
2136,17.066666666666666,-140.8,507.73333333333335
2137,23.466666666666665,-145.06666666666666,518.4
2138,21.333333333333332,-145.06666666666666,520.5333333333333
2139,8.533333333333333,-136.53333333333333,520.5333333333333
2140,10.666666666666666,-136.53333333333333,516.2666666666667
2141,21.333333333333332,-138.66666666666666,522.6666666666666
2142,27.733333333333334,-142.93333333333334,507.73333333333335
2143,27.733333333333334,-138.66666666666666,524.8
2144,27.733333333333334,-136.53333333333333,516.2666666666667
2145,23.466666666666665,-138.66666666666666,516.2666666666667
2146,27.733333333333334,-138.66666666666666,518.4
2147,36.266666666666666,-138.66666666666666,514.1333333333333
2148,34.13333333333333,-138.66666666666666,514.1333333333333
2149,29.866666666666667,-140.8,514.1333333333333
2150,32.0,-142.93333333333334,509.8666666666667
2151,32.0,-140.8,507.73333333333335
2152,34.13333333333333,-140.8,518.4
2153,25.6,-142.93333333333334,518.4
2154,19.2,-147.2,514.1333333333333
2155,21.333333333333332,-145.06666666666666,509.8666666666667
2156,25.6,-147.2,512.0
2157,17.066666666666666,-151.46666666666667,507.73333333333335
2158,23.466666666666665,-147.2,512.0
2159,17.066666666666666,-147.2,505.59999999999997
2160,17.066666666666666,-145.06666666666666,505.59999999999997
2161,19.2,-147.2,507.73333333333335
2162,14.933333333333334,-145.06666666666666,505.59999999999997
2163,23.466666666666665,-149.33333333333334,509.8666666666667
2164,17.066666666666666,-151.46666666666667,509.8666666666667
2165,19.2,-142.93333333333334,505.59999999999997
2166,21.333333333333332,-151.46666666666667,512.0
2167,17.066666666666666,-149.33333333333334,509.8666666666667
2168,10.666666666666666,-147.2,512.0
2169,21.333333333333332,-149.33333333333334,514.1333333333333
2170,25.6,-149.33333333333334,518.4
2171,21.333333333333332,-151.46666666666667,507.73333333333335
2172,19.2,-142.93333333333334,507.73333333333335
2173,23.466666666666665,-145.06666666666666,505.59999999999997
2174,29.866666666666667,-138.66666666666666,507.73333333333335
2175,21.333333333333332,-147.2,516.2666666666667
2176,27.733333333333334,-147.2,509.8666666666667
2177,25.6,-147.2,512.0
2178,25.6,-145.06666666666666,514.1333333333333
2179,25.6,-145.06666666666666,516.2666666666667
2180,25.6,-142.93333333333334,507.73333333333335
2181,21.333333333333332,-147.2,503.46666666666664
2182,25.6,-140.8,507.73333333333335
2183,32.0,-149.33333333333334,505.59999999999997
2184,21.333333333333332,-151.46666666666667,509.8666666666667
2185,14.933333333333334,-151.46666666666667,505.59999999999997
2186,29.866666666666667,-142.93333333333334,516.2666666666667
2187,27.733333333333334,-149.33333333333334,516.2666666666667
2188,17.066666666666666,-145.06666666666666,518.4
2189,32.0,-149.33333333333334,516.2666666666667
2190,21.333333333333332,-145.06666666666666,518.4
2191,19.2,-140.8,514.1333333333333
2192,23.466666666666665,-145.06666666666666,512.0
2193,21.333333333333332,-140.8,509.8666666666667
2194,23.466666666666665,-140.8,512.0
2195,23.466666666666665,-147.2,507.73333333333335
2196,17.066666666666666,-138.66666666666666,520.5333333333333
2197,21.333333333333332,-140.8,501.3333333333333
2198,17.066666666666666,-145.06666666666666,507.73333333333335
2199,14.933333333333334,-149.33333333333334,516.2666666666667
2200,17.066666666666666,-151.46666666666667,516.2666666666667
2201,19.2,-151.46666666666667,518.4
2202,17.066666666666666,-151.46666666666667,518.4
2203,17.066666666666666,-149.33333333333334,518.4
2204,14.933333333333334,-145.06666666666666,516.2666666666667
2205,12.8,-151.46666666666667,522.6666666666666
2206,14.933333333333334,-149.33333333333334,516.2666666666667
2207,10.666666666666666,-142.93333333333334,509.8666666666667
2208,17.066666666666666,-140.8,512.0
2209,6.4,-145.06666666666666,509.8666666666667
2210,17.066666666666666,-142.93333333333334,514.1333333333333
2211,17.066666666666666,-142.93333333333334,503.46666666666664
2212,17.066666666666666,-142.93333333333334,512.0
2213,8.533333333333333,-142.93333333333334,512.0
2214,19.2,-145.06666666666666,518.4
2215,23.466666666666665,-145.06666666666666,518.4
2216,21.333333333333332,-145.06666666666666,520.5333333333333
2217,14.933333333333334,-142.93333333333334,518.4
2218,12.8,-140.8,524.8
2219,21.333333333333332,-138.66666666666666,518.4
2220,17.066666666666666,-147.2,516.2666666666667
2221,14.933333333333334,-136.53333333333333,514.1333333333333
2222,19.2,-142.93333333333334,512.0
2223,14.933333333333334,-145.06666666666666,516.2666666666667
2224,21.333333333333332,-147.2,512.0
2225,17.066666666666666,-142.93333333333334,512.0
2226,27.733333333333334,-147.2,512.0
2227,23.466666666666665,-142.93333333333334,505.59999999999997
2228,21.333333333333332,-145.06666666666666,518.4
2229,21.333333333333332,-149.33333333333334,512.0
2230,19.2,-147.2,514.1333333333333
2231,19.2,-142.93333333333334,509.8666666666667
2232,17.066666666666666,-142.93333333333334,514.1333333333333
2233,21.333333333333332,-142.93333333333334,516.2666666666667
2234,14.933333333333334,-142.93333333333334,518.4
2235,19.2,-147.2,509.8666666666667
2236,19.2,-142.93333333333334,520.5333333333333
2237,21.333333333333332,-142.93333333333334,516.2666666666667
2238,21.333333333333332,-142.93333333333334,516.2666666666667
2239,21.333333333333332,-138.66666666666666,514.1333333333333
2240,21.333333333333332,-142.93333333333334,518.4
2241,23.466666666666665,-147.2,505.59999999999997
2242,19.2,-149.33333333333334,512.0
2243,27.733333333333334,-147.2,507.73333333333335
2244,23.466666666666665,-149.33333333333334,512.0
2245,23.466666666666665,-145.06666666666666,512.0
2246,21.333333333333332,-149.33333333333334,516.2666666666667
2247,21.333333333333332,-142.93333333333334,509.8666666666667
2248,21.333333333333332,-142.93333333333334,507.73333333333335
2249,17.066666666666666,-138.66666666666666,514.1333333333333
2250,21.333333333333332,-145.06666666666666,505.59999999999997
2251,23.466666666666665,-142.93333333333334,507.73333333333335
2252,19.2,-145.06666666666666,514.1333333333333
2253,21.333333333333332,-145.06666666666666,512.0
2254,23.466666666666665,-147.2,509.8666666666667
2255,21.333333333333332,-140.8,548.2666666666667
2256,25.6,-142.93333333333334,514.1333333333333
2257,19.2,-140.8,516.2666666666667
2258,12.8,-149.33333333333334,505.59999999999997
2259,21.333333333333332,-145.06666666666666,499.2
2260,17.066666666666666,-145.06666666666666,524.8
2261,17.066666666666666,-145.06666666666666,509.8666666666667
2262,21.333333333333332,-145.06666666666666,524.8
2263,23.466666666666665,-145.06666666666666,512.0
2264,21.333333333333332,-145.06666666666666,512.0
2265,19.2,-147.2,512.0
2266,21.333333333333332,-142.93333333333334,518.4
2267,19.2,-145.06666666666666,516.2666666666667
2268,25.6,-147.2,512.0
2269,10.666666666666666,-145.06666666666666,516.2666666666667
2270,23.466666666666665,-142.93333333333334,516.2666666666667
2271,17.066666666666666,-140.8,514.1333333333333
2272,17.066666666666666,-147.2,509.8666666666667
2273,21.333333333333332,-147.2,514.1333333333333
2274,21.333333333333332,-147.2,520.5333333333333
2275,14.933333333333334,-149.33333333333334,514.1333333333333
2276,21.333333333333332,-149.33333333333334,514.1333333333333
2277,19.2,-145.06666666666666,505.59999999999997
2278,21.333333333333332,-145.06666666666666,509.8666666666667
2279,14.933333333333334,-142.93333333333334,499.2
2280,14.933333333333334,-145.06666666666666,509.8666666666667
2281,21.333333333333332,-145.06666666666666,507.73333333333335
2282,19.2,-142.93333333333334,512.0
2283,19.2,-145.06666666666666,516.2666666666667
2284,25.6,-142.93333333333334,507.73333333333335
2285,19.2,-147.2,520.5333333333333
2286,12.8,-138.66666666666666,514.1333333333333
2287,19.2,-142.93333333333334,518.4
2288,25.6,-147.2,507.73333333333335
2289,19.2,-142.93333333333334,520.5333333333333
2290,25.6,-145.06666666666666,516.2666666666667
2291,23.466666666666665,-147.2,516.2666666666667
2292,25.6,-142.93333333333334,512.0
2293,29.866666666666667,-140.8,514.1333333333333
2294,27.733333333333334,-142.93333333333334,509.8666666666667
2295,23.466666666666665,-151.46666666666667,505.59999999999997
2296,27.733333333333334,-145.06666666666666,503.46666666666664
2297,21.333333333333332,-142.93333333333334,514.1333333333333
2298,25.6,-151.46666666666667,509.8666666666667
2299,27.733333333333334,-147.2,516.2666666666667
2300,25.6,-145.06666666666666,514.1333333333333
2301,25.6,-145.06666666666666,514.1333333333333
2302,25.6,-149.33333333333334,509.8666666666667
2303,23.466666666666665,-145.06666666666666,516.2666666666667
2304,19.2,-147.2,507.73333333333335
2305,25.6,-145.06666666666666,512.0
2306,27.733333333333334,-147.2,507.73333333333335
2307,25.6,-145.06666666666666,514.1333333333333
2308,19.2,-138.66666666666666,512.0
2309,21.333333333333332,-149.33333333333334,514.1333333333333
2310,27.733333333333334,-149.33333333333334,518.4
2311,19.2,-142.93333333333334,518.4
2312,23.466666666666665,-142.93333333333334,520.5333333333333
2313,23.466666666666665,-142.93333333333334,516.2666666666667
2314,19.2,-145.06666666666666,516.2666666666667
2315,23.466666666666665,-145.06666666666666,509.8666666666667
2316,12.8,-140.8,509.8666666666667
2317,19.2,-147.2,518.4
2318,21.333333333333332,-145.06666666666666,507.73333333333335
2319,14.933333333333334,-147.2,509.8666666666667
2320,19.2,-142.93333333333334,501.3333333333333
2321,12.8,-142.93333333333334,509.8666666666667
2322,12.8,-145.06666666666666,512.0
2323,12.8,-145.06666666666666,518.4
2324,14.933333333333334,-147.2,518.4
2325,17.066666666666666,-145.06666666666666,516.2666666666667
2326,14.933333333333334,-142.93333333333334,516.2666666666667
2327,6.4,-134.4,518.4
2328,17.066666666666666,-142.93333333333334,518.4
2329,14.933333333333334,-145.06666666666666,518.4
2330,14.933333333333334,-147.2,522.6666666666666
2331,17.066666666666666,-149.33333333333334,522.6666666666666
2332,23.466666666666665,-145.06666666666666,518.4
2333,19.2,-140.8,520.5333333333333
2334,25.6,-145.06666666666666,514.1333333333333
2335,21.333333333333332,-142.93333333333334,516.2666666666667
2336,17.066666666666666,-145.06666666666666,520.5333333333333
2337,14.933333333333334,-145.06666666666666,507.73333333333335
2338,19.2,-147.2,501.3333333333333
2339,17.066666666666666,-147.2,507.73333333333335
2340,23.466666666666665,-151.46666666666667,514.1333333333333
2341,17.066666666666666,-151.46666666666667,514.1333333333333
2342,23.466666666666665,-157.86666666666667,526.9333333333333
2343,17.066666666666666,-155.73333333333332,507.73333333333335
2344,17.066666666666666,-157.86666666666667,522.6666666666666
2345,17.066666666666666,-157.86666666666667,512.0
2346,17.066666666666666,-149.33333333333334,505.59999999999997
2347,19.2,-147.2,499.2
2348,19.2,-149.33333333333334,499.2
2349,25.6,-142.93333333333334,497.06666666666666
2350,17.066666666666666,-138.66666666666666,499.2
2351,25.6,-142.93333333333334,503.46666666666664
2352,27.733333333333334,-145.06666666666666,501.3333333333333
2353,27.733333333333334,-147.2,505.59999999999997
2354,27.733333333333334,-147.2,514.1333333333333
2355,25.6,-145.06666666666666,516.2666666666667
2356,21.333333333333332,-145.06666666666666,516.2666666666667
2357,25.6,-145.06666666666666,514.1333333333333
2358,25.6,-149.33333333333334,516.2666666666667
2359,23.466666666666665,-149.33333333333334,524.8
2360,23.466666666666665,-149.33333333333334,518.4
2361,19.2,-140.8,516.2666666666667
2362,29.866666666666667,-147.2,509.8666666666667
2363,32.0,-149.33333333333334,512.0
2364,25.6,-149.33333333333334,514.1333333333333
2365,32.0,-147.2,507.73333333333335
2366,25.6,-151.46666666666667,512.0
2367,27.733333333333334,-147.2,516.2666666666667
2368,25.6,-145.06666666666666,512.0
2369,21.333333333333332,-142.93333333333334,507.73333333333335
2370,27.733333333333334,-151.46666666666667,512.0
2371,29.866666666666667,-147.2,503.46666666666664
2372,36.266666666666666,-149.33333333333334,509.8666666666667
2373,23.466666666666665,-145.06666666666666,509.8666666666667
2374,25.6,-145.06666666666666,512.0
2375,29.866666666666667,-147.2,509.8666666666667
2376,23.466666666666665,-145.06666666666666,505.59999999999997
2377,27.733333333333334,-147.2,516.2666666666667
2378,23.466666666666665,-145.06666666666666,509.8666666666667
2379,23.466666666666665,-142.93333333333334,509.8666666666667
2380,21.333333333333332,-145.06666666666666,512.0
2381,19.2,-147.2,501.3333333333333
2382,23.466666666666665,-151.46666666666667,503.46666666666664
2383,19.2,-147.2,505.59999999999997
2384,17.066666666666666,-140.8,499.2
2385,23.466666666666665,-142.93333333333334,507.73333333333335
2386,27.733333333333334,-153.6,501.3333333333333
2387,19.2,-145.06666666666666,509.8666666666667
2388,23.466666666666665,-142.93333333333334,507.73333333333335
2389,21.333333333333332,-147.2,505.59999999999997
2390,25.6,-147.2,514.1333333333333
2391,19.2,-149.33333333333334,514.1333333333333
2392,17.066666666666666,-149.33333333333334,516.2666666666667
2393,19.2,-147.2,514.1333333333333
2394,17.066666666666666,-147.2,520.5333333333333
2395,12.8,-145.06666666666666,512.0
2396,14.933333333333334,-142.93333333333334,512.0
2397,23.466666666666665,-149.33333333333334,512.0
2398,17.066666666666666,-151.46666666666667,512.0
2399,23.466666666666665,-151.46666666666667,518.4
2400,23.466666666666665,-147.2,512.0
2401,17.066666666666666,-147.2,509.8666666666667
2402,25.6,-153.6,514.1333333333333
2403,14.933333333333334,-147.2,509.8666666666667
2404,12.8,-147.2,514.1333333333333
2405,21.333333333333332,-145.06666666666666,512.0
2406,21.333333333333332,-145.06666666666666,512.0
2407,19.2,-151.46666666666667,507.73333333333335
2408,14.933333333333334,-145.06666666666666,514.1333333333333
2409,12.8,-145.06666666666666,505.59999999999997
2410,21.333333333333332,-147.2,512.0
2411,19.2,-145.06666666666666,503.46666666666664
2412,25.6,-142.93333333333334,509.8666666666667
2413,21.333333333333332,-142.93333333333334,512.0
2414,12.8,-145.06666666666666,514.1333333333333
2415,14.933333333333334,-162.13333333333333,507.73333333333335
2416,17.066666666666666,-140.8,499.2
2417,12.8,-142.93333333333334,516.2666666666667
2418,19.2,-151.46666666666667,501.3333333333333
2419,19.2,-149.33333333333334,516.2666666666667
2420,17.066666666666666,-149.33333333333334,501.3333333333333
2421,29.866666666666667,-147.2,505.59999999999997
2422,25.6,-149.33333333333334,516.2666666666667
2423,14.933333333333334,-147.2,514.1333333333333
2424,21.333333333333332,-142.93333333333334,514.1333333333333
2425,21.333333333333332,-145.06666666666666,512.0
2426,19.2,-145.06666666666666,518.4
2427,17.066666666666666,-142.93333333333334,516.2666666666667
2428,19.2,-140.8,518.4
2429,27.733333333333334,-160.0,544.0
2430,19.2,-138.66666666666666,505.59999999999997
2431,17.066666666666666,-140.8,507.73333333333335
2432,25.6,-140.8,509.8666666666667
2433,25.6,-147.2,503.46666666666664
2434,23.466666666666665,-147.2,507.73333333333335
2435,23.466666666666665,-140.8,512.0
2436,19.2,-145.06666666666666,501.3333333333333
2437,14.933333333333334,-145.06666666666666,501.3333333333333
2438,19.2,-145.06666666666666,512.0
2439,17.066666666666666,-142.93333333333334,516.2666666666667
2440,27.733333333333334,-149.33333333333334,514.1333333333333
2441,21.333333333333332,-142.93333333333334,509.8666666666667
2442,21.333333333333332,-142.93333333333334,524.8
2443,21.333333333333332,-138.66666666666666,533.3333333333334
2444,23.466666666666665,-145.06666666666666,531.2
2445,21.333333333333332,-140.8,526.9333333333333
2446,25.6,-140.8,529.0666666666666
2447,27.733333333333334,-147.2,533.3333333333334
2448,25.6,-136.53333333333333,529.0666666666666
2449,27.733333333333334,-147.2,524.8
2450,25.6,-147.2,533.3333333333334
2451,27.733333333333334,-145.06666666666666,522.6666666666666
2452,21.333333333333332,-142.93333333333334,526.9333333333333
2453,32.0,-145.06666666666666,514.1333333333333
2454,27.733333333333334,-155.73333333333332,509.8666666666667
2455,25.6,-145.06666666666666,509.8666666666667
2456,25.6,-145.06666666666666,509.8666666666667
2457,27.733333333333334,-149.33333333333334,507.73333333333335
2458,23.466666666666665,-145.06666666666666,503.46666666666664
2459,19.2,-147.2,512.0
2460,27.733333333333334,-145.06666666666666,503.46666666666664
2461,25.6,-145.06666666666666,509.8666666666667
2462,27.733333333333334,-147.2,512.0
2463,23.466666666666665,-136.53333333333333,509.8666666666667
2464,23.466666666666665,-147.2,507.73333333333335
2465,23.466666666666665,-142.93333333333334,514.1333333333333
2466,19.2,-147.2,512.0
2467,25.6,-145.06666666666666,516.2666666666667
2468,29.866666666666667,-140.8,514.1333333333333
2469,27.733333333333334,-145.06666666666666,518.4
2470,25.6,-142.93333333333334,516.2666666666667
2471,29.866666666666667,-140.8,518.4
2472,27.733333333333334,-145.06666666666666,524.8
2473,27.733333333333334,-140.8,520.5333333333333
2474,25.6,-140.8,516.2666666666667
2475,19.2,-138.66666666666666,507.73333333333335
2476,25.6,-145.06666666666666,516.2666666666667
2477,29.866666666666667,-142.93333333333334,505.59999999999997
2478,21.333333333333332,-147.2,507.73333333333335
2479,27.733333333333334,-151.46666666666667,507.73333333333335
2480,21.333333333333332,-147.2,516.2666666666667
2481,25.6,-147.2,505.59999999999997
2482,27.733333333333334,-149.33333333333334,509.8666666666667
2483,23.466666666666665,-151.46666666666667,512.0
2484,25.6,-153.6,526.9333333333333
2485,25.6,-149.33333333333334,520.5333333333333
2486,27.733333333333334,-153.6,514.1333333333333
2487,17.066666666666666,-147.2,518.4
2488,14.933333333333334,-147.2,509.8666666666667
2489,21.333333333333332,-140.8,507.73333333333335
2490,21.333333333333332,-145.06666666666666,507.73333333333335
2491,23.466666666666665,-149.33333333333334,509.8666666666667
2492,14.933333333333334,-147.2,501.3333333333333
2493,14.933333333333334,-138.66666666666666,505.59999999999997
2494,17.066666666666666,-145.06666666666666,507.73333333333335
2495,12.8,-147.2,509.8666666666667
2496,19.2,-145.06666666666666,509.8666666666667
2497,23.466666666666665,-142.93333333333334,512.0
2498,17.066666666666666,-145.06666666666666,514.1333333333333
2499,17.066666666666666,-140.8,512.0
2500,12.8,-142.93333333333334,518.4
2501,17.066666666666666,-142.93333333333334,512.0
2502,10.666666666666666,-138.66666666666666,516.2666666666667
2503,17.066666666666666,-145.06666666666666,518.4
2504,25.6,-147.2,509.8666666666667
2505,19.2,-138.66666666666666,514.1333333333333
2506,25.6,-145.06666666666666,509.8666666666667
2507,23.466666666666665,-142.93333333333334,507.73333333333335
2508,27.733333333333334,-145.06666666666666,514.1333333333333
2509,25.6,-145.06666666666666,509.8666666666667
2510,19.2,-140.8,514.1333333333333
2511,21.333333333333332,-147.2,501.3333333333333
2512,23.466666666666665,-147.2,524.8
2513,21.333333333333332,-145.06666666666666,520.5333333333333
2514,25.6,-149.33333333333334,507.73333333333335
2515,25.6,-145.06666666666666,520.5333333333333
2516,29.866666666666667,-166.4,520.5333333333333
2517,23.466666666666665,-149.33333333333334,516.2666666666667
2518,27.733333333333334,-142.93333333333334,520.5333333333333
2519,19.2,-142.93333333333334,514.1333333333333
2520,27.733333333333334,-153.6,518.4
2521,21.333333333333332,-145.06666666666666,505.59999999999997
2522,29.866666666666667,-149.33333333333334,507.73333333333335
2523,25.6,-142.93333333333334,507.73333333333335
2524,27.733333333333334,-147.2,507.73333333333335
2525,23.466666666666665,-142.93333333333334,509.8666666666667
2526,27.733333333333334,-147.2,516.2666666666667
2527,21.333333333333332,-147.2,514.1333333333333
2528,27.733333333333334,-145.06666666666666,505.59999999999997
2529,25.6,-140.8,514.1333333333333
2530,17.066666666666666,-147.2,516.2666666666667
2531,27.733333333333334,-147.2,518.4
2532,29.866666666666667,-140.8,512.0
2533,27.733333333333334,-145.06666666666666,516.2666666666667
2534,25.6,-142.93333333333334,516.2666666666667
2535,19.2,-145.06666666666666,520.5333333333333
2536,23.466666666666665,-142.93333333333334,520.5333333333333
2537,25.6,-151.46666666666667,514.1333333333333
2538,27.733333333333334,-142.93333333333334,518.4
2539,25.6,-149.33333333333334,516.2666666666667
2540,25.6,-145.06666666666666,520.5333333333333
2541,23.466666666666665,-147.2,518.4
2542,25.6,-140.8,516.2666666666667
2543,29.866666666666667,-147.2,518.4
2544,25.6,-145.06666666666666,516.2666666666667
2545,23.466666666666665,-145.06666666666666,516.2666666666667
2546,21.333333333333332,-140.8,516.2666666666667
2547,19.2,-142.93333333333334,507.73333333333335
2548,14.933333333333334,-145.06666666666666,509.8666666666667
2549,21.333333333333332,-136.53333333333333,516.2666666666667
2550,27.733333333333334,-145.06666666666666,509.8666666666667
2551,21.333333333333332,-142.93333333333334,516.2666666666667
2552,25.6,-151.46666666666667,514.1333333333333
2553,21.333333333333332,-145.06666666666666,520.5333333333333
2554,17.066666666666666,-147.2,509.8666666666667
2555,12.8,-142.93333333333334,509.8666666666667
2556,21.333333333333332,-145.06666666666666,509.8666666666667
2557,27.733333333333334,-147.2,518.4
2558,17.066666666666666,-147.2,514.1333333333333
2559,25.6,-149.33333333333334,518.4
2560,21.333333333333332,-153.6,507.73333333333335
2561,19.2,-151.46666666666667,514.1333333333333
2562,25.6,-147.2,514.1333333333333
2563,19.2,-145.06666666666666,509.8666666666667
2564,19.2,-142.93333333333334,509.8666666666667
2565,25.6,-145.06666666666666,509.8666666666667
2566,23.466666666666665,-145.06666666666666,512.0
2567,29.866666666666667,-145.06666666666666,514.1333333333333
2568,23.466666666666665,-147.2,520.5333333333333
2569,25.6,-142.93333333333334,509.8666666666667
2570,25.6,-145.06666666666666,512.0
2571,23.466666666666665,-145.06666666666666,509.8666666666667
2572,29.866666666666667,-153.6,518.4
2573,21.333333333333332,-147.2,507.73333333333335
2574,23.466666666666665,-147.2,518.4
2575,21.333333333333332,-151.46666666666667,520.5333333333333
2576,25.6,-145.06666666666666,514.1333333333333
2577,21.333333333333332,-145.06666666666666,507.73333333333335
2578,23.466666666666665,-140.8,503.46666666666664
2579,19.2,-147.2,512.0
2580,21.333333333333332,-151.46666666666667,520.5333333333333
2581,23.466666666666665,-147.2,512.0
2582,19.2,-142.93333333333334,512.0
2583,23.466666666666665,-147.2,507.73333333333335
2584,21.333333333333332,-153.6,507.73333333333335
2585,17.066666666666666,-142.93333333333334,509.8666666666667
2586,29.866666666666667,-145.06666666666666,507.73333333333335
2587,19.2,-145.06666666666666,512.0
2588,19.2,-145.06666666666666,522.6666666666666
2589,21.333333333333332,-149.33333333333334,509.8666666666667
2590,29.866666666666667,-149.33333333333334,516.2666666666667
2591,25.6,-149.33333333333334,509.8666666666667
2592,21.333333333333332,-145.06666666666666,505.59999999999997
2593,21.333333333333332,-149.33333333333334,492.8
2594,19.2,-145.06666666666666,509.8666666666667
2595,25.6,-147.2,512.0
2596,23.466666666666665,-149.33333333333334,505.59999999999997
2597,27.733333333333334,-145.06666666666666,509.8666666666667
2598,27.733333333333334,-147.2,509.8666666666667
2599,21.333333333333332,-151.46666666666667,509.8666666666667
2600,23.466666666666665,-147.2,509.8666666666667
2601,21.333333333333332,-147.2,518.4
2602,23.466666666666665,-149.33333333333334,514.1333333333333
2603,23.466666666666665,-147.2,512.0
2604,23.466666666666665,-147.2,516.2666666666667
2605,23.466666666666665,-145.06666666666666,514.1333333333333
2606,23.466666666666665,-145.06666666666666,522.6666666666666
2607,23.466666666666665,-147.2,512.0
2608,21.333333333333332,-147.2,514.1333333333333
2609,21.333333333333332,-145.06666666666666,509.8666666666667
2610,25.6,-147.2,509.8666666666667
2611,25.6,-147.2,516.2666666666667
2612,19.2,-145.06666666666666,512.0
2613,19.2,-142.93333333333334,505.59999999999997
2614,23.466666666666665,-145.06666666666666,505.59999999999997
2615,25.6,-153.6,505.59999999999997
2616,17.066666666666666,-153.6,507.73333333333335
2617,21.333333333333332,-149.33333333333334,514.1333333333333
2618,23.466666666666665,-160.0,507.73333333333335
2619,23.466666666666665,-153.6,516.2666666666667
2620,27.733333333333334,-153.6,516.2666666666667
2621,14.933333333333334,-153.6,526.9333333333333
2622,19.2,-151.46666666666667,522.6666666666666
2623,23.466666666666665,-157.86666666666667,522.6666666666666
2624,17.066666666666666,-153.6,516.2666666666667
2625,25.6,-153.6,516.2666666666667
2626,27.733333333333334,-151.46666666666667,516.2666666666667
2627,19.2,-147.2,505.59999999999997
2628,17.066666666666666,-142.93333333333334,503.46666666666664
2629,19.2,-147.2,501.3333333333333
2630,19.2,-147.2,503.46666666666664
2631,29.866666666666667,-145.06666666666666,509.8666666666667
2632,19.2,-147.2,505.59999999999997
2633,27.733333333333334,-147.2,501.3333333333333
2634,25.6,-145.06666666666666,520.5333333333333
2635,19.2,-140.8,509.8666666666667
2636,10.666666666666666,-147.2,516.2666666666667
2637,21.333333333333332,-147.2,509.8666666666667
2638,23.466666666666665,-147.2,512.0
2639,25.6,-147.2,509.8666666666667
2640,25.6,-147.2,512.0
2641,23.466666666666665,-145.06666666666666,514.1333333333333
2642,21.333333333333332,-149.33333333333334,507.73333333333335
2643,23.466666666666665,-147.2,507.73333333333335
2644,25.6,-147.2,505.59999999999997
2645,25.6,-142.93333333333334,514.1333333333333
2646,21.333333333333332,-145.06666666666666,509.8666666666667
2647,27.733333333333334,-147.2,509.8666666666667
2648,29.866666666666667,-153.6,516.2666666666667
2649,23.466666666666665,-149.33333333333334,514.1333333333333
2650,27.733333333333334,-149.33333333333334,509.8666666666667
2651,25.6,-151.46666666666667,516.2666666666667
2652,21.333333333333332,-145.06666666666666,520.5333333333333
2653,21.333333333333332,-147.2,518.4
2654,25.6,-147.2,520.5333333333333
2655,23.466666666666665,-147.2,518.4
2656,25.6,-151.46666666666667,507.73333333333335
2657,29.866666666666667,-151.46666666666667,518.4
2658,34.13333333333333,-153.6,520.5333333333333
2659,25.6,-145.06666666666666,505.59999999999997
2660,17.066666666666666,-149.33333333333334,507.73333333333335
2661,23.466666666666665,-149.33333333333334,512.0
2662,23.466666666666665,-153.6,514.1333333333333
2663,23.466666666666665,-147.2,509.8666666666667
2664,21.333333333333332,-145.06666666666666,518.4
2665,19.2,-147.2,507.73333333333335
2666,21.333333333333332,-149.33333333333334,520.5333333333333
2667,23.466666666666665,-145.06666666666666,503.46666666666664
2668,17.066666666666666,-149.33333333333334,512.0
2669,29.866666666666667,-149.33333333333334,507.73333333333335
2670,19.2,-147.2,497.06666666666666
2671,19.2,-149.33333333333334,520.5333333333333
2672,17.066666666666666,-147.2,518.4
2673,19.2,-149.33333333333334,514.1333333333333
2674,17.066666666666666,-153.6,512.0
2675,27.733333333333334,-147.2,512.0
2676,17.066666666666666,-149.33333333333334,509.8666666666667
2677,25.6,-147.2,516.2666666666667
2678,12.8,-151.46666666666667,507.73333333333335
2679,19.2,-145.06666666666666,509.8666666666667
2680,8.533333333333333,-142.93333333333334,512.0
2681,14.933333333333334,-140.8,509.8666666666667
2682,19.2,-145.06666666666666,512.0
2683,19.2,-145.06666666666666,518.4
2684,8.533333333333333,-149.33333333333334,512.0
2685,10.666666666666666,-145.06666666666666,520.5333333333333
2686,17.066666666666666,-145.06666666666666,512.0
2687,21.333333333333332,-145.06666666666666,505.59999999999997
2688,17.066666666666666,-145.06666666666666,507.73333333333335
2689,17.066666666666666,-145.06666666666666,507.73333333333335
2690,23.466666666666665,-153.6,512.0
2691,19.2,-147.2,503.46666666666664
2692,17.066666666666666,-149.33333333333334,516.2666666666667
2693,12.8,-149.33333333333334,509.8666666666667
2694,17.066666666666666,-149.33333333333334,522.6666666666666
2695,21.333333333333332,-149.33333333333334,514.1333333333333
2696,17.066666666666666,-147.2,514.1333333333333
2697,29.866666666666667,-147.2,509.8666666666667
2698,19.2,-149.33333333333334,514.1333333333333
2699,8.533333333333333,-149.33333333333334,505.59999999999997
2700,21.333333333333332,-147.2,512.0
2701,17.066666666666666,-151.46666666666667,507.73333333333335
2702,17.066666666666666,-151.46666666666667,507.73333333333335
2703,17.066666666666666,-149.33333333333334,509.8666666666667
2704,12.8,-149.33333333333334,505.59999999999997
2705,19.2,-149.33333333333334,512.0
2706,17.066666666666666,-151.46666666666667,516.2666666666667
2707,21.333333333333332,-149.33333333333334,514.1333333333333
2708,21.333333333333332,-149.33333333333334,520.5333333333333
2709,14.933333333333334,-149.33333333333334,516.2666666666667
2710,21.333333333333332,-147.2,512.0
2711,10.666666666666666,-151.46666666666667,512.0
2712,19.2,-153.6,512.0
2713,19.2,-147.2,512.0
2714,14.933333333333334,-147.2,520.5333333333333
2715,23.466666666666665,-147.2,507.73333333333335
2716,19.2,-145.06666666666666,501.3333333333333
2717,14.933333333333334,-147.2,507.73333333333335
2718,17.066666666666666,-149.33333333333334,503.46666666666664
2719,23.466666666666665,-149.33333333333334,512.0
2720,27.733333333333334,-149.33333333333334,509.8666666666667
2721,25.6,-151.46666666666667,505.59999999999997
2722,23.466666666666665,-157.86666666666667,512.0
2723,38.4,-151.46666666666667,512.0
2724,21.333333333333332,-145.06666666666666,514.1333333333333
2725,21.333333333333332,-145.06666666666666,507.73333333333335
2726,21.333333333333332,-147.2,505.59999999999997
2727,19.2,-147.2,507.73333333333335
2728,19.2,-149.33333333333334,509.8666666666667
2729,17.066666666666666,-147.2,503.46666666666664
2730,21.333333333333332,-147.2,516.2666666666667
2731,21.333333333333332,-145.06666666666666,501.3333333333333
2732,12.8,-147.2,509.8666666666667
2733,19.2,-145.06666666666666,518.4
2734,21.333333333333332,-147.2,503.46666666666664
2735,17.066666666666666,-147.2,507.73333333333335
2736,17.066666666666666,-149.33333333333334,514.1333333333333
2737,19.2,-149.33333333333334,516.2666666666667
2738,25.6,-149.33333333333334,512.0
2739,23.466666666666665,-149.33333333333334,514.1333333333333
2740,19.2,-147.2,514.1333333333333
2741,19.2,-147.2,518.4
2742,23.466666666666665,-142.93333333333334,509.8666666666667
2743,23.466666666666665,-147.2,516.2666666666667
2744,27.733333333333334,-147.2,518.4
2745,17.066666666666666,-142.93333333333334,505.59999999999997
2746,25.6,-149.33333333333334,509.8666666666667
2747,17.066666666666666,-147.2,509.8666666666667
2748,17.066666666666666,-145.06666666666666,507.73333333333335
2749,21.333333333333332,-153.6,503.46666666666664
2750,17.066666666666666,-147.2,518.4
2751,17.066666666666666,-153.6,503.46666666666664
2752,19.2,-149.33333333333334,507.73333333333335
2753,21.333333333333332,-157.86666666666667,518.4
2754,21.333333333333332,-153.6,516.2666666666667
2755,21.333333333333332,-153.6,518.4
2756,17.066666666666666,-157.86666666666667,516.2666666666667
2757,17.066666666666666,-147.2,514.1333333333333
2758,12.8,-149.33333333333334,505.59999999999997
2759,19.2,-153.6,507.73333333333335
2760,12.8,-145.06666666666666,507.73333333333335
2761,17.066666666666666,-145.06666666666666,499.2
2762,19.2,-140.8,503.46666666666664
2763,17.066666666666666,-147.2,505.59999999999997
2764,17.066666666666666,-140.8,505.59999999999997
2765,19.2,-147.2,512.0
2766,19.2,-147.2,507.73333333333335
2767,19.2,-147.2,507.73333333333335
2768,25.6,-142.93333333333334,507.73333333333335
2769,23.466666666666665,-142.93333333333334,509.8666666666667
2770,10.666666666666666,-142.93333333333334,512.0
2771,17.066666666666666,-145.06666666666666,507.73333333333335
2772,19.2,-142.93333333333334,516.2666666666667
2773,19.2,-140.8,509.8666666666667
2774,19.2,-145.06666666666666,514.1333333333333
2775,19.2,-151.46666666666667,520.5333333333333
2776,21.333333333333332,-149.33333333333334,509.8666666666667
2777,19.2,-149.33333333333334,514.1333333333333
2778,17.066666666666666,-147.2,514.1333333333333
2779,21.333333333333332,-151.46666666666667,512.0
2780,19.2,-138.66666666666666,507.73333333333335
2781,19.2,-151.46666666666667,518.4
2782,19.2,-147.2,516.2666666666667
2783,19.2,-145.06666666666666,507.73333333333335
2784,19.2,-145.06666666666666,507.73333333333335
2785,14.933333333333334,-149.33333333333334,507.73333333333335
2786,14.933333333333334,-142.93333333333334,518.4
2787,10.666666666666666,-147.2,505.59999999999997
2788,12.8,-142.93333333333334,514.1333333333333
2789,19.2,-147.2,507.73333333333335
2790,12.8,-145.06666666666666,505.59999999999997
2791,17.066666666666666,-145.06666666666666,516.2666666666667
2792,12.8,-147.2,503.46666666666664
2793,17.066666666666666,-147.2,505.59999999999997
2794,17.066666666666666,-142.93333333333334,509.8666666666667
2795,17.066666666666666,-145.06666666666666,505.59999999999997
2796,19.2,-145.06666666666666,509.8666666666667
2797,25.6,-149.33333333333334,507.73333333333335
2798,19.2,-149.33333333333334,509.8666666666667
2799,19.2,-145.06666666666666,509.8666666666667
2800,42.666666666666664,-153.6,526.9333333333333
2801,19.2,-149.33333333333334,512.0
2802,23.466666666666665,-149.33333333333334,514.1333333333333
2803,19.2,-142.93333333333334,514.1333333333333
2804,19.2,-147.2,509.8666666666667
2805,21.333333333333332,-149.33333333333334,520.5333333333333
2806,14.933333333333334,-147.2,526.9333333333333
2807,25.6,-149.33333333333334,514.1333333333333
2808,21.333333333333332,-149.33333333333334,516.2666666666667
2809,10.666666666666666,-149.33333333333334,518.4
2810,21.333333333333332,-151.46666666666667,503.46666666666664
2811,12.8,-145.06666666666666,514.1333333333333
2812,8.533333333333333,-147.2,507.73333333333335
2813,17.066666666666666,-149.33333333333334,518.4
2814,17.066666666666666,-149.33333333333334,514.1333333333333
2815,14.933333333333334,-147.2,505.59999999999997
2816,19.2,-151.46666666666667,512.0
2817,8.533333333333333,-136.53333333333333,512.0
2818,19.2,-145.06666666666666,509.8666666666667
2819,14.933333333333334,-151.46666666666667,503.46666666666664
2820,17.066666666666666,-140.8,516.2666666666667
2821,10.666666666666666,-147.2,514.1333333333333
2822,23.466666666666665,-142.93333333333334,505.59999999999997
2823,23.466666666666665,-149.33333333333334,514.1333333333333
2824,19.2,-147.2,520.5333333333333
2825,23.466666666666665,-149.33333333333334,512.0
2826,12.8,-147.2,516.2666666666667
2827,14.933333333333334,-145.06666666666666,509.8666666666667
2828,17.066666666666666,-149.33333333333334,522.6666666666666
2829,21.333333333333332,-147.2,514.1333333333333
2830,21.333333333333332,-147.2,516.2666666666667
2831,25.6,-147.2,514.1333333333333
2832,23.466666666666665,-145.06666666666666,518.4
2833,29.866666666666667,-145.06666666666666,514.1333333333333
2834,23.466666666666665,-145.06666666666666,522.6666666666666
2835,19.2,-138.66666666666666,512.0
2836,25.6,-147.2,520.5333333333333
2837,19.2,-149.33333333333334,514.1333333333333
2838,19.2,-142.93333333333334,516.2666666666667
2839,19.2,-147.2,512.0
2840,23.466666666666665,-149.33333333333334,514.1333333333333
2841,21.333333333333332,-149.33333333333334,509.8666666666667
2842,19.2,-147.2,518.4
2843,23.466666666666665,-149.33333333333334,558.9333333333333
2844,21.333333333333332,-149.33333333333334,512.0
2845,19.2,-147.2,509.8666666666667
2846,19.2,-142.93333333333334,505.59999999999997
2847,14.933333333333334,-142.93333333333334,503.46666666666664
2848,23.466666666666665,-140.8,503.46666666666664
2849,17.066666666666666,-140.8,507.73333333333335
2850,14.933333333333334,-142.93333333333334,509.8666666666667
2851,25.6,-151.46666666666667,509.8666666666667
2852,21.333333333333332,-149.33333333333334,503.46666666666664
2853,21.333333333333332,-142.93333333333334,503.46666666666664
2854,21.333333333333332,-140.8,512.0
2855,23.466666666666665,-149.33333333333334,505.59999999999997
2856,27.733333333333334,-147.2,512.0
2857,21.333333333333332,-149.33333333333334,514.1333333333333
2858,23.466666666666665,-147.2,516.2666666666667
2859,17.066666666666666,-147.2,509.8666666666667
2860,23.466666666666665,-142.93333333333334,516.2666666666667
2861,19.2,-147.2,522.6666666666666
2862,21.333333333333332,-147.2,522.6666666666666
2863,23.466666666666665,-147.2,509.8666666666667
2864,29.866666666666667,-145.06666666666666,514.1333333333333
2865,23.466666666666665,-149.33333333333334,512.0
2866,25.6,-147.2,516.2666666666667
2867,19.2,-145.06666666666666,507.73333333333335
2868,21.333333333333332,-145.06666666666666,518.4
2869,19.2,-142.93333333333334,518.4
2870,32.0,-151.46666666666667,512.0
2871,25.6,-140.8,505.59999999999997
2872,23.466666666666665,-145.06666666666666,507.73333333333335
2873,17.066666666666666,-151.46666666666667,509.8666666666667
2874,19.2,-149.33333333333334,512.0
2875,14.933333333333334,-140.8,509.8666666666667
2876,19.2,-145.06666666666666,514.1333333333333
2877,14.933333333333334,-147.2,512.0
2878,17.066666666666666,-142.93333333333334,522.6666666666666
2879,10.666666666666666,-149.33333333333334,520.5333333333333
2880,14.933333333333334,-147.2,520.5333333333333
2881,17.066666666666666,-142.93333333333334,516.2666666666667
2882,17.066666666666666,-147.2,514.1333333333333
2883,21.333333333333332,-142.93333333333334,516.2666666666667
2884,14.933333333333334,-140.8,509.8666666666667
2885,19.2,-142.93333333333334,512.0
2886,10.666666666666666,-145.06666666666666,516.2666666666667
2887,12.8,-132.26666666666665,507.73333333333335
2888,12.8,-142.93333333333334,497.06666666666666
2889,21.333333333333332,-153.6,512.0
2890,21.333333333333332,-147.2,509.8666666666667
2891,27.733333333333334,-155.73333333333332,507.73333333333335
2892,23.466666666666665,-162.13333333333333,514.1333333333333
2893,27.733333333333334,-153.6,520.5333333333333
2894,27.733333333333334,-162.13333333333333,509.8666666666667
2895,25.6,-155.73333333333332,514.1333333333333
2896,32.0,-153.6,507.73333333333335
2897,32.0,-149.33333333333334,501.3333333333333
2898,32.0,-149.33333333333334,503.46666666666664
2899,34.13333333333333,-151.46666666666667,503.46666666666664
2900,25.6,-147.2,497.06666666666666
2901,23.466666666666665,-140.8,503.46666666666664
2902,29.866666666666667,-145.06666666666666,503.46666666666664
2903,21.333333333333332,-140.8,509.8666666666667
2904,29.866666666666667,-140.8,503.46666666666664
2905,27.733333333333334,-140.8,505.59999999999997
2906,34.13333333333333,-142.93333333333334,512.0
2907,25.6,-142.93333333333334,520.5333333333333
2908,29.866666666666667,-142.93333333333334,512.0
2909,29.866666666666667,-142.93333333333334,520.5333333333333
2910,29.866666666666667,-142.93333333333334,512.0
2911,27.733333333333334,-142.93333333333334,514.1333333333333
2912,36.266666666666666,-142.93333333333334,507.73333333333335
2913,32.0,-142.93333333333334,509.8666666666667
2914,29.866666666666667,-142.93333333333334,509.8666666666667
2915,32.0,-140.8,505.59999999999997
2916,27.733333333333334,-140.8,522.6666666666666
2917,38.4,-142.93333333333334,522.6666666666666
2918,27.733333333333334,-142.93333333333334,516.2666666666667
2919,25.6,-145.06666666666666,509.8666666666667
2920,36.266666666666666,-145.06666666666666,520.5333333333333
2921,27.733333333333334,-140.8,522.6666666666666
2922,25.6,-153.6,514.1333333333333
2923,25.6,-147.2,518.4
2924,29.866666666666667,-145.06666666666666,514.1333333333333
2925,27.733333333333334,-145.06666666666666,514.1333333333333
2926,25.6,-147.2,516.2666666666667
2927,17.066666666666666,-142.93333333333334,520.5333333333333
2928,21.333333333333332,-147.2,516.2666666666667
2929,23.466666666666665,-147.2,516.2666666666667
2930,21.333333333333332,-145.06666666666666,537.6
2931,17.066666666666666,-145.06666666666666,503.46666666666664
2932,23.466666666666665,-147.2,512.0
2933,25.6,-142.93333333333334,524.8
2934,19.2,-145.06666666666666,516.2666666666667
2935,21.333333333333332,-142.93333333333334,514.1333333333333
2936,8.533333333333333,-136.53333333333333,522.6666666666666
2937,10.666666666666666,-138.66666666666666,518.4
2938,4.266666666666667,-136.53333333333333,522.6666666666666
2939,8.533333333333333,-136.53333333333333,526.9333333333333
2940,4.266666666666667,-130.13333333333333,526.9333333333333
2941,10.666666666666666,-142.93333333333334,522.6666666666666
2942,8.533333333333333,-132.26666666666665,524.8
2943,10.666666666666666,-145.06666666666666,520.5333333333333
2944,12.8,-151.46666666666667,514.1333333333333
2945,12.8,-157.86666666666667,512.0
2946,19.2,-157.86666666666667,507.73333333333335
2947,19.2,-164.26666666666665,503.46666666666664
2948,19.2,-164.26666666666665,497.06666666666666
2949,27.733333333333334,-164.26666666666665,486.4
2950,32.0,-162.13333333333333,494.93333333333334
2951,25.6,-153.6,494.93333333333334
2952,29.866666666666667,-149.33333333333334,497.06666666666666
2953,25.6,-145.06666666666666,507.73333333333335
2954,23.466666666666665,-145.06666666666666,514.1333333333333
2955,14.933333333333334,-138.66666666666666,514.1333333333333
2956,6.4,-138.66666666666666,514.1333333333333
2957,0.0,-134.4,526.9333333333333
2958,2.1333333333333333,-140.8,522.6666666666666
2959,2.1333333333333333,-134.4,526.9333333333333
2960,0.0,-142.93333333333334,522.6666666666666
2961,0.0,-138.66666666666666,516.2666666666667
2962,0.0,-140.8,514.1333333333333
2963,6.4,-145.06666666666666,512.0
2964,19.2,-145.06666666666666,509.8666666666667
2965,19.2,-145.06666666666666,512.0
2966,27.733333333333334,-149.33333333333334,501.3333333333333
2967,19.2,-151.46666666666667,490.6666666666667
2968,23.466666666666665,-149.33333333333334,507.73333333333335
2969,32.0,-157.86666666666667,492.8
2970,29.866666666666667,-155.73333333333332,507.73333333333335
2971,21.333333333333332,-157.86666666666667,501.3333333333333
2972,34.13333333333333,-155.73333333333332,507.73333333333335
2973,27.733333333333334,-145.06666666666666,509.8666666666667
2974,27.733333333333334,-147.2,518.4
2975,29.866666666666667,-142.93333333333334,507.73333333333335
2976,32.0,-140.8,514.1333333333333
2977,32.0,-134.4,518.4
2978,34.13333333333333,-132.26666666666665,518.4
2979,29.866666666666667,-132.26666666666665,524.8
2980,32.0,-132.26666666666665,524.8
2981,32.0,-134.4,522.6666666666666
2982,29.866666666666667,-134.4,516.2666666666667
2983,32.0,-134.4,516.2666666666667
2984,23.466666666666665,-138.66666666666666,516.2666666666667
2985,29.866666666666667,-142.93333333333334,522.6666666666666
2986,29.866666666666667,-142.93333333333334,509.8666666666667
2987,25.6,-145.06666666666666,516.2666666666667
2988,27.733333333333334,-138.66666666666666,512.0
2989,42.666666666666664,-142.93333333333334,505.59999999999997
2990,25.6,-145.06666666666666,512.0
2991,32.0,-142.93333333333334,514.1333333333333
2992,29.866666666666667,-142.93333333333334,512.0
2993,29.866666666666667,-140.8,514.1333333333333
2994,29.866666666666667,-142.93333333333334,518.4
2995,32.0,-142.93333333333334,503.46666666666664
2996,23.466666666666665,-147.2,524.8
2997,27.733333333333334,-147.2,507.73333333333335
2998,27.733333333333334,-145.06666666666666,516.2666666666667
2999,27.733333333333334,-140.8,516.2666666666667
