,accelerometerAccelerationX(G),accelerometerAccelerationY(G),accelerometerAccelerationZ(G)
0,40.53333333333333,-360.5333333333333,-221.86666666666667
1,40.53333333333333,-362.6666666666667,-224.0
2,44.8,-354.1333333333333,-236.79999999999998
3,51.2,-343.46666666666664,-243.2
4,49.06666666666666,-337.06666666666666,-249.6
5,68.26666666666667,-339.2,-234.66666666666666
6,44.8,-337.06666666666666,-238.93333333333334
7,34.13333333333333,-330.6666666666667,-232.53333333333333
8,32.0,-337.06666666666666,-228.26666666666665
9,29.866666666666667,-337.06666666666666,-234.66666666666666
10,19.2,-334.93333333333334,-234.66666666666666
11,4.266666666666667,-343.46666666666664,-236.79999999999998
12,-10.666666666666666,-349.8666666666667,-230.4
13,-10.666666666666666,-360.5333333333333,-238.93333333333334
14,-12.8,-375.46666666666664,-241.06666666666666
15,-8.533333333333333,-386.1333333333333,-234.66666666666666
16,-10.666666666666666,-398.93333333333334,-241.06666666666666
17,-10.666666666666666,-411.73333333333335,-247.46666666666667
18,-10.666666666666666,-416.0,-249.6
19,-8.533333333333333,-420.26666666666665,-258.1333333333333
20,-4.266666666666667,-430.93333333333334,-260.26666666666665
21,-4.266666666666667,-435.2,-264.5333333333333
22,-2.1333333333333333,-445.8666666666667,-258.1333333333333
23,4.266666666666667,-465.06666666666666,-262.4
24,12.8,-471.46666666666664,-275.2
25,17.066666666666666,-486.4,-275.2
26,29.866666666666667,-499.2,-277.3333333333333
27,42.666666666666664,-503.46666666666664,-277.3333333333333
28,49.06666666666666,-524.8,-285.8666666666667
29,72.53333333333333,-531.2,-279.46666666666664
30,74.66666666666667,-546.1333333333333,-273.06666666666666
31,78.93333333333334,-554.6666666666666,-273.06666666666666
32,89.6,-565.3333333333334,-273.06666666666666
33,100.26666666666667,-573.8666666666667,-270.93333333333334
34,115.2,-588.8,-281.6
35,115.2,-603.7333333333333,-290.1333333333333
36,134.4,-614.4,-288.0
37,145.06666666666666,-618.6666666666666,-305.06666666666666
38,160.0,-629.3333333333334,-311.46666666666664
39,174.93333333333334,-648.5333333333333,-315.73333333333335
40,179.2,-663.4666666666667,-311.46666666666664
41,185.6,-678.4,-324.26666666666665
42,179.2,-686.9333333333333,-337.06666666666666
43,181.33333333333334,-684.8,-345.6
44,185.6,-689.0666666666666,-345.6
45,179.2,-684.8,-349.8666666666667
46,174.93333333333334,-678.4,-364.8
47,174.93333333333334,-665.6,-358.4
48,162.13333333333333,-648.5333333333333,-364.8
49,145.06666666666666,-625.0666666666666,-343.46666666666664
50,134.4,-618.6666666666666,-322.1333333333333
51,125.86666666666666,-614.4,-298.6666666666667
52,113.06666666666666,-603.7333333333333,-275.2
53,104.53333333333333,-586.6666666666666,-258.1333333333333
54,93.86666666666666,-573.8666666666667,-251.73333333333332
55,93.86666666666666,-556.8,-247.46666666666667
56,93.86666666666666,-548.2666666666667,-243.2
57,72.53333333333333,-529.0666666666666,-228.26666666666665
58,66.13333333333333,-516.2666666666667,-221.86666666666667
59,57.6,-488.5333333333333,-209.06666666666666
60,34.13333333333333,-492.8,-200.53333333333333
61,10.666666666666666,-490.6666666666667,-172.8
62,40.53333333333333,-503.46666666666664,-219.73333333333332
63,32.0,-473.59999999999997,-194.13333333333333
64,27.733333333333334,-477.8666666666667,-187.73333333333332
65,27.733333333333334,-471.46666666666664,-179.2
66,27.733333333333334,-475.73333333333335,-174.93333333333334
67,32.0,-475.73333333333335,-172.8
68,34.13333333333333,-473.59999999999997,-168.53333333333333
69,40.53333333333333,-477.8666666666667,-166.4
70,34.13333333333333,-475.73333333333335,-166.4
71,42.666666666666664,-480.0,-160.0
72,34.13333333333333,-477.8666666666667,-164.26666666666665
73,36.266666666666666,-486.4,-164.26666666666665
74,38.4,-492.8,-160.0
75,46.93333333333333,-492.8,-153.6
76,44.8,-490.6666666666667,-149.33333333333334
77,51.2,-488.5333333333333,-157.86666666666667
78,53.333333333333336,-494.93333333333334,-164.26666666666665
79,55.46666666666667,-492.8,-155.73333333333332
80,55.46666666666667,-494.93333333333334,-153.6
81,61.86666666666667,-497.06666666666666,-157.86666666666667
82,61.86666666666667,-494.93333333333334,-153.6
83,61.86666666666667,-501.3333333333333,-153.6
84,64.0,-507.73333333333335,-151.46666666666667
85,70.4,-522.6666666666666,-160.0
86,61.86666666666667,-520.5333333333333,-155.73333333333332
87,68.26666666666667,-526.9333333333333,-153.6
88,74.66666666666667,-526.9333333333333,-151.46666666666667
89,81.06666666666666,-526.9333333333333,-155.73333333333332
90,74.66666666666667,-541.8666666666667,-147.2
91,76.8,-546.1333333333333,-151.46666666666667
92,74.66666666666667,-541.8666666666667,-147.2
93,83.2,-541.8666666666667,-140.8
94,78.93333333333334,-546.1333333333333,-145.06666666666666
95,78.93333333333334,-544.0,-142.93333333333334
96,87.46666666666667,-544.0,-149.33333333333334
97,85.33333333333333,-546.1333333333333,-149.33333333333334
98,83.2,-548.2666666666667,-147.2
99,87.46666666666667,-546.1333333333333,-142.93333333333334
100,83.2,-541.8666666666667,-145.06666666666666
101,91.73333333333333,-552.5333333333333,-145.06666666666666
102,96.0,-548.2666666666667,-138.66666666666666
103,87.46666666666667,-552.5333333333333,-132.26666666666665
104,96.0,-552.5333333333333,-145.06666666666666
105,93.86666666666666,-546.1333333333333,-132.26666666666665
106,96.0,-550.4,-132.26666666666665
107,98.13333333333333,-548.2666666666667,-125.86666666666666
108,93.86666666666666,-541.8666666666667,-123.73333333333333
109,98.13333333333333,-541.8666666666667,-128.0
110,89.6,-537.6,-119.46666666666667
111,83.2,-537.6,-128.0
112,81.06666666666666,-524.8,-121.6
113,81.06666666666666,-529.0666666666666,-134.4
114,83.2,-522.6666666666666,-125.86666666666666
115,78.93333333333334,-518.4,-128.0
116,78.93333333333334,-518.4,-123.73333333333333
117,81.06666666666666,-524.8,-119.46666666666667
118,78.93333333333334,-518.4,-117.33333333333333
119,87.46666666666667,-520.5333333333333,-123.73333333333333
120,83.2,-516.2666666666667,-115.2
121,91.73333333333333,-516.2666666666667,-123.73333333333333
122,93.86666666666666,-509.8666666666667,-115.2
123,91.73333333333333,-512.0,-121.6
124,96.0,-509.8666666666667,-108.8
125,93.86666666666666,-509.8666666666667,-108.8
126,85.33333333333333,-503.46666666666664,-108.8
127,85.33333333333333,-507.73333333333335,-104.53333333333333
128,85.33333333333333,-509.8666666666667,-102.4
129,87.46666666666667,-507.73333333333335,-104.53333333333333
130,89.6,-518.4,-102.4
131,83.2,-516.2666666666667,-110.93333333333334
132,85.33333333333333,-526.9333333333333,-104.53333333333333
133,89.6,-531.2,-96.0
134,91.73333333333333,-535.4666666666667,-104.53333333333333
135,81.06666666666666,-535.4666666666667,-102.4
136,85.33333333333333,-537.6,-102.4
137,89.6,-535.4666666666667,-100.26666666666667
138,85.33333333333333,-533.3333333333334,-110.93333333333334
139,93.86666666666666,-535.4666666666667,-98.13333333333333
140,93.86666666666666,-541.8666666666667,-96.0
141,89.6,-539.7333333333333,-96.0
142,96.0,-539.7333333333333,-96.0
143,93.86666666666666,-544.0,-98.13333333333333
144,89.6,-533.3333333333334,-106.66666666666667
145,81.06666666666666,-537.6,-108.8
146,74.66666666666667,-526.9333333333333,-108.8
147,85.33333333333333,-531.2,-104.53333333333333
148,81.06666666666666,-533.3333333333334,-110.93333333333334
149,78.93333333333334,-535.4666666666667,-110.93333333333334
150,74.66666666666667,-537.6,-113.06666666666666
151,70.4,-537.6,-108.8
152,76.8,-544.0,-98.13333333333333
153,89.6,-552.5333333333333,-110.93333333333334
154,76.8,-548.2666666666667,-108.8
155,81.06666666666666,-548.2666666666667,-98.13333333333333
156,81.06666666666666,-548.2666666666667,-106.66666666666667
157,74.66666666666667,-548.2666666666667,-102.4
158,59.733333333333334,-541.8666666666667,-100.26666666666667
159,70.4,-535.4666666666667,-106.66666666666667
160,70.4,-537.6,-102.4
161,70.4,-539.7333333333333,-100.26666666666667
162,76.8,-531.2,-102.4
163,74.66666666666667,-539.7333333333333,-98.13333333333333
164,78.93333333333334,-535.4666666666667,-91.73333333333333
165,70.4,-533.3333333333334,-91.73333333333333
166,64.0,-524.8,-100.26666666666667
167,66.13333333333333,-524.8,-98.13333333333333
168,64.0,-531.2,-98.13333333333333
169,68.26666666666667,-535.4666666666667,-87.46666666666667
170,66.13333333333333,-529.0666666666666,-102.4
171,61.86666666666667,-541.8666666666667,-87.46666666666667
172,81.06666666666666,-544.0,-87.46666666666667
173,64.0,-539.7333333333333,-100.26666666666667
174,76.8,-537.6,-81.06666666666666
175,78.93333333333334,-535.4666666666667,-108.8
176,87.46666666666667,-501.3333333333333,-123.73333333333333
177,91.73333333333333,-509.8666666666667,-115.2
178,89.6,-507.73333333333335,-102.4
179,91.73333333333333,-505.59999999999997,-102.4
180,100.26666666666667,-499.2,-108.8
181,98.13333333333333,-486.4,-113.06666666666666
182,100.26666666666667,-494.93333333333334,-117.33333333333333
183,87.46666666666667,-497.06666666666666,-110.93333333333334
184,89.6,-518.4,-106.66666666666667
185,78.93333333333334,-516.2666666666667,-104.53333333333333
186,78.93333333333334,-535.4666666666667,-89.6
187,68.26666666666667,-552.5333333333333,-83.2
188,66.13333333333333,-550.4,-89.6
189,53.333333333333336,-558.9333333333333,-87.46666666666667
190,53.333333333333336,-552.5333333333333,-93.86666666666666
191,57.6,-550.4,-85.33333333333333
192,74.66666666666667,-554.6666666666666,-81.06666666666666
193,68.26666666666667,-554.6666666666666,-81.06666666666666
194,78.93333333333334,-554.6666666666666,-89.6
195,66.13333333333333,-546.1333333333333,-81.06666666666666
196,66.13333333333333,-544.0,-85.33333333333333
197,61.86666666666667,-550.4,-76.8
198,53.333333333333336,-550.4,-81.06666666666666
199,53.333333333333336,-546.1333333333333,-76.8
200,51.2,-546.1333333333333,-74.66666666666667
201,34.13333333333333,-537.6,-83.2
202,40.53333333333333,-548.2666666666667,-74.66666666666667
203,40.53333333333333,-546.1333333333333,-76.8
204,38.4,-550.4,-74.66666666666667
205,46.93333333333333,-550.4,-68.26666666666667
206,46.93333333333333,-548.2666666666667,-78.93333333333334
207,42.666666666666664,-544.0,-76.8
208,53.333333333333336,-544.0,-81.06666666666666
209,57.6,-535.4666666666667,-78.93333333333334
210,55.46666666666667,-535.4666666666667,-70.4
211,57.6,-533.3333333333334,-70.4
212,57.6,-526.9333333333333,-76.8
213,55.46666666666667,-526.9333333333333,-74.66666666666667
214,51.2,-529.0666666666666,-74.66666666666667
215,57.6,-524.8,-72.53333333333333
216,53.333333333333336,-526.9333333333333,-74.66666666666667
217,53.333333333333336,-537.6,-72.53333333333333
218,44.8,-535.4666666666667,-72.53333333333333
219,40.53333333333333,-535.4666666666667,-76.8
220,40.53333333333333,-541.8666666666667,-70.4
221,36.266666666666666,-539.7333333333333,-72.53333333333333
222,32.0,-541.8666666666667,-70.4
223,38.4,-548.2666666666667,-66.13333333333333
224,38.4,-550.4,-78.93333333333334
225,32.0,-550.4,-74.66666666666667
226,34.13333333333333,-552.5333333333333,-72.53333333333333
227,29.866666666666667,-552.5333333333333,-78.93333333333334
228,38.4,-550.4,-78.93333333333334
229,32.0,-546.1333333333333,-66.13333333333333
230,29.866666666666667,-544.0,-74.66666666666667
231,38.4,-541.8666666666667,-72.53333333333333
232,36.266666666666666,-544.0,-70.4
233,42.666666666666664,-548.2666666666667,-74.66666666666667
234,38.4,-539.7333333333333,-70.4
235,44.8,-537.6,-76.8
236,44.8,-541.8666666666667,-68.26666666666667
237,42.666666666666664,-539.7333333333333,-68.26666666666667
238,42.666666666666664,-541.8666666666667,-74.66666666666667
239,42.666666666666664,-537.6,-76.8
240,44.8,-539.7333333333333,-76.8
241,38.4,-539.7333333333333,-74.66666666666667
242,36.266666666666666,-544.0,-81.06666666666666
243,34.13333333333333,-537.6,-72.53333333333333
244,36.266666666666666,-537.6,-78.93333333333334
245,36.266666666666666,-544.0,-81.06666666666666
246,38.4,-541.8666666666667,-81.06666666666666
247,32.0,-544.0,-85.33333333333333
248,40.53333333333333,-535.4666666666667,-85.33333333333333
249,46.93333333333333,-541.8666666666667,-83.2
250,42.666666666666664,-537.6,-85.33333333333333
251,49.06666666666666,-539.7333333333333,-83.2
252,57.6,-535.4666666666667,-91.73333333333333
253,61.86666666666667,-541.8666666666667,-93.86666666666666
254,64.0,-539.7333333333333,-87.46666666666667
255,61.86666666666667,-533.3333333333334,-87.46666666666667
256,66.13333333333333,-539.7333333333333,-83.2
257,59.733333333333334,-539.7333333333333,-85.33333333333333
258,66.13333333333333,-539.7333333333333,-74.66666666666667
259,66.13333333333333,-537.6,-81.06666666666666
260,61.86666666666667,-537.6,-87.46666666666667
261,64.0,-539.7333333333333,-83.2
262,59.733333333333334,-533.3333333333334,-78.93333333333334
263,61.86666666666667,-537.6,-85.33333333333333
264,59.733333333333334,-539.7333333333333,-78.93333333333334
265,53.333333333333336,-541.8666666666667,-74.66666666666667
266,55.46666666666667,-541.8666666666667,-78.93333333333334
267,55.46666666666667,-535.4666666666667,-85.33333333333333
268,51.2,-537.6,-78.93333333333334
269,57.6,-541.8666666666667,-81.06666666666666
270,61.86666666666667,-541.8666666666667,-76.8
271,70.4,-537.6,-78.93333333333334
272,66.13333333333333,-537.6,-85.33333333333333
273,66.13333333333333,-535.4666666666667,-74.66666666666667
274,70.4,-539.7333333333333,-76.8
275,64.0,-535.4666666666667,-83.2
276,66.13333333333333,-531.2,-85.33333333333333
277,70.4,-531.2,-81.06666666666666
278,78.93333333333334,-537.6,-83.2
279,78.93333333333334,-531.2,-78.93333333333334
280,81.06666666666666,-535.4666666666667,-78.93333333333334
281,76.8,-537.6,-78.93333333333334
282,78.93333333333334,-535.4666666666667,-76.8
283,76.8,-531.2,-83.2
284,70.4,-541.8666666666667,-81.06666666666666
285,70.4,-535.4666666666667,-78.93333333333334
286,55.46666666666667,-535.4666666666667,-78.93333333333334
287,53.333333333333336,-533.3333333333334,-78.93333333333334
288,51.2,-537.6,-72.53333333333333
289,46.93333333333333,-541.8666666666667,-76.8
290,53.333333333333336,-541.8666666666667,-78.93333333333334
291,49.06666666666666,-541.8666666666667,-78.93333333333334
292,51.2,-541.8666666666667,-76.8
293,55.46666666666667,-548.2666666666667,-74.66666666666667
294,55.46666666666667,-544.0,-74.66666666666667
295,53.333333333333336,-537.6,-68.26666666666667
296,59.733333333333334,-546.1333333333333,-72.53333333333333
297,59.733333333333334,-541.8666666666667,-76.8
298,59.733333333333334,-544.0,-74.66666666666667
299,68.26666666666667,-541.8666666666667,-83.2
300,68.26666666666667,-537.6,-72.53333333333333
301,72.53333333333333,-544.0,-81.06666666666666
302,66.13333333333333,-537.6,-78.93333333333334
303,70.4,-541.8666666666667,-66.13333333333333
304,66.13333333333333,-537.6,-76.8
305,59.733333333333334,-533.3333333333334,-76.8
306,70.4,-539.7333333333333,-81.06666666666666
307,64.0,-531.2,-70.4
308,74.66666666666667,-541.8666666666667,-78.93333333333334
309,68.26666666666667,-541.8666666666667,-78.93333333333334
310,68.26666666666667,-541.8666666666667,-72.53333333333333
311,68.26666666666667,-544.0,-85.33333333333333
312,72.53333333333333,-541.8666666666667,-74.66666666666667
313,74.66666666666667,-544.0,-76.8
314,70.4,-541.8666666666667,-66.13333333333333
315,66.13333333333333,-537.6,-64.0
316,66.13333333333333,-546.1333333333333,-72.53333333333333
317,66.13333333333333,-539.7333333333333,-70.4
318,64.0,-537.6,-76.8
319,64.0,-541.8666666666667,-72.53333333333333
320,55.46666666666667,-535.4666666666667,-70.4
321,59.733333333333334,-541.8666666666667,-74.66666666666667
322,57.6,-541.8666666666667,-78.93333333333334
323,55.46666666666667,-537.6,-72.53333333333333
324,59.733333333333334,-537.6,-76.8
325,59.733333333333334,-544.0,-76.8
326,55.46666666666667,-537.6,-76.8
327,53.333333333333336,-539.7333333333333,-74.66666666666667
328,57.6,-544.0,-81.06666666666666
329,57.6,-535.4666666666667,-83.2
330,55.46666666666667,-539.7333333333333,-66.13333333333333
331,53.333333333333336,-514.1333333333333,-85.33333333333333
332,57.6,-526.9333333333333,-68.26666666666667
333,59.733333333333334,-546.1333333333333,-78.93333333333334
334,51.2,-541.8666666666667,-74.66666666666667
335,53.333333333333336,-537.6,-76.8
336,46.93333333333333,-535.4666666666667,-70.4
337,53.333333333333336,-541.8666666666667,-76.8
338,55.46666666666667,-546.1333333333333,-81.06666666666666
339,53.333333333333336,-541.8666666666667,-72.53333333333333
340,49.06666666666666,-539.7333333333333,-76.8
341,51.2,-539.7333333333333,-72.53333333333333
342,55.46666666666667,-541.8666666666667,-66.13333333333333
343,53.333333333333336,-537.6,-78.93333333333334
344,59.733333333333334,-546.1333333333333,-76.8
345,55.46666666666667,-544.0,-72.53333333333333
346,59.733333333333334,-539.7333333333333,-76.8
347,53.333333333333336,-535.4666666666667,-74.66666666666667
348,59.733333333333334,-539.7333333333333,-70.4
349,55.46666666666667,-537.6,-76.8
350,53.333333333333336,-537.6,-76.8
351,61.86666666666667,-546.1333333333333,-70.4
352,53.333333333333336,-544.0,-72.53333333333333
353,61.86666666666667,-541.8666666666667,-81.06666666666666
354,55.46666666666667,-539.7333333333333,-76.8
355,57.6,-544.0,-78.93333333333334
356,61.86666666666667,-541.8666666666667,-74.66666666666667
357,59.733333333333334,-539.7333333333333,-68.26666666666667
358,59.733333333333334,-544.0,-68.26666666666667
359,57.6,-539.7333333333333,-81.06666666666666
360,57.6,-539.7333333333333,-70.4
361,55.46666666666667,-541.8666666666667,-76.8
362,53.333333333333336,-541.8666666666667,-74.66666666666667
363,66.13333333333333,-541.8666666666667,-70.4
364,61.86666666666667,-537.6,-72.53333333333333
365,59.733333333333334,-539.7333333333333,-70.4
366,57.6,-544.0,-64.0
367,61.86666666666667,-546.1333333333333,-70.4
368,55.46666666666667,-535.4666666666667,-74.66666666666667
369,66.13333333333333,-544.0,-70.4
370,53.333333333333336,-539.7333333333333,-61.86666666666667
371,59.733333333333334,-533.3333333333334,-64.0
372,53.333333333333336,-546.1333333333333,-78.93333333333334
373,57.6,-537.6,-72.53333333333333
374,53.333333333333336,-535.4666666666667,-66.13333333333333
375,55.46666666666667,-541.8666666666667,-74.66666666666667
376,57.6,-541.8666666666667,-74.66666666666667
377,64.0,-539.7333333333333,-66.13333333333333
378,61.86666666666667,-537.6,-68.26666666666667
379,59.733333333333334,-537.6,-74.66666666666667
380,61.86666666666667,-537.6,-76.8
381,57.6,-539.7333333333333,-74.66666666666667
382,61.86666666666667,-541.8666666666667,-76.8
383,57.6,-535.4666666666667,-66.13333333333333
384,66.13333333333333,-539.7333333333333,-72.53333333333333
385,61.86666666666667,-537.6,-70.4
386,59.733333333333334,-541.8666666666667,-68.26666666666667
387,61.86666666666667,-544.0,-76.8
388,59.733333333333334,-539.7333333333333,-61.86666666666667
389,64.0,-537.6,-68.26666666666667
390,59.733333333333334,-539.7333333333333,-74.66666666666667
391,66.13333333333333,-537.6,-59.733333333333334
392,59.733333333333334,-531.2,-70.4
393,66.13333333333333,-541.8666666666667,-64.0
394,64.0,-537.6,-66.13333333333333
395,57.6,-539.7333333333333,-72.53333333333333
396,61.86666666666667,-531.2,-70.4
397,57.6,-544.0,-68.26666666666667
398,53.333333333333336,-537.6,-70.4
399,59.733333333333334,-539.7333333333333,-70.4
400,57.6,-539.7333333333333,-81.06666666666666
401,59.733333333333334,-537.6,-72.53333333333333
402,55.46666666666667,-539.7333333333333,-64.0
403,57.6,-541.8666666666667,-70.4
404,59.733333333333334,-544.0,-59.733333333333334
405,57.6,-541.8666666666667,-61.86666666666667
406,59.733333333333334,-535.4666666666667,-72.53333333333333
407,53.333333333333336,-541.8666666666667,-64.0
408,61.86666666666667,-537.6,-70.4
409,61.86666666666667,-544.0,-64.0
410,70.4,-539.7333333333333,-74.66666666666667
411,59.733333333333334,-541.8666666666667,-70.4
412,59.733333333333334,-535.4666666666667,-68.26666666666667
413,57.6,-537.6,-61.86666666666667
414,61.86666666666667,-537.6,-68.26666666666667
415,57.6,-541.8666666666667,-70.4
416,57.6,-535.4666666666667,-72.53333333333333
417,55.46666666666667,-537.6,-68.26666666666667
418,66.13333333333333,-537.6,-66.13333333333333
419,64.0,-541.8666666666667,-66.13333333333333
420,55.46666666666667,-535.4666666666667,-74.66666666666667
421,59.733333333333334,-541.8666666666667,-68.26666666666667
422,57.6,-539.7333333333333,-70.4
423,55.46666666666667,-539.7333333333333,-72.53333333333333
424,59.733333333333334,-546.1333333333333,-57.6
425,53.333333333333336,-548.2666666666667,-70.4
426,61.86666666666667,-548.2666666666667,-74.66666666666667
427,61.86666666666667,-544.0,-70.4
428,57.6,-539.7333333333333,-57.6
429,57.6,-541.8666666666667,-66.13333333333333
430,57.6,-539.7333333333333,-70.4
431,61.86666666666667,-539.7333333333333,-64.0
432,64.0,-539.7333333333333,-66.13333333333333
433,61.86666666666667,-539.7333333333333,-59.733333333333334
434,61.86666666666667,-541.8666666666667,-66.13333333333333
435,61.86666666666667,-541.8666666666667,-72.53333333333333
436,61.86666666666667,-539.7333333333333,-66.13333333333333
437,61.86666666666667,-539.7333333333333,-68.26666666666667
438,61.86666666666667,-541.8666666666667,-68.26666666666667
439,53.333333333333336,-539.7333333333333,-59.733333333333334
440,53.333333333333336,-539.7333333333333,-70.4
441,57.6,-541.8666666666667,-70.4
442,59.733333333333334,-539.7333333333333,-61.86666666666667
443,55.46666666666667,-539.7333333333333,-68.26666666666667
444,57.6,-539.7333333333333,-59.733333333333334
445,57.6,-539.7333333333333,-70.4
446,46.93333333333333,-541.8666666666667,-70.4
447,57.6,-541.8666666666667,-70.4
448,57.6,-544.0,-57.6
449,53.333333333333336,-541.8666666666667,-68.26666666666667
450,59.733333333333334,-541.8666666666667,-70.4
451,55.46666666666667,-544.0,-66.13333333333333
452,57.6,-544.0,-66.13333333333333
453,57.6,-544.0,-68.26666666666667
454,51.2,-548.2666666666667,-72.53333333333333
455,59.733333333333334,-541.8666666666667,-61.86666666666667
456,57.6,-539.7333333333333,-66.13333333333333
457,64.0,-544.0,-68.26666666666667
458,55.46666666666667,-544.0,-66.13333333333333
459,55.46666666666667,-537.6,-68.26666666666667
460,55.46666666666667,-544.0,-72.53333333333333
461,59.733333333333334,-537.6,-57.6
462,64.0,-544.0,-64.0
463,46.93333333333333,-537.6,-66.13333333333333
464,59.733333333333334,-537.6,-66.13333333333333
465,51.2,-537.6,-64.0
466,53.333333333333336,-535.4666666666667,-57.6
467,59.733333333333334,-539.7333333333333,-66.13333333333333
468,57.6,-539.7333333333333,-64.0
469,57.6,-546.1333333333333,-68.26666666666667
470,55.46666666666667,-539.7333333333333,-64.0
471,57.6,-548.2666666666667,-66.13333333333333
472,51.2,-539.7333333333333,-70.4
473,57.6,-539.7333333333333,-61.86666666666667
474,57.6,-539.7333333333333,-68.26666666666667
475,59.733333333333334,-544.0,-68.26666666666667
476,57.6,-539.7333333333333,-59.733333333333334
477,61.86666666666667,-544.0,-57.6
478,61.86666666666667,-541.8666666666667,-72.53333333333333
479,57.6,-539.7333333333333,-64.0
480,59.733333333333334,-537.6,-61.86666666666667
481,66.13333333333333,-539.7333333333333,-59.733333333333334
482,66.13333333333333,-539.7333333333333,-68.26666666666667
483,59.733333333333334,-539.7333333333333,-61.86666666666667
484,53.333333333333336,-539.7333333333333,-66.13333333333333
485,61.86666666666667,-535.4666666666667,-61.86666666666667
486,55.46666666666667,-541.8666666666667,-61.86666666666667
487,59.733333333333334,-539.7333333333333,-74.66666666666667
488,55.46666666666667,-537.6,-66.13333333333333
489,59.733333333333334,-541.8666666666667,-59.733333333333334
490,51.2,-537.6,-64.0
491,53.333333333333336,-537.6,-66.13333333333333
492,55.46666666666667,-537.6,-68.26666666666667
493,57.6,-546.1333333333333,-66.13333333333333
494,57.6,-535.4666666666667,-74.66666666666667
495,53.333333333333336,-539.7333333333333,-66.13333333333333
496,61.86666666666667,-544.0,-72.53333333333333
497,64.0,-539.7333333333333,-68.26666666666667
498,61.86666666666667,-539.7333333333333,-70.4
499,64.0,-533.3333333333334,-66.13333333333333
500,53.333333333333336,-541.8666666666667,-66.13333333333333
501,55.46666666666667,-541.8666666666667,-61.86666666666667
502,57.6,-548.2666666666667,-68.26666666666667
503,59.733333333333334,-548.2666666666667,-61.86666666666667
504,55.46666666666667,-535.4666666666667,-61.86666666666667
505,61.86666666666667,-539.7333333333333,-72.53333333333333
506,57.6,-544.0,-64.0
507,55.46666666666667,-546.1333333333333,-64.0
508,61.86666666666667,-544.0,-66.13333333333333
509,57.6,-546.1333333333333,-59.733333333333334
510,55.46666666666667,-539.7333333333333,-61.86666666666667
511,55.46666666666667,-544.0,-70.4
512,49.06666666666666,-539.7333333333333,-66.13333333333333
513,51.2,-539.7333333333333,-70.4
514,59.733333333333334,-544.0,-70.4
515,57.6,-537.6,-64.0
516,57.6,-544.0,-64.0
517,57.6,-537.6,-66.13333333333333
518,61.86666666666667,-539.7333333333333,-61.86666666666667
519,68.26666666666667,-544.0,-64.0
520,59.733333333333334,-546.1333333333333,-59.733333333333334
521,61.86666666666667,-539.7333333333333,-61.86666666666667
522,64.0,-544.0,-66.13333333333333
523,66.13333333333333,-541.8666666666667,-64.0
524,59.733333333333334,-544.0,-64.0
525,61.86666666666667,-544.0,-59.733333333333334
526,61.86666666666667,-544.0,-70.4
527,59.733333333333334,-539.7333333333333,-61.86666666666667
528,57.6,-541.8666666666667,-57.6
529,59.733333333333334,-544.0,-61.86666666666667
530,61.86666666666667,-544.0,-61.86666666666667
531,55.46666666666667,-537.6,-64.0
532,57.6,-546.1333333333333,-55.46666666666667
533,57.6,-546.1333333333333,-68.26666666666667
534,55.46666666666667,-541.8666666666667,-70.4
535,55.46666666666667,-541.8666666666667,-64.0
536,57.6,-537.6,-68.26666666666667
537,55.46666666666667,-537.6,-51.2
538,61.86666666666667,-541.8666666666667,-61.86666666666667
539,59.733333333333334,-537.6,-61.86666666666667
540,61.86666666666667,-544.0,-61.86666666666667
541,66.13333333333333,-539.7333333333333,-61.86666666666667
542,61.86666666666667,-541.8666666666667,-55.46666666666667
543,57.6,-546.1333333333333,-59.733333333333334
544,59.733333333333334,-537.6,-61.86666666666667
545,59.733333333333334,-537.6,-59.733333333333334
546,64.0,-539.7333333333333,-64.0
547,57.6,-535.4666666666667,-66.13333333333333
548,57.6,-535.4666666666667,-57.6
549,59.733333333333334,-546.1333333333333,-61.86666666666667
550,68.26666666666667,-539.7333333333333,-64.0
551,70.4,-541.8666666666667,-57.6
552,61.86666666666667,-546.1333333333333,-57.6
553,59.733333333333334,-539.7333333333333,-59.733333333333334
554,59.733333333333334,-541.8666666666667,-59.733333333333334
555,57.6,-537.6,-57.6
556,57.6,-541.8666666666667,-61.86666666666667
557,57.6,-541.8666666666667,-55.46666666666667
558,59.733333333333334,-539.7333333333333,-53.333333333333336
559,59.733333333333334,-533.3333333333334,-57.6
560,66.13333333333333,-544.0,-61.86666666666667
561,59.733333333333334,-537.6,-59.733333333333334
562,57.6,-537.6,-46.93333333333333
563,66.13333333333333,-541.8666666666667,-64.0
564,59.733333333333334,-535.4666666666667,-57.6
565,55.46666666666667,-539.7333333333333,-59.733333333333334
566,57.6,-535.4666666666667,-59.733333333333334
567,59.733333333333334,-537.6,-61.86666666666667
568,59.733333333333334,-539.7333333333333,-55.46666666666667
569,53.333333333333336,-539.7333333333333,-55.46666666666667
570,59.733333333333334,-537.6,-59.733333333333334
571,61.86666666666667,-535.4666666666667,-61.86666666666667
572,57.6,-548.2666666666667,-55.46666666666667
573,55.46666666666667,-535.4666666666667,-55.46666666666667
574,59.733333333333334,-539.7333333333333,-57.6
575,55.46666666666667,-539.7333333333333,-53.333333333333336
576,61.86666666666667,-539.7333333333333,-61.86666666666667
577,61.86666666666667,-539.7333333333333,-55.46666666666667
578,51.2,-537.6,-53.333333333333336
579,57.6,-537.6,-59.733333333333334
580,59.733333333333334,-546.1333333333333,-64.0
581,61.86666666666667,-539.7333333333333,-57.6
582,61.86666666666667,-539.7333333333333,-61.86666666666667
583,57.6,-548.2666666666667,-57.6
584,64.0,-546.1333333333333,-64.0
585,61.86666666666667,-541.8666666666667,-64.0
586,61.86666666666667,-544.0,-55.46666666666667
587,64.0,-544.0,-59.733333333333334
588,59.733333333333334,-544.0,-61.86666666666667
589,64.0,-539.7333333333333,-51.2
590,61.86666666666667,-539.7333333333333,-59.733333333333334
591,59.733333333333334,-541.8666666666667,-53.333333333333336
592,61.86666666666667,-539.7333333333333,-53.333333333333336
593,57.6,-535.4666666666667,-64.0
594,59.733333333333334,-541.8666666666667,-57.6
595,64.0,-544.0,-61.86666666666667
596,59.733333333333334,-539.7333333333333,-51.2
597,55.46666666666667,-537.6,-55.46666666666667
598,55.46666666666667,-548.2666666666667,-66.13333333333333
599,53.333333333333336,-539.7333333333333,-61.86666666666667
600,64.0,-537.6,-66.13333333333333
601,57.6,-539.7333333333333,-55.46666666666667
602,55.46666666666667,-544.0,-49.06666666666666
603,53.333333333333336,-537.6,-57.6
604,53.333333333333336,-535.4666666666667,-66.13333333333333
605,46.93333333333333,-539.7333333333333,-68.26666666666667
606,53.333333333333336,-537.6,-55.46666666666667
607,53.333333333333336,-544.0,-64.0
608,55.46666666666667,-537.6,-55.46666666666667
609,55.46666666666667,-541.8666666666667,-53.333333333333336
610,61.86666666666667,-541.8666666666667,-61.86666666666667
611,68.26666666666667,-544.0,-61.86666666666667
612,59.733333333333334,-541.8666666666667,-49.06666666666666
613,61.86666666666667,-537.6,-61.86666666666667
614,64.0,-539.7333333333333,-57.6
615,57.6,-541.8666666666667,-64.0
616,59.733333333333334,-548.2666666666667,-55.46666666666667
617,57.6,-537.6,-55.46666666666667
618,59.733333333333334,-541.8666666666667,-53.333333333333336
619,59.733333333333334,-541.8666666666667,-53.333333333333336
620,64.0,-544.0,-57.6
621,57.6,-539.7333333333333,-64.0
622,57.6,-535.4666666666667,-59.733333333333334
623,61.86666666666667,-541.8666666666667,-61.86666666666667
624,64.0,-539.7333333333333,-57.6
625,61.86666666666667,-541.8666666666667,-61.86666666666667
626,55.46666666666667,-539.7333333333333,-59.733333333333334
627,61.86666666666667,-546.1333333333333,-49.06666666666666
628,53.333333333333336,-537.6,-59.733333333333334
629,57.6,-541.8666666666667,-64.0
630,59.733333333333334,-541.8666666666667,-64.0
631,53.333333333333336,-546.1333333333333,-57.6
632,51.2,-535.4666666666667,-57.6
633,53.333333333333336,-539.7333333333333,-61.86666666666667
634,64.0,-548.2666666666667,-61.86666666666667
635,57.6,-539.7333333333333,-61.86666666666667
636,59.733333333333334,-539.7333333333333,-53.333333333333336
637,55.46666666666667,-541.8666666666667,-55.46666666666667
638,55.46666666666667,-544.0,-55.46666666666667
639,64.0,-548.2666666666667,-61.86666666666667
640,57.6,-544.0,-68.26666666666667
641,59.733333333333334,-541.8666666666667,-61.86666666666667
642,59.733333333333334,-548.2666666666667,-57.6
643,59.733333333333334,-544.0,-59.733333333333334
644,64.0,-539.7333333333333,-66.13333333333333
645,57.6,-541.8666666666667,-61.86666666666667
646,64.0,-539.7333333333333,-64.0
647,57.6,-537.6,-66.13333333333333
648,53.333333333333336,-537.6,-59.733333333333334
649,55.46666666666667,-539.7333333333333,-53.333333333333336
650,51.2,-537.6,-55.46666666666667
651,51.2,-544.0,-55.46666666666667
652,53.333333333333336,-535.4666666666667,-61.86666666666667
653,46.93333333333333,-537.6,-55.46666666666667
654,61.86666666666667,-541.8666666666667,-64.0
655,51.2,-541.8666666666667,-64.0
656,61.86666666666667,-541.8666666666667,-55.46666666666667
657,51.2,-544.0,-51.2
658,57.6,-548.2666666666667,-61.86666666666667
659,51.2,-541.8666666666667,-57.6
660,53.333333333333336,-535.4666666666667,-57.6
661,57.6,-544.0,-57.6
662,61.86666666666667,-546.1333333333333,-64.0
663,59.733333333333334,-544.0,-59.733333333333334
664,57.6,-539.7333333333333,-59.733333333333334
665,57.6,-541.8666666666667,-64.0
666,55.46666666666667,-533.3333333333334,-57.6
667,57.6,-544.0,-55.46666666666667
668,53.333333333333336,-544.0,-68.26666666666667
669,57.6,-541.8666666666667,-64.0
670,55.46666666666667,-544.0,-57.6
671,57.6,-541.8666666666667,-55.46666666666667
672,61.86666666666667,-546.1333333333333,-57.6
673,53.333333333333336,-537.6,-61.86666666666667
674,53.333333333333336,-535.4666666666667,-59.733333333333334
675,55.46666666666667,-535.4666666666667,-57.6
676,49.06666666666666,-535.4666666666667,-66.13333333333333
677,57.6,-544.0,-66.13333333333333
678,51.2,-537.6,-61.86666666666667
679,55.46666666666667,-550.4,-59.733333333333334
680,53.333333333333336,-539.7333333333333,-61.86666666666667
681,55.46666666666667,-544.0,-64.0
682,55.46666666666667,-541.8666666666667,-66.13333333333333
683,51.2,-541.8666666666667,-64.0
684,51.2,-544.0,-53.333333333333336
685,55.46666666666667,-539.7333333333333,-61.86666666666667
686,55.46666666666667,-539.7333333333333,-70.4
687,55.46666666666667,-537.6,-64.0
688,51.2,-541.8666666666667,-57.6
689,53.333333333333336,-539.7333333333333,-64.0
690,53.333333333333336,-544.0,-66.13333333333333
691,53.333333333333336,-541.8666666666667,-64.0
692,53.333333333333336,-537.6,-66.13333333333333
693,59.733333333333334,-546.1333333333333,-66.13333333333333
694,51.2,-544.0,-66.13333333333333
695,59.733333333333334,-539.7333333333333,-61.86666666666667
696,55.46666666666667,-541.8666666666667,-55.46666666666667
697,53.333333333333336,-541.8666666666667,-57.6
698,49.06666666666666,-544.0,-66.13333333333333
699,55.46666666666667,-544.0,-68.26666666666667
700,55.46666666666667,-539.7333333333333,-68.26666666666667
701,51.2,-539.7333333333333,-68.26666666666667
702,51.2,-539.7333333333333,-57.6
703,51.2,-544.0,-64.0
704,53.333333333333336,-539.7333333333333,-68.26666666666667
705,55.46666666666667,-544.0,-61.86666666666667
706,51.2,-539.7333333333333,-64.0
707,53.333333333333336,-544.0,-59.733333333333334
708,59.733333333333334,-535.4666666666667,-68.26666666666667
709,55.46666666666667,-539.7333333333333,-66.13333333333333
710,55.46666666666667,-539.7333333333333,-61.86666666666667
711,49.06666666666666,-539.7333333333333,-72.53333333333333
712,46.93333333333333,-539.7333333333333,-70.4
713,53.333333333333336,-541.8666666666667,-68.26666666666667
714,55.46666666666667,-541.8666666666667,-66.13333333333333
715,57.6,-544.0,-76.8
716,53.333333333333336,-548.2666666666667,-68.26666666666667
717,53.333333333333336,-539.7333333333333,-66.13333333333333
718,57.6,-537.6,-61.86666666666667
719,57.6,-537.6,-66.13333333333333
720,49.06666666666666,-537.6,-61.86666666666667
721,53.333333333333336,-537.6,-68.26666666666667
722,53.333333333333336,-541.8666666666667,-61.86666666666667
723,55.46666666666667,-546.1333333333333,-66.13333333333333
724,53.333333333333336,-544.0,-66.13333333333333
725,55.46666666666667,-539.7333333333333,-74.66666666666667
726,53.333333333333336,-539.7333333333333,-74.66666666666667
727,57.6,-539.7333333333333,-66.13333333333333
728,55.46666666666667,-541.8666666666667,-57.6
729,57.6,-539.7333333333333,-57.6
730,59.733333333333334,-546.1333333333333,-64.0
731,53.333333333333336,-539.7333333333333,-68.26666666666667
732,51.2,-544.0,-74.66666666666667
733,53.333333333333336,-541.8666666666667,-55.46666666666667
734,53.333333333333336,-539.7333333333333,-61.86666666666667
735,55.46666666666667,-548.2666666666667,-68.26666666666667
736,55.46666666666667,-546.1333333333333,-66.13333333333333
737,57.6,-539.7333333333333,-68.26666666666667
738,53.333333333333336,-541.8666666666667,-66.13333333333333
739,46.93333333333333,-539.7333333333333,-61.86666666666667
740,51.2,-546.1333333333333,-66.13333333333333
741,51.2,-544.0,-68.26666666666667
742,55.46666666666667,-541.8666666666667,-57.6
743,57.6,-544.0,-70.4
744,57.6,-539.7333333333333,-61.86666666666667
745,51.2,-539.7333333333333,-64.0
746,55.46666666666667,-544.0,-64.0
747,53.333333333333336,-539.7333333333333,-72.53333333333333
748,57.6,-539.7333333333333,-72.53333333333333
749,57.6,-544.0,-59.733333333333334
750,51.2,-535.4666666666667,-64.0
751,53.333333333333336,-544.0,-70.4
752,53.333333333333336,-537.6,-59.733333333333334
753,51.2,-544.0,-64.0
754,53.333333333333336,-546.1333333333333,-59.733333333333334
755,53.333333333333336,-588.8,-57.6
756,55.46666666666667,-541.8666666666667,-68.26666666666667
757,42.666666666666664,-535.4666666666667,-40.53333333333333
758,66.13333333333333,-529.0666666666666,-93.86666666666666
759,44.8,-535.4666666666667,-51.2
760,40.53333333333333,-524.8,-74.66666666666667
761,57.6,-541.8666666666667,-64.0
762,53.333333333333336,-541.8666666666667,-57.6
763,49.06666666666666,-539.7333333333333,-70.4
764,46.93333333333333,-541.8666666666667,-70.4
765,51.2,-537.6,-68.26666666666667
766,53.333333333333336,-541.8666666666667,-70.4
767,55.46666666666667,-541.8666666666667,-57.6
768,46.93333333333333,-539.7333333333333,-68.26666666666667
769,55.46666666666667,-548.2666666666667,-64.0
770,53.333333333333336,-541.8666666666667,-61.86666666666667
771,57.6,-541.8666666666667,-64.0
772,57.6,-544.0,-55.46666666666667
773,51.2,-537.6,-61.86666666666667
774,53.333333333333336,-544.0,-64.0
775,53.333333333333336,-541.8666666666667,-64.0
776,53.333333333333336,-539.7333333333333,-68.26666666666667
777,55.46666666666667,-548.2666666666667,-64.0
778,46.93333333333333,-544.0,-66.13333333333333
779,55.46666666666667,-544.0,-76.8
780,51.2,-535.4666666666667,-64.0
781,55.46666666666667,-544.0,-72.53333333333333
782,55.46666666666667,-548.2666666666667,-64.0
783,53.333333333333336,-537.6,-64.0
784,46.93333333333333,-537.6,-59.733333333333334
785,64.0,-546.1333333333333,-74.66666666666667
786,57.6,-535.4666666666667,-68.26666666666667
787,59.733333333333334,-541.8666666666667,-66.13333333333333
788,57.6,-539.7333333333333,-64.0
789,55.46666666666667,-546.1333333333333,-70.4
790,57.6,-537.6,-76.8
791,49.06666666666666,-529.0666666666666,-68.26666666666667
792,57.6,-541.8666666666667,-61.86666666666667
793,57.6,-541.8666666666667,-59.733333333333334
794,49.06666666666666,-546.1333333333333,-66.13333333333333
795,59.733333333333334,-548.2666666666667,-59.733333333333334
796,53.333333333333336,-539.7333333333333,-61.86666666666667
797,53.333333333333336,-548.2666666666667,-61.86666666666667
798,49.06666666666666,-539.7333333333333,-64.0
799,51.2,-541.8666666666667,-66.13333333333333
800,49.06666666666666,-539.7333333333333,-64.0
801,53.333333333333336,-544.0,-64.0
802,46.93333333333333,-539.7333333333333,-61.86666666666667
803,49.06666666666666,-535.4666666666667,-59.733333333333334
804,51.2,-541.8666666666667,-68.26666666666667
805,55.46666666666667,-546.1333333333333,-66.13333333333333
806,53.333333333333336,-541.8666666666667,-59.733333333333334
807,51.2,-544.0,-64.0
808,46.93333333333333,-539.7333333333333,-55.46666666666667
809,51.2,-539.7333333333333,-64.0
810,51.2,-544.0,-64.0
811,53.333333333333336,-541.8666666666667,-76.8
812,44.8,-537.6,-61.86666666666667
813,49.06666666666666,-544.0,-66.13333333333333
814,46.93333333333333,-533.3333333333334,-61.86666666666667
815,46.93333333333333,-537.6,-57.6
816,46.93333333333333,-539.7333333333333,-64.0
817,51.2,-546.1333333333333,-68.26666666666667
818,49.06666666666666,-537.6,-66.13333333333333
819,51.2,-537.6,-61.86666666666667
820,49.06666666666666,-541.8666666666667,-64.0
821,49.06666666666666,-539.7333333333333,-68.26666666666667
822,44.8,-539.7333333333333,-61.86666666666667
823,44.8,-539.7333333333333,-74.66666666666667
824,42.666666666666664,-539.7333333333333,-59.733333333333334
825,42.666666666666664,-541.8666666666667,-72.53333333333333
826,42.666666666666664,-535.4666666666667,-74.66666666666667
827,42.666666666666664,-546.1333333333333,-70.4
828,42.666666666666664,-544.0,-59.733333333333334
829,40.53333333333333,-539.7333333333333,-64.0
830,46.93333333333333,-544.0,-64.0
831,42.666666666666664,-541.8666666666667,-70.4
832,44.8,-546.1333333333333,-66.13333333333333
833,42.666666666666664,-544.0,-64.0
834,44.8,-541.8666666666667,-68.26666666666667
835,51.2,-546.1333333333333,-70.4
836,51.2,-535.4666666666667,-76.8
837,51.2,-544.0,-64.0
838,44.8,-541.8666666666667,-64.0
839,51.2,-541.8666666666667,-64.0
840,55.46666666666667,-548.2666666666667,-66.13333333333333
841,53.333333333333336,-539.7333333333333,-55.46666666666667
842,51.2,-544.0,-64.0
843,53.333333333333336,-541.8666666666667,-57.6
844,51.2,-537.6,-68.26666666666667
845,53.333333333333336,-546.1333333333333,-66.13333333333333
846,53.333333333333336,-539.7333333333333,-55.46666666666667
847,57.6,-546.1333333333333,-64.0
848,51.2,-541.8666666666667,-61.86666666666667
849,57.6,-541.8666666666667,-59.733333333333334
850,57.6,-546.1333333333333,-59.733333333333334
851,55.46666666666667,-544.0,-51.2
852,51.2,-541.8666666666667,-59.733333333333334
853,51.2,-541.8666666666667,-61.86666666666667
854,57.6,-544.0,-66.13333333333333
855,46.93333333333333,-544.0,-59.733333333333334
856,55.46666666666667,-539.7333333333333,-53.333333333333336
857,55.46666666666667,-546.1333333333333,-57.6
858,51.2,-546.1333333333333,-55.46666666666667
859,44.8,-535.4666666666667,-66.13333333333333
860,53.333333333333336,-539.7333333333333,-57.6
861,51.2,-539.7333333333333,-59.733333333333334
862,49.06666666666666,-548.2666666666667,-55.46666666666667
863,51.2,-537.6,-68.26666666666667
864,44.8,-548.2666666666667,-61.86666666666667
865,46.93333333333333,-539.7333333333333,-66.13333333333333
866,46.93333333333333,-541.8666666666667,-68.26666666666667
867,46.93333333333333,-539.7333333333333,-53.333333333333336
868,40.53333333333333,-541.8666666666667,-61.86666666666667
869,44.8,-546.1333333333333,-68.26666666666667
870,42.666666666666664,-537.6,-66.13333333333333
871,42.666666666666664,-539.7333333333333,-66.13333333333333
872,40.53333333333333,-544.0,-68.26666666666667
873,42.666666666666664,-541.8666666666667,-61.86666666666667
874,46.93333333333333,-548.2666666666667,-70.4
875,42.666666666666664,-546.1333333333333,-72.53333333333333
876,46.93333333333333,-546.1333333333333,-59.733333333333334
877,44.8,-546.1333333333333,-68.26666666666667
878,44.8,-546.1333333333333,-72.53333333333333
879,38.4,-539.7333333333333,-72.53333333333333
880,40.53333333333333,-539.7333333333333,-66.13333333333333
881,44.8,-541.8666666666667,-66.13333333333333
882,46.93333333333333,-544.0,-70.4
883,44.8,-546.1333333333333,-74.66666666666667
884,42.666666666666664,-537.6,-70.4
885,40.53333333333333,-544.0,-70.4
886,46.93333333333333,-537.6,-68.26666666666667
887,51.2,-541.8666666666667,-66.13333333333333
888,46.93333333333333,-537.6,-66.13333333333333
889,46.93333333333333,-539.7333333333333,-74.66666666666667
890,49.06666666666666,-541.8666666666667,-70.4
891,46.93333333333333,-541.8666666666667,-61.86666666666667
892,44.8,-539.7333333333333,-66.13333333333333
893,49.06666666666666,-539.7333333333333,-76.8
894,46.93333333333333,-544.0,-70.4
895,44.8,-544.0,-64.0
896,44.8,-544.0,-68.26666666666667
897,46.93333333333333,-539.7333333333333,-61.86666666666667
898,46.93333333333333,-541.8666666666667,-68.26666666666667
899,44.8,-539.7333333333333,-70.4
900,44.8,-535.4666666666667,-68.26666666666667
901,49.06666666666666,-541.8666666666667,-66.13333333333333
902,36.266666666666666,-541.8666666666667,-66.13333333333333
903,38.4,-535.4666666666667,-66.13333333333333
904,46.93333333333333,-544.0,-64.0
905,38.4,-537.6,-64.0
906,51.2,-544.0,-66.13333333333333
907,49.06666666666666,-548.2666666666667,-66.13333333333333
908,46.93333333333333,-544.0,-68.26666666666667
909,49.06666666666666,-541.8666666666667,-68.26666666666667
910,42.666666666666664,-544.0,-64.0
911,40.53333333333333,-539.7333333333333,-64.0
912,42.666666666666664,-544.0,-64.0
913,44.8,-539.7333333333333,-64.0
914,42.666666666666664,-544.0,-61.86666666666667
915,38.4,-539.7333333333333,-64.0
916,34.13333333333333,-546.1333333333333,-64.0
917,32.0,-541.8666666666667,-72.53333333333333
918,23.466666666666665,-546.1333333333333,-61.86666666666667
919,32.0,-544.0,-68.26666666666667
920,25.6,-544.0,-74.66666666666667
921,21.333333333333332,-539.7333333333333,-57.6
922,21.333333333333332,-546.1333333333333,-72.53333333333333
923,25.6,-546.1333333333333,-70.4
924,25.6,-546.1333333333333,-64.0
925,23.466666666666665,-541.8666666666667,-64.0
926,21.333333333333332,-544.0,-57.6
927,32.0,-548.2666666666667,-64.0
928,32.0,-550.4,-66.13333333333333
929,25.6,-548.2666666666667,-76.8
930,40.53333333333333,-539.7333333333333,-66.13333333333333
931,32.0,-539.7333333333333,-61.86666666666667
932,34.13333333333333,-541.8666666666667,-72.53333333333333
933,36.266666666666666,-539.7333333333333,-81.06666666666666
934,36.266666666666666,-544.0,-74.66666666666667
935,34.13333333333333,-537.6,-68.26666666666667
936,34.13333333333333,-539.7333333333333,-72.53333333333333
937,36.266666666666666,-535.4666666666667,-70.4
938,36.266666666666666,-539.7333333333333,-72.53333333333333
939,29.866666666666667,-537.6,-74.66666666666667
940,29.866666666666667,-539.7333333333333,-66.13333333333333
941,25.6,-539.7333333333333,-74.66666666666667
942,32.0,-544.0,-76.8
943,29.866666666666667,-539.7333333333333,-72.53333333333333
944,23.466666666666665,-537.6,-72.53333333333333
945,25.6,-537.6,-72.53333333333333
946,23.466666666666665,-546.1333333333333,-68.26666666666667
947,27.733333333333334,-535.4666666666667,-81.06666666666666
948,21.333333333333332,-541.8666666666667,-78.93333333333334
949,19.2,-535.4666666666667,-76.8
950,29.866666666666667,-548.2666666666667,-66.13333333333333
951,21.333333333333332,-544.0,-74.66666666666667
952,23.466666666666665,-537.6,-70.4
953,12.8,-537.6,-68.26666666666667
954,19.2,-537.6,-64.0
955,19.2,-533.3333333333334,-72.53333333333333
956,25.6,-544.0,-68.26666666666667
957,19.2,-539.7333333333333,-78.93333333333334
958,19.2,-539.7333333333333,-70.4
959,2.1333333333333333,-537.6,-74.66666666666667
960,17.066666666666666,-546.1333333333333,-68.26666666666667
961,4.266666666666667,-537.6,-81.06666666666666
962,17.066666666666666,-544.0,-74.66666666666667
963,12.8,-535.4666666666667,-76.8
964,17.066666666666666,-539.7333333333333,-74.66666666666667
965,23.466666666666665,-539.7333333333333,-72.53333333333333
966,12.8,-537.6,-81.06666666666666
967,14.933333333333334,-539.7333333333333,-81.06666666666666
968,6.4,-541.8666666666667,-76.8
969,14.933333333333334,-535.4666666666667,-83.2
970,21.333333333333332,-535.4666666666667,-66.13333333333333
971,23.466666666666665,-535.4666666666667,-76.8
972,19.2,-535.4666666666667,-70.4
973,17.066666666666666,-544.0,-81.06666666666666
974,19.2,-541.8666666666667,-70.4
975,10.666666666666666,-548.2666666666667,-64.0
976,14.933333333333334,-544.0,-74.66666666666667
977,19.2,-541.8666666666667,-72.53333333333333
978,17.066666666666666,-539.7333333333333,-76.8
979,10.666666666666666,-541.8666666666667,-72.53333333333333
980,6.4,-535.4666666666667,-89.6
981,4.266666666666667,-537.6,-81.06666666666666
982,4.266666666666667,-526.9333333333333,-76.8
983,25.6,-533.3333333333334,-89.6
984,10.666666666666666,-529.0666666666666,-85.33333333333333
985,2.1333333333333333,-537.6,-89.6
986,17.066666666666666,-535.4666666666667,-87.46666666666667
987,8.533333333333333,-533.3333333333334,-83.2
988,12.8,-533.3333333333334,-83.2
989,6.4,-541.8666666666667,-87.46666666666667
990,27.733333333333334,-539.7333333333333,-85.33333333333333
991,2.1333333333333333,-537.6,-83.2
992,19.2,-539.7333333333333,-91.73333333333333
993,19.2,-535.4666666666667,-83.2
994,4.266666666666667,-546.1333333333333,-81.06666666666666
995,8.533333333333333,-544.0,-83.2
996,10.666666666666666,-541.8666666666667,-87.46666666666667
997,10.666666666666666,-546.1333333333333,-85.33333333333333
998,21.333333333333332,-548.2666666666667,-87.46666666666667
999,6.4,-541.8666666666667,-81.06666666666666
1000,4.266666666666667,-544.0,-87.46666666666667
1001,2.1333333333333333,-541.8666666666667,-78.93333333333334
1002,-2.1333333333333333,-535.4666666666667,-87.46666666666667
1003,0.0,-533.3333333333334,-81.06666666666666
1004,-8.533333333333333,-535.4666666666667,-85.33333333333333
1005,0.0,-529.0666666666666,-78.93333333333334
1006,-14.933333333333334,-529.0666666666666,-74.66666666666667
1007,-14.933333333333334,-531.2,-87.46666666666667
1008,-17.066666666666666,-529.0666666666666,-78.93333333333334
1009,-29.866666666666667,-524.8,-76.8
1010,-25.6,-524.8,-85.33333333333333
1011,-23.466666666666665,-518.4,-81.06666666666666
1012,-25.6,-514.1333333333333,-78.93333333333334
1013,-25.6,-520.5333333333333,-81.06666666666666
1014,-36.266666666666666,-514.1333333333333,-83.2
1015,-21.333333333333332,-520.5333333333333,-81.06666666666666
1016,-40.53333333333333,-520.5333333333333,-85.33333333333333
1017,-51.2,-516.2666666666667,-81.06666666666666
1018,-53.333333333333336,-512.0,-78.93333333333334
1019,-40.53333333333333,-518.4,-85.33333333333333
1020,-51.2,-516.2666666666667,-81.06666666666666
1021,-49.06666666666666,-512.0,-89.6
1022,-53.333333333333336,-522.6666666666666,-87.46666666666667
1023,-44.8,-507.73333333333335,-91.73333333333333
1024,-44.8,-516.2666666666667,-87.46666666666667
1025,-40.53333333333333,-518.4,-89.6
1026,-36.266666666666666,-514.1333333333333,-89.6
1027,-53.333333333333336,-505.59999999999997,-87.46666666666667
1028,-46.93333333333333,-514.1333333333333,-83.2
1029,-59.733333333333334,-509.8666666666667,-83.2
1030,-68.26666666666667,-503.46666666666664,-91.73333333333333
1031,-68.26666666666667,-503.46666666666664,-89.6
1032,-85.33333333333333,-494.93333333333334,-91.73333333333333
1033,-87.46666666666667,-494.93333333333334,-96.0
1034,-104.53333333333333,-490.6666666666667,-96.0
1035,-91.73333333333333,-484.26666666666665,-102.4
1036,-181.33333333333334,-588.8,-149.33333333333334
1037,-46.93333333333333,-484.26666666666665,-83.2
1038,-85.33333333333333,-473.59999999999997,-110.93333333333334
1039,-76.8,-484.26666666666665,-102.4
1040,-83.2,-469.3333333333333,-102.4
1041,-93.86666666666666,-471.46666666666664,-110.93333333333334
1042,-98.13333333333333,-469.3333333333333,-100.26666666666667
1043,-96.0,-460.8,-98.13333333333333
1044,-110.93333333333334,-452.26666666666665,-104.53333333333333
1045,-110.93333333333334,-445.8666666666667,-91.73333333333333
1046,-100.26666666666667,-445.8666666666667,-89.6
1047,-113.06666666666666,-430.93333333333334,-91.73333333333333
1048,-115.2,-426.6666666666667,-93.86666666666666
1049,-102.4,-420.26666666666665,-91.73333333333333
1050,-106.66666666666667,-413.8666666666667,-87.46666666666667
1051,-108.8,-409.6,-93.86666666666666
1052,-104.53333333333333,-398.93333333333334,-87.46666666666667
1053,-102.4,-398.93333333333334,-72.53333333333333
1054,-102.4,-381.8666666666667,-76.8
1055,-104.53333333333333,-371.2,-87.46666666666667
1056,-93.86666666666666,-354.1333333333333,-78.93333333333334
1057,-85.33333333333333,-354.1333333333333,-91.73333333333333
1058,-89.6,-345.6,-93.86666666666666
1059,-100.26666666666667,-343.46666666666664,-93.86666666666666
1060,-110.93333333333334,-343.46666666666664,-76.8
1061,-119.46666666666667,-328.5333333333333,-85.33333333333333
1062,-134.4,-324.26666666666665,-78.93333333333334
1063,-157.86666666666667,-309.3333333333333,-76.8
1064,-160.0,-290.1333333333333,-70.4
1065,-164.26666666666665,-275.2,-70.4
1066,-166.4,-262.4,-70.4
1067,-172.8,-243.2,-78.93333333333334
1068,-183.46666666666667,-226.13333333333333,-83.2
1069,-206.93333333333334,-202.66666666666666,-96.0
1070,-228.26666666666665,-194.13333333333333,-106.66666666666667
1071,-256.0,-179.2,-113.06666666666666
1072,-277.3333333333333,-181.33333333333334,-113.06666666666666
1073,-305.06666666666666,-172.8,-117.33333333333333
1074,-322.1333333333333,-168.53333333333333,-117.33333333333333
1075,-364.8,-174.93333333333334,-125.86666666666666
1076,-396.8,-194.13333333333333,-128.0
1077,-401.06666666666666,-221.86666666666667,-125.86666666666666
1078,-392.5333333333333,-253.86666666666667,-113.06666666666666
1079,-386.1333333333333,-273.06666666666666,-96.0
1080,-373.3333333333333,-277.3333333333333,-89.6
1081,-369.06666666666666,-294.4,-104.53333333333333
1082,-328.5333333333333,-302.93333333333334,-102.4
1083,-296.5333333333333,-307.2,-89.6
1084,-290.1333333333333,-324.26666666666665,-93.86666666666666
1085,-268.8,-324.26666666666665,-96.0
1086,-236.79999999999998,-311.46666666666664,-115.2
1087,-219.73333333333332,-292.26666666666665,-119.46666666666667
1088,-204.8,-279.46666666666664,-125.86666666666666
1089,-185.6,-275.2,-104.53333333333333
1090,-187.73333333333332,-311.46666666666664,-64.0
1091,-189.86666666666667,-345.6,-55.46666666666667
1092,-217.6,-377.6,-51.2
1093,-256.0,-373.3333333333333,-51.2
1094,-270.93333333333334,-352.0,-81.06666666666666
1095,-290.1333333333333,-324.26666666666665,-93.86666666666666
1096,-298.6666666666667,-288.0,-110.93333333333334
1097,-305.06666666666666,-249.6,-119.46666666666667
1098,-294.4,-198.4,-155.73333333333332
1099,-268.8,-168.53333333333333,-168.53333333333333
1100,-230.4,-142.93333333333334,-157.86666666666667
1101,-187.73333333333332,-108.8,-149.33333333333334
1102,-136.53333333333333,-87.46666666666667,-136.53333333333333
1103,-83.2,-57.6,-136.53333333333333
1104,-44.8,-27.733333333333334,-113.06666666666666
1105,-10.666666666666666,-8.533333333333333,-121.6
1106,4.266666666666667,-2.1333333333333333,-117.33333333333333
1107,19.2,-6.4,-108.8
1108,17.066666666666666,-14.933333333333334,-104.53333333333333
1109,-10.666666666666666,-44.8,-81.06666666666666
1110,-17.066666666666666,-91.73333333333333,-34.13333333333333
1111,-46.93333333333333,-132.26666666666665,-40.53333333333333
1112,-125.86666666666666,-162.13333333333333,-25.6
1113,-166.4,-192.0,-4.266666666666667
1114,-217.6,-219.73333333333332,12.8
1115,-281.6,-232.53333333333333,-12.8
1116,-300.8,-234.66666666666666,-40.53333333333333
1117,-341.3333333333333,-221.86666666666667,-78.93333333333334
1118,-369.06666666666666,-198.4,-115.2
1119,-405.3333333333333,-151.46666666666667,-168.53333333333333
1120,-396.8,-130.13333333333333,-241.06666666666666
1121,-411.73333333333335,-113.06666666666666,-275.2
1122,-345.6,-113.06666666666666,-322.1333333333333
1123,-294.4,-117.33333333333333,-360.5333333333333
1124,-296.5333333333333,-151.46666666666667,-392.5333333333333
1125,-196.26666666666665,-268.8,-369.06666666666666
1126,-364.8,-426.6666666666667,-241.06666666666666
1127,-379.73333333333335,-505.59999999999997,-153.6
1128,-260.26666666666665,-550.4,-23.466666666666665
1129,-157.86666666666667,-460.8,42.666666666666664
1130,-196.26666666666665,-347.73333333333335,44.8
1131,-473.59999999999997,-166.4,36.266666666666666
1132,-347.73333333333335,-91.73333333333333,-21.333333333333332
1133,-595.2,-72.53333333333333,12.8
1134,-1137.0666666666666,-147.2,23.466666666666665
1135,-1655.4666666666667,-142.93333333333334,-55.46666666666667
1136,-2310.4,-168.53333333333333,66.13333333333333
1137,-2643.2,-236.79999999999998,196.26666666666665
1138,-2909.866666666667,46.93333333333333,300.8
1139,-3178.6666666666665,413.8666666666667,270.93333333333334
1140,-3234.133333333333,625.0666666666666,44.8
1141,-3360.0,821.3333333333334,-121.6
1142,-3191.4666666666667,910.9333333333333,-296.5333333333333
1143,-2969.6,930.1333333333333,-467.2
1144,-2713.6,780.8,-465.06666666666666
1145,-2410.6666666666665,582.4,-324.26666666666665
1146,-2141.866666666667,388.26666666666665,-217.6
1147,-1770.6666666666667,241.06666666666666,-108.8
1148,-1337.6,104.53333333333333,2.1333333333333333
1149,-1096.5333333333333,-6.4,53.333333333333336
1150,-870.4,-104.53333333333333,181.33333333333334
1151,-588.8,-140.8,234.66666666666666
1152,-290.1333333333333,-206.93333333333334,226.13333333333333
1153,-211.2,-238.93333333333334,204.8
1154,-59.733333333333334,-260.26666666666665,128.0
1155,6.4,-234.66666666666666,55.46666666666667
1156,2.1333333333333333,-187.73333333333332,-8.533333333333333
1157,-21.333333333333332,-119.46666666666667,-76.8
1158,-160.0,-38.4,-110.93333333333334
1159,-170.66666666666666,83.2,-177.06666666666666
1160,-125.86666666666666,160.0,-204.8
1161,-149.33333333333334,238.93333333333334,-181.33333333333334
1162,-168.53333333333333,285.8666666666667,-128.0
1163,-224.0,300.8,-74.66666666666667
1164,-302.93333333333334,317.8666666666667,-21.333333333333332
1165,-411.73333333333335,315.73333333333335,55.46666666666667
1166,-477.8666666666667,305.06666666666666,85.33333333333333
1167,-516.2666666666667,279.46666666666664,115.2
1168,-497.06666666666666,253.86666666666667,100.26666666666667
1169,-507.73333333333335,219.73333333333332,102.4
1170,-503.46666666666664,177.06666666666666,85.33333333333333
1171,-503.46666666666664,149.33333333333334,83.2
1172,-503.46666666666664,125.86666666666666,72.53333333333333
1173,-512.0,106.66666666666667,76.8
1174,-531.2,87.46666666666667,76.8
1175,-537.6,70.4,78.93333333333334
1176,-535.4666666666667,42.666666666666664,89.6
1177,-535.4666666666667,21.333333333333332,85.33333333333333
1178,-516.2666666666667,-4.266666666666667,68.26666666666667
1179,-475.73333333333335,-23.466666666666665,53.333333333333336
1180,-418.1333333333333,-38.4,38.4
1181,-360.5333333333333,-32.0,38.4
1182,-307.2,-6.4,44.8
1183,-283.73333333333335,17.066666666666666,59.733333333333334
1184,-256.0,34.13333333333333,55.46666666666667
1185,-249.6,46.93333333333333,49.06666666666666
1186,-234.66666666666666,57.6,40.53333333333333
1187,-204.8,100.26666666666667,34.13333333333333
1188,-221.86666666666667,132.26666666666665,29.866666666666667
1189,-219.73333333333332,183.46666666666667,49.06666666666666
1190,-224.0,245.33333333333334,59.733333333333334
1191,-226.13333333333333,283.73333333333335,61.86666666666667
1192,-230.4,309.3333333333333,57.6
1193,-245.33333333333334,345.6,53.333333333333336
1194,-251.73333333333332,362.6666666666667,53.333333333333336
1195,-260.26666666666665,379.73333333333335,70.4
1196,-283.73333333333335,373.3333333333333,66.13333333333333
1197,-290.1333333333333,358.4,57.6
1198,-307.2,347.73333333333335,46.93333333333333
1199,-337.06666666666666,324.26666666666665,25.6
1200,-354.1333333333333,315.73333333333335,21.333333333333332
1201,-379.73333333333335,296.5333333333333,21.333333333333332
1202,-366.93333333333334,285.8666666666667,21.333333333333332
1203,-396.8,273.06666666666666,25.6
1204,-398.93333333333334,268.8,23.466666666666665
1205,-384.0,258.1333333333333,27.733333333333334
1206,-381.8666666666667,258.1333333333333,34.13333333333333
1207,-364.8,266.6666666666667,21.333333333333332
1208,-356.26666666666665,270.93333333333334,14.933333333333334
1209,-369.06666666666666,268.8,-14.933333333333334
1210,-369.06666666666666,264.5333333333333,-44.8
1211,-388.26666666666665,264.5333333333333,-93.86666666666666
1212,-388.26666666666665,270.93333333333334,-130.13333333333333
1213,-426.6666666666667,288.0,-155.73333333333332
1214,-437.3333333333333,354.1333333333333,-153.6
1215,-452.26666666666665,356.26666666666665,-160.0
1216,-471.46666666666664,326.4,-177.06666666666666
1217,-541.8666666666667,435.2,-140.8
1218,-558.9333333333333,454.4,-174.93333333333334
1219,-603.7333333333333,465.06666666666666,-153.6
1220,-633.6,465.06666666666666,-136.53333333333333
1221,-648.5333333333333,462.93333333333334,-125.86666666666666
1222,-693.3333333333334,475.73333333333335,-104.53333333333333
1223,-663.4666666666667,445.8666666666667,-104.53333333333333
1224,-620.8,403.2,-113.06666666666666
1225,-593.0666666666666,362.6666666666667,-121.6
1226,-576.0,337.06666666666666,-130.13333333333333
1227,-580.2666666666667,307.2,-147.2
1228,-578.1333333333333,279.46666666666664,-151.46666666666667
1229,-601.6,247.46666666666667,-155.73333333333332
1230,-633.6,200.53333333333333,-179.2
1231,-674.1333333333333,164.26666666666665,-211.2
1232,-725.3333333333334,142.93333333333334,-232.53333333333333
1233,-780.8,130.13333333333333,-247.46666666666667
1234,-825.6,121.6,-260.26666666666665
1235,-859.7333333333333,119.46666666666667,-264.5333333333333
1236,-872.5333333333333,125.86666666666666,-294.4
1237,-872.5333333333333,132.26666666666665,-315.73333333333335
1238,-859.7333333333333,140.8,-339.2
1239,-840.5333333333333,166.4,-360.5333333333333
1240,-812.8,170.66666666666666,-369.06666666666666
1241,-768.0,155.73333333333332,-377.6
1242,-727.4666666666667,134.4,-362.6666666666667
1243,-701.8666666666667,117.33333333333333,-354.1333333333333
1244,-669.8666666666667,100.26666666666667,-337.06666666666666
1245,-627.2,74.66666666666667,-320.0
1246,-580.2666666666667,57.6,-311.46666666666664
1247,-554.6666666666666,59.733333333333334,-298.6666666666667
1248,-518.4,49.06666666666666,-294.4
1249,-497.06666666666666,61.86666666666667,-279.46666666666664
1250,-486.4,64.0,-288.0
1251,-471.46666666666664,66.13333333333333,-288.0
1252,-471.46666666666664,64.0,-281.6
1253,-460.8,36.266666666666666,-285.8666666666667
1254,-456.5333333333333,21.333333333333332,-273.06666666666666
1255,-441.59999999999997,19.2,-266.6666666666667
1256,-448.0,12.8,-262.4
1257,-456.5333333333333,8.533333333333333,-268.8
1258,-454.4,6.4,-260.26666666666665
1259,-452.26666666666665,4.266666666666667,-258.1333333333333
1260,-456.5333333333333,12.8,-256.0
1261,-460.8,17.066666666666666,-249.6
1262,-467.2,19.2,-241.06666666666666
1263,-475.73333333333335,19.2,-243.2
1264,-480.0,19.2,-241.06666666666666
1265,-480.0,23.466666666666665,-226.13333333333333
1266,-475.73333333333335,32.0,-221.86666666666667
1267,-486.4,27.733333333333334,-217.6
1268,-484.26666666666665,38.4,-206.93333333333334
1269,-490.6666666666667,53.333333333333336,-196.26666666666665
1270,-486.4,51.2,-196.26666666666665
1271,-486.4,55.46666666666667,-194.13333333333333
1272,-486.4,59.733333333333334,-192.0
1273,-494.93333333333334,66.13333333333333,-192.0
1274,-503.46666666666664,76.8,-198.4
1275,-501.3333333333333,81.06666666666666,-181.33333333333334
1276,-505.59999999999997,96.0,-177.06666666666666
1277,-514.1333333333333,96.0,-179.2
1278,-509.8666666666667,106.66666666666667,-183.46666666666667
1279,-512.0,104.53333333333333,-187.73333333333332
1280,-520.5333333333333,110.93333333333334,-198.4
1281,-531.2,106.66666666666667,-198.4
1282,-535.4666666666667,100.26666666666667,-200.53333333333333
1283,-541.8666666666667,93.86666666666666,-204.8
1284,-556.8,91.73333333333333,-187.73333333333332
1285,-556.8,78.93333333333334,-202.66666666666666
1286,-558.9333333333333,81.06666666666666,-200.53333333333333
1287,-563.2,68.26666666666667,-206.93333333333334
1288,-569.6,61.86666666666667,-198.4
1289,-571.7333333333333,68.26666666666667,-185.6
1290,-571.7333333333333,68.26666666666667,-194.13333333333333
1291,-569.6,61.86666666666667,-192.0
1292,-571.7333333333333,55.46666666666667,-187.73333333333332
1293,-565.3333333333334,53.333333333333336,-185.6
1294,-565.3333333333334,53.333333333333336,-179.2
1295,-563.2,57.6,-185.6
1296,-561.0666666666666,42.666666666666664,-177.06666666666666
1297,-561.0666666666666,34.13333333333333,-177.06666666666666
1298,-550.4,36.266666666666666,-179.2
1299,-556.8,40.53333333333333,-179.2
1300,-544.0,38.4,-185.6
1301,-539.7333333333333,32.0,-170.66666666666666
1302,-535.4666666666667,34.13333333333333,-172.8
1303,-533.3333333333334,42.666666666666664,-168.53333333333333
1304,-524.8,46.93333333333333,-162.13333333333333
1305,-535.4666666666667,46.93333333333333,-164.26666666666665
1306,-526.9333333333333,53.333333333333336,-166.4
1307,-526.9333333333333,53.333333333333336,-155.73333333333332
1308,-526.9333333333333,59.733333333333334,-168.53333333333333
1309,-520.5333333333333,61.86666666666667,-160.0
1310,-520.5333333333333,68.26666666666667,-166.4
1311,-516.2666666666667,76.8,-162.13333333333333
1312,-514.1333333333333,81.06666666666666,-164.26666666666665
1313,-516.2666666666667,81.06666666666666,-162.13333333333333
1314,-514.1333333333333,91.73333333333333,-162.13333333333333
1315,-514.1333333333333,87.46666666666667,-172.8
1316,-512.0,89.6,-168.53333333333333
1317,-509.8666666666667,91.73333333333333,-160.0
1318,-509.8666666666667,102.4,-160.0
1319,-512.0,102.4,-168.53333333333333
1320,-516.2666666666667,104.53333333333333,-170.66666666666666
1321,-522.6666666666666,108.8,-170.66666666666666
1322,-516.2666666666667,108.8,-160.0
1323,-518.4,108.8,-168.53333333333333
1324,-524.8,108.8,-170.66666666666666
1325,-522.6666666666666,110.93333333333334,-174.93333333333334
1326,-522.6666666666666,113.06666666666666,-172.8
1327,-524.8,110.93333333333334,-177.06666666666666
1328,-526.9333333333333,110.93333333333334,-181.33333333333334
1329,-524.8,115.2,-179.2
1330,-533.3333333333334,113.06666666666666,-185.6
1331,-529.0666666666666,119.46666666666667,-181.33333333333334
1332,-531.2,113.06666666666666,-187.73333333333332
1333,-529.0666666666666,108.8,-198.4
1334,-535.4666666666667,108.8,-189.86666666666667
1335,-533.3333333333334,102.4,-194.13333333333333
1336,-533.3333333333334,104.53333333333333,-192.0
1337,-537.6,104.53333333333333,-196.26666666666665
1338,-533.3333333333334,102.4,-198.4
1339,-537.6,100.26666666666667,-196.26666666666665
1340,-529.0666666666666,98.13333333333333,-198.4
1341,-535.4666666666667,98.13333333333333,-194.13333333333333
1342,-531.2,96.0,-202.66666666666666
1343,-531.2,100.26666666666667,-198.4
1344,-533.3333333333334,91.73333333333333,-200.53333333333333
1345,-526.9333333333333,89.6,-192.0
1346,-524.8,87.46666666666667,-194.13333333333333
1347,-529.0666666666666,85.33333333333333,-198.4
1348,-522.6666666666666,83.2,-196.26666666666665
1349,-524.8,87.46666666666667,-189.86666666666667
1350,-522.6666666666666,76.8,-192.0
1351,-526.9333333333333,87.46666666666667,-192.0
1352,-524.8,81.06666666666666,-189.86666666666667
1353,-526.9333333333333,81.06666666666666,-194.13333333333333
1354,-526.9333333333333,78.93333333333334,-187.73333333333332
1355,-522.6666666666666,81.06666666666666,-181.33333333333334
1356,-526.9333333333333,81.06666666666666,-192.0
1357,-524.8,83.2,-183.46666666666667
1358,-526.9333333333333,78.93333333333334,-185.6
1359,-526.9333333333333,85.33333333333333,-196.26666666666665
1360,-526.9333333333333,87.46666666666667,-183.46666666666667
1361,-526.9333333333333,87.46666666666667,-179.2
1362,-526.9333333333333,83.2,-185.6
1363,-524.8,81.06666666666666,-185.6
1364,-526.9333333333333,85.33333333333333,-179.2
1365,-522.6666666666666,87.46666666666667,-181.33333333333334
1366,-524.8,87.46666666666667,-187.73333333333332
1367,-529.0666666666666,87.46666666666667,-187.73333333333332
1368,-529.0666666666666,93.86666666666666,-179.2
1369,-531.2,87.46666666666667,-181.33333333333334
1370,-524.8,96.0,-172.8
1371,-529.0666666666666,89.6,-177.06666666666666
1372,-524.8,87.46666666666667,-183.46666666666667
1373,-531.2,89.6,-177.06666666666666
1374,-535.4666666666667,91.73333333333333,-181.33333333333334
1375,-533.3333333333334,87.46666666666667,-172.8
1376,-531.2,85.33333333333333,-168.53333333333333
1377,-529.0666666666666,83.2,-177.06666666666666
1378,-535.4666666666667,81.06666666666666,-172.8
1379,-529.0666666666666,72.53333333333333,-174.93333333333334
1380,-529.0666666666666,76.8,-172.8
1381,-533.3333333333334,74.66666666666667,-170.66666666666666
1382,-535.4666666666667,76.8,-172.8
1383,-533.3333333333334,74.66666666666667,-179.2
1384,-531.2,74.66666666666667,-166.4
1385,-526.9333333333333,72.53333333333333,-174.93333333333334
1386,-533.3333333333334,70.4,-174.93333333333334
1387,-529.0666666666666,72.53333333333333,-174.93333333333334
1388,-533.3333333333334,72.53333333333333,-174.93333333333334
1389,-531.2,74.66666666666667,-172.8
1390,-529.0666666666666,76.8,-172.8
1391,-531.2,76.8,-172.8
1392,-529.0666666666666,72.53333333333333,-172.8
1393,-529.0666666666666,74.66666666666667,-172.8
1394,-533.3333333333334,74.66666666666667,-179.2
1395,-526.9333333333333,74.66666666666667,-181.33333333333334
1396,-529.0666666666666,72.53333333333333,-174.93333333333334
1397,-533.3333333333334,83.2,-177.06666666666666
1398,-531.2,78.93333333333334,-170.66666666666666
1399,-526.9333333333333,78.93333333333334,-181.33333333333334
1400,-526.9333333333333,81.06666666666666,-170.66666666666666
1401,-529.0666666666666,89.6,-172.8
1402,-529.0666666666666,81.06666666666666,-177.06666666666666
1403,-526.9333333333333,85.33333333333333,-164.26666666666665
1404,-529.0666666666666,89.6,-177.06666666666666
1405,-529.0666666666666,85.33333333333333,-170.66666666666666
1406,-522.6666666666666,81.06666666666666,-170.66666666666666
1407,-533.3333333333334,83.2,-174.93333333333334
1408,-531.2,83.2,-183.46666666666667
1409,-526.9333333333333,81.06666666666666,-179.2
1410,-537.6,87.46666666666667,-177.06666666666666
1411,-531.2,85.33333333333333,-174.93333333333334
1412,-531.2,89.6,-172.8
1413,-535.4666666666667,87.46666666666667,-192.0
1414,-531.2,89.6,-181.33333333333334
1415,-531.2,87.46666666666667,-177.06666666666666
1416,-535.4666666666667,89.6,-179.2
1417,-529.0666666666666,87.46666666666667,-179.2
1418,-531.2,87.46666666666667,-183.46666666666667
1419,-526.9333333333333,85.33333333333333,-181.33333333333334
1420,-537.6,89.6,-177.06666666666666
1421,-535.4666666666667,87.46666666666667,-177.06666666666666
1422,-533.3333333333334,87.46666666666667,-179.2
1423,-535.4666666666667,87.46666666666667,-172.8
1424,-533.3333333333334,78.93333333333334,-177.06666666666666
1425,-531.2,85.33333333333333,-177.06666666666666
1426,-535.4666666666667,87.46666666666667,-179.2
1427,-531.2,81.06666666666666,-172.8
1428,-539.7333333333333,123.73333333333333,-151.46666666666667
1429,-520.5333333333333,98.13333333333333,-185.6
1430,-531.2,66.13333333333333,-160.0
1431,-546.1333333333333,70.4,-181.33333333333334
1432,-520.5333333333333,91.73333333333333,-140.8
1433,-520.5333333333333,70.4,-183.46666666666667
1434,-529.0666666666666,85.33333333333333,-172.8
1435,-526.9333333333333,76.8,-168.53333333333333
1436,-526.9333333333333,85.33333333333333,-177.06666666666666
1437,-526.9333333333333,83.2,-172.8
1438,-514.1333333333333,81.06666666666666,-168.53333333333333
1439,-522.6666666666666,83.2,-174.93333333333334
1440,-524.8,78.93333333333334,-172.8
1441,-520.5333333333333,83.2,-170.66666666666666
1442,-520.5333333333333,78.93333333333334,-168.53333333333333
1443,-524.8,81.06666666666666,-174.93333333333334
1444,-524.8,78.93333333333334,-183.46666666666667
1445,-531.2,81.06666666666666,-181.33333333333334
1446,-526.9333333333333,83.2,-181.33333333333334
1447,-526.9333333333333,87.46666666666667,-174.93333333333334
1448,-526.9333333333333,85.33333333333333,-179.2
1449,-531.2,89.6,-185.6
1450,-533.3333333333334,76.8,-179.2
1451,-526.9333333333333,85.33333333333333,-183.46666666666667
1452,-533.3333333333334,91.73333333333333,-183.46666666666667
1453,-529.0666666666666,89.6,-174.93333333333334
1454,-539.7333333333333,91.73333333333333,-181.33333333333334
1455,-539.7333333333333,96.0,-187.73333333333332
1456,-531.2,91.73333333333333,-177.06666666666666
1457,-537.6,93.86666666666666,-183.46666666666667
1458,-533.3333333333334,91.73333333333333,-174.93333333333334
1459,-533.3333333333334,96.0,-185.6
1460,-535.4666666666667,93.86666666666666,-177.06666666666666
1461,-526.9333333333333,83.2,-181.33333333333334
1462,-535.4666666666667,89.6,-181.33333333333334
1463,-535.4666666666667,91.73333333333333,-185.6
1464,-531.2,89.6,-174.93333333333334
1465,-531.2,87.46666666666667,-170.66666666666666
1466,-533.3333333333334,85.33333333333333,-172.8
1467,-537.6,89.6,-172.8
1468,-529.0666666666666,85.33333333333333,-177.06666666666666
1469,-526.9333333333333,83.2,-172.8
1470,-526.9333333333333,85.33333333333333,-183.46666666666667
1471,-531.2,83.2,-177.06666666666666
1472,-529.0666666666666,85.33333333333333,-170.66666666666666
1473,-533.3333333333334,85.33333333333333,-181.33333333333334
1474,-531.2,78.93333333333334,-172.8
1475,-526.9333333333333,83.2,-174.93333333333334
1476,-539.7333333333333,85.33333333333333,-177.06666666666666
1477,-531.2,83.2,-183.46666666666667
1478,-533.3333333333334,83.2,-179.2
1479,-535.4666666666667,87.46666666666667,-174.93333333333334
1480,-535.4666666666667,78.93333333333334,-179.2
1481,-533.3333333333334,81.06666666666666,-181.33333333333334
1482,-533.3333333333334,81.06666666666666,-172.8
1483,-533.3333333333334,85.33333333333333,-174.93333333333334
1484,-531.2,85.33333333333333,-185.6
1485,-533.3333333333334,85.33333333333333,-179.2
1486,-533.3333333333334,78.93333333333334,-181.33333333333334
1487,-531.2,78.93333333333334,-181.33333333333334
1488,-533.3333333333334,76.8,-166.4
1489,-522.6666666666666,78.93333333333334,-177.06666666666666
1490,-531.2,83.2,-172.8
1491,-529.0666666666666,81.06666666666666,-177.06666666666666
1492,-533.3333333333334,81.06666666666666,-170.66666666666666
1493,-529.0666666666666,81.06666666666666,-174.93333333333334
1494,-531.2,83.2,-172.8
1495,-529.0666666666666,78.93333333333334,-172.8
1496,-526.9333333333333,83.2,-162.13333333333333
1497,-522.6666666666666,78.93333333333334,-177.06666666666666
1498,-524.8,70.4,-172.8
1499,-529.0666666666666,83.2,-179.2
1500,-529.0666666666666,83.2,-177.06666666666666
1501,-533.3333333333334,76.8,-170.66666666666666
1502,-526.9333333333333,81.06666666666666,-179.2
1503,-531.2,76.8,-170.66666666666666
1504,-524.8,78.93333333333334,-181.33333333333334
1505,-526.9333333333333,76.8,-174.93333333333334
1506,-531.2,85.33333333333333,-174.93333333333334
1507,-529.0666666666666,87.46666666666667,-179.2
1508,-529.0666666666666,83.2,-177.06666666666666
1509,-526.9333333333333,83.2,-174.93333333333334
1510,-529.0666666666666,87.46666666666667,-183.46666666666667
1511,-535.4666666666667,91.73333333333333,-177.06666666666666
1512,-531.2,89.6,-177.06666666666666
1513,-524.8,83.2,-170.66666666666666
1514,-531.2,91.73333333333333,-183.46666666666667
1515,-526.9333333333333,83.2,-187.73333333333332
1516,-529.0666666666666,87.46666666666667,-174.93333333333334
1517,-526.9333333333333,85.33333333333333,-181.33333333333334
1518,-526.9333333333333,87.46666666666667,-179.2
1519,-531.2,89.6,-177.06666666666666
1520,-533.3333333333334,89.6,-172.8
1521,-531.2,93.86666666666666,-185.6
1522,-529.0666666666666,91.73333333333333,-179.2
1523,-533.3333333333334,85.33333333333333,-181.33333333333334
1524,-526.9333333333333,85.33333333333333,-179.2
1525,-526.9333333333333,91.73333333333333,-185.6
1526,-531.2,93.86666666666666,-185.6
1527,-526.9333333333333,87.46666666666667,-166.4
1528,-531.2,87.46666666666667,-181.33333333333334
1529,-535.4666666666667,91.73333333333333,-183.46666666666667
1530,-533.3333333333334,87.46666666666667,-185.6
1531,-520.5333333333333,89.6,-185.6
1532,-526.9333333333333,87.46666666666667,-177.06666666666666
1533,-529.0666666666666,93.86666666666666,-181.33333333333334
1534,-524.8,87.46666666666667,-174.93333333333334
1535,-531.2,93.86666666666666,-177.06666666666666
1536,-531.2,85.33333333333333,-185.6
1537,-533.3333333333334,85.33333333333333,-177.06666666666666
1538,-520.5333333333333,87.46666666666667,-174.93333333333334
1539,-522.6666666666666,87.46666666666667,-181.33333333333334
1540,-531.2,87.46666666666667,-181.33333333333334
1541,-522.6666666666666,83.2,-177.06666666666666
1542,-526.9333333333333,91.73333333333333,-183.46666666666667
1543,-522.6666666666666,81.06666666666666,-185.6
1544,-524.8,87.46666666666667,-177.06666666666666
1545,-533.3333333333334,91.73333333333333,-181.33333333333334
1546,-522.6666666666666,85.33333333333333,-179.2
1547,-529.0666666666666,87.46666666666667,-172.8
1548,-522.6666666666666,87.46666666666667,-172.8
1549,-526.9333333333333,81.06666666666666,-179.2
1550,-531.2,81.06666666666666,-174.93333333333334
1551,-531.2,87.46666666666667,-172.8
1552,-526.9333333333333,83.2,-185.6
1553,-529.0666666666666,81.06666666666666,-179.2
1554,-533.3333333333334,87.46666666666667,-177.06666666666666
1555,-529.0666666666666,76.8,-183.46666666666667
1556,-531.2,87.46666666666667,-185.6
1557,-533.3333333333334,81.06666666666666,-181.33333333333334
1558,-531.2,87.46666666666667,-179.2
1559,-535.4666666666667,89.6,-179.2
1560,-526.9333333333333,87.46666666666667,-185.6
1561,-526.9333333333333,89.6,-181.33333333333334
1562,-537.6,93.86666666666666,-177.06666666666666
1563,-531.2,87.46666666666667,-177.06666666666666
1564,-529.0666666666666,87.46666666666667,-185.6
1565,-539.7333333333333,87.46666666666667,-177.06666666666666
1566,-535.4666666666667,91.73333333333333,-181.33333333333334
1567,-529.0666666666666,87.46666666666667,-183.46666666666667
1568,-531.2,89.6,-168.53333333333333
1569,-529.0666666666666,85.33333333333333,-179.2
1570,-531.2,83.2,-172.8
1571,-529.0666666666666,81.06666666666666,-179.2
1572,-531.2,89.6,-179.2
1573,-531.2,85.33333333333333,-174.93333333333334
1574,-526.9333333333333,89.6,-172.8
1575,-529.0666666666666,83.2,-170.66666666666666
1576,-529.0666666666666,83.2,-168.53333333333333
1577,-531.2,83.2,-177.06666666666666
1578,-533.3333333333334,91.73333333333333,-174.93333333333334
1579,-531.2,87.46666666666667,-174.93333333333334
1580,-529.0666666666666,87.46666666666667,-183.46666666666667
1581,-533.3333333333334,91.73333333333333,-172.8
1582,-526.9333333333333,83.2,-170.66666666666666
1583,-533.3333333333334,83.2,-170.66666666666666
1584,-535.4666666666667,87.46666666666667,-172.8
1585,-535.4666666666667,91.73333333333333,-174.93333333333334
1586,-535.4666666666667,89.6,-179.2
1587,-531.2,89.6,-174.93333333333334
1588,-531.2,89.6,-170.66666666666666
1589,-535.4666666666667,89.6,-174.93333333333334
1590,-526.9333333333333,93.86666666666666,-172.8
1591,-529.0666666666666,85.33333333333333,-168.53333333333333
1592,-531.2,83.2,-181.33333333333334
1593,-526.9333333333333,85.33333333333333,-183.46666666666667
1594,-531.2,87.46666666666667,-170.66666666666666
1595,-526.9333333333333,87.46666666666667,-179.2
1596,-522.6666666666666,87.46666666666667,-172.8
1597,-526.9333333333333,87.46666666666667,-172.8
1598,-529.0666666666666,85.33333333333333,-172.8
1599,-529.0666666666666,89.6,-181.33333333333334
1600,-537.6,89.6,-174.93333333333334
1601,-531.2,91.73333333333333,-179.2
1602,-531.2,87.46666666666667,-177.06666666666666
1603,-531.2,89.6,-179.2
1604,-535.4666666666667,93.86666666666666,-174.93333333333334
1605,-524.8,93.86666666666666,-179.2
1606,-526.9333333333333,87.46666666666667,-179.2
1607,-533.3333333333334,91.73333333333333,-174.93333333333334
1608,-526.9333333333333,91.73333333333333,-179.2
1609,-533.3333333333334,87.46666666666667,-177.06666666666666
1610,-535.4666666666667,93.86666666666666,-177.06666666666666
1611,-535.4666666666667,93.86666666666666,-177.06666666666666
1612,-537.6,98.13333333333333,-177.06666666666666
1613,-531.2,96.0,-177.06666666666666
1614,-524.8,93.86666666666666,-174.93333333333334
1615,-531.2,93.86666666666666,-170.66666666666666
1616,-529.0666666666666,96.0,-174.93333333333334
1617,-526.9333333333333,91.73333333333333,-170.66666666666666
1618,-529.0666666666666,93.86666666666666,-179.2
1619,-522.6666666666666,89.6,-168.53333333333333
1620,-529.0666666666666,93.86666666666666,-183.46666666666667
1621,-526.9333333333333,83.2,-179.2
1622,-533.3333333333334,89.6,-185.6
1623,-526.9333333333333,89.6,-174.93333333333334
1624,-533.3333333333334,87.46666666666667,-179.2
1625,-529.0666666666666,89.6,-170.66666666666666
1626,-531.2,85.33333333333333,-168.53333333333333
1627,-537.6,91.73333333333333,-177.06666666666666
1628,-533.3333333333334,91.73333333333333,-174.93333333333334
1629,-529.0666666666666,87.46666666666667,-179.2
1630,-533.3333333333334,91.73333333333333,-181.33333333333334
1631,-531.2,89.6,-170.66666666666666
1632,-529.0666666666666,89.6,-181.33333333333334
1633,-522.6666666666666,85.33333333333333,-170.66666666666666
1634,-533.3333333333334,89.6,-172.8
1635,-537.6,89.6,-174.93333333333334
1636,-529.0666666666666,89.6,-172.8
1637,-529.0666666666666,89.6,-174.93333333333334
1638,-526.9333333333333,91.73333333333333,-172.8
1639,-526.9333333333333,93.86666666666666,-172.8
1640,-524.8,87.46666666666667,-174.93333333333334
1641,-531.2,93.86666666666666,-177.06666666666666
1642,-531.2,89.6,-177.06666666666666
1643,-529.0666666666666,85.33333333333333,-170.66666666666666
1644,-529.0666666666666,85.33333333333333,-177.06666666666666
1645,-531.2,93.86666666666666,-172.8
1646,-526.9333333333333,89.6,-174.93333333333334
1647,-535.4666666666667,93.86666666666666,-168.53333333333333
1648,-529.0666666666666,98.13333333333333,-181.33333333333334
1649,-533.3333333333334,89.6,-172.8
1650,-531.2,91.73333333333333,-181.33333333333334
1651,-529.0666666666666,93.86666666666666,-172.8
1652,-529.0666666666666,91.73333333333333,-177.06666666666666
1653,-531.2,91.73333333333333,-170.66666666666666
1654,-531.2,87.46666666666667,-166.4
1655,-529.0666666666666,93.86666666666666,-172.8
1656,-531.2,89.6,-177.06666666666666
1657,-537.6,89.6,-179.2
1658,-529.0666666666666,89.6,-170.66666666666666
1659,-535.4666666666667,87.46666666666667,-174.93333333333334
1660,-531.2,91.73333333333333,-179.2
1661,-541.8666666666667,91.73333333333333,-177.06666666666666
1662,-529.0666666666666,89.6,-177.06666666666666
1663,-533.3333333333334,89.6,-174.93333333333334
1664,-537.6,87.46666666666667,-181.33333333333334
1665,-526.9333333333333,83.2,-166.4
1666,-531.2,87.46666666666667,-170.66666666666666
1667,-526.9333333333333,81.06666666666666,-168.53333333333333
1668,-529.0666666666666,91.73333333333333,-174.93333333333334
1669,-535.4666666666667,91.73333333333333,-170.66666666666666
1670,-529.0666666666666,83.2,-177.06666666666666
1671,-537.6,87.46666666666667,-174.93333333333334
1672,-531.2,89.6,-174.93333333333334
1673,-529.0666666666666,93.86666666666666,-174.93333333333334
1674,-531.2,91.73333333333333,-174.93333333333334
1675,-529.0666666666666,85.33333333333333,-174.93333333333334
1676,-533.3333333333334,96.0,-160.0
1677,-535.4666666666667,96.0,-172.8
1678,-531.2,96.0,-170.66666666666666
1679,-529.0666666666666,93.86666666666666,-177.06666666666666
1680,-535.4666666666667,91.73333333333333,-179.2
1681,-535.4666666666667,96.0,-168.53333333333333
1682,-537.6,96.0,-172.8
1683,-526.9333333333333,87.46666666666667,-164.26666666666665
1684,-537.6,98.13333333333333,-170.66666666666666
1685,-535.4666666666667,96.0,-168.53333333333333
1686,-533.3333333333334,96.0,-172.8
1687,-526.9333333333333,96.0,-166.4
1688,-535.4666666666667,96.0,-179.2
1689,-531.2,96.0,-166.4
1690,-533.3333333333334,93.86666666666666,-170.66666666666666
1691,-535.4666666666667,93.86666666666666,-172.8
1692,-526.9333333333333,91.73333333333333,-164.26666666666665
1693,-529.0666666666666,85.33333333333333,-168.53333333333333
1694,-531.2,87.46666666666667,-174.93333333333334
1695,-535.4666666666667,98.13333333333333,-168.53333333333333
1696,-526.9333333333333,96.0,-162.13333333333333
1697,-531.2,93.86666666666666,-168.53333333333333
1698,-529.0666666666666,91.73333333333333,-166.4
1699,-524.8,91.73333333333333,-170.66666666666666
1700,-533.3333333333334,96.0,-170.66666666666666
1701,-533.3333333333334,100.26666666666667,-168.53333333333333
1702,-529.0666666666666,93.86666666666666,-172.8
1703,-526.9333333333333,91.73333333333333,-168.53333333333333
1704,-524.8,93.86666666666666,-177.06666666666666
1705,-526.9333333333333,93.86666666666666,-168.53333333333333
1706,-529.0666666666666,98.13333333333333,-168.53333333333333
1707,-531.2,93.86666666666666,-168.53333333333333
1708,-529.0666666666666,89.6,-172.8
1709,-531.2,93.86666666666666,-177.06666666666666
1710,-526.9333333333333,93.86666666666666,-174.93333333333334
1711,-537.6,96.0,-183.46666666666667
1712,-526.9333333333333,93.86666666666666,-172.8
1713,-533.3333333333334,100.26666666666667,-174.93333333333334
1714,-531.2,91.73333333333333,-168.53333333333333
1715,-535.4666666666667,87.46666666666667,-181.33333333333334
1716,-539.7333333333333,98.13333333333333,-172.8
1717,-531.2,89.6,-170.66666666666666
1718,-531.2,89.6,-172.8
1719,-529.0666666666666,91.73333333333333,-168.53333333333333
1720,-533.3333333333334,93.86666666666666,-174.93333333333334
1721,-529.0666666666666,91.73333333333333,-174.93333333333334
1722,-524.8,87.46666666666667,-172.8
1723,-533.3333333333334,91.73333333333333,-172.8
1724,-529.0666666666666,91.73333333333333,-172.8
1725,-535.4666666666667,93.86666666666666,-177.06666666666666
1726,-531.2,85.33333333333333,-168.53333333333333
1727,-529.0666666666666,89.6,-170.66666666666666
1728,-533.3333333333334,89.6,-174.93333333333334
1729,-529.0666666666666,89.6,-183.46666666666667
1730,-535.4666666666667,89.6,-174.93333333333334
1731,-529.0666666666666,87.46666666666667,-174.93333333333334
1732,-539.7333333333333,91.73333333333333,-174.93333333333334
1733,-535.4666666666667,93.86666666666666,-172.8
1734,-531.2,96.0,-170.66666666666666
1735,-526.9333333333333,89.6,-172.8
1736,-529.0666666666666,89.6,-172.8
1737,-531.2,91.73333333333333,-172.8
1738,-533.3333333333334,96.0,-174.93333333333334
1739,-531.2,87.46666666666667,-166.4
1740,-533.3333333333334,91.73333333333333,-172.8
1741,-529.0666666666666,91.73333333333333,-168.53333333333333
1742,-526.9333333333333,89.6,-170.66666666666666
1743,-535.4666666666667,89.6,-177.06666666666666
1744,-535.4666666666667,98.13333333333333,-174.93333333333334
1745,-531.2,98.13333333333333,-168.53333333333333
1746,-529.0666666666666,96.0,-177.06666666666666
1747,-529.0666666666666,91.73333333333333,-160.0
1748,-533.3333333333334,91.73333333333333,-170.66666666666666
1749,-529.0666666666666,100.26666666666667,-174.93333333333334
1750,-531.2,93.86666666666666,-170.66666666666666
1751,-533.3333333333334,93.86666666666666,-164.26666666666665
1752,-531.2,98.13333333333333,-172.8
1753,-535.4666666666667,93.86666666666666,-177.06666666666666
1754,-533.3333333333334,93.86666666666666,-172.8
1755,-531.2,87.46666666666667,-170.66666666666666
1756,-531.2,96.0,-170.66666666666666
1757,-533.3333333333334,93.86666666666666,-172.8
1758,-533.3333333333334,87.46666666666667,-172.8
1759,-522.6666666666666,87.46666666666667,-172.8
1760,-533.3333333333334,87.46666666666667,-168.53333333333333
1761,-526.9333333333333,89.6,-166.4
1762,-533.3333333333334,98.13333333333333,-164.26666666666665
1763,-529.0666666666666,91.73333333333333,-172.8
1764,-533.3333333333334,89.6,-181.33333333333334
1765,-531.2,83.2,-168.53333333333333
1766,-531.2,85.33333333333333,-181.33333333333334
1767,-531.2,89.6,-172.8
1768,-531.2,83.2,-172.8
1769,-529.0666666666666,93.86666666666666,-174.93333333333334
1770,-533.3333333333334,89.6,-177.06666666666666
1771,-533.3333333333334,91.73333333333333,-170.66666666666666
1772,-526.9333333333333,93.86666666666666,-174.93333333333334
1773,-533.3333333333334,93.86666666666666,-170.66666666666666
1774,-535.4666666666667,91.73333333333333,-181.33333333333334
1775,-529.0666666666666,93.86666666666666,-170.66666666666666
1776,-524.8,91.73333333333333,-172.8
1777,-531.2,93.86666666666666,-177.06666666666666
1778,-531.2,98.13333333333333,-172.8
1779,-537.6,96.0,-170.66666666666666
1780,-531.2,93.86666666666666,-170.66666666666666
1781,-533.3333333333334,91.73333333333333,-174.93333333333334
1782,-531.2,91.73333333333333,-174.93333333333334
1783,-529.0666666666666,93.86666666666666,-172.8
1784,-531.2,83.2,-174.93333333333334
1785,-531.2,87.46666666666667,-170.66666666666666
1786,-533.3333333333334,85.33333333333333,-168.53333333333333
1787,-529.0666666666666,85.33333333333333,-174.93333333333334
1788,-531.2,89.6,-168.53333333333333
1789,-531.2,83.2,-172.8
1790,-533.3333333333334,87.46666666666667,-181.33333333333334
1791,-533.3333333333334,87.46666666666667,-172.8
1792,-531.2,89.6,-179.2
1793,-531.2,89.6,-179.2
1794,-526.9333333333333,87.46666666666667,-168.53333333333333
1795,-529.0666666666666,87.46666666666667,-174.93333333333334
1796,-529.0666666666666,91.73333333333333,-172.8
1797,-529.0666666666666,93.86666666666666,-174.93333333333334
1798,-533.3333333333334,89.6,-166.4
1799,-533.3333333333334,93.86666666666666,-170.66666666666666
1800,-531.2,91.73333333333333,-174.93333333333334
1801,-537.6,91.73333333333333,-166.4
1802,-526.9333333333333,96.0,-168.53333333333333
1803,-529.0666666666666,87.46666666666667,-172.8
1804,-526.9333333333333,89.6,-172.8
1805,-531.2,89.6,-181.33333333333334
1806,-533.3333333333334,93.86666666666666,-179.2
1807,-531.2,91.73333333333333,-168.53333333333333
1808,-526.9333333333333,89.6,-168.53333333333333
1809,-529.0666666666666,85.33333333333333,-177.06666666666666
1810,-526.9333333333333,93.86666666666666,-177.06666666666666
1811,-535.4666666666667,93.86666666666666,-179.2
1812,-531.2,91.73333333333333,-170.66666666666666
1813,-531.2,91.73333333333333,-170.66666666666666
1814,-529.0666666666666,87.46666666666667,-174.93333333333334
1815,-526.9333333333333,83.2,-174.93333333333334
1816,-531.2,91.73333333333333,-172.8
1817,-529.0666666666666,93.86666666666666,-172.8
1818,-531.2,91.73333333333333,-187.73333333333332
1819,-533.3333333333334,98.13333333333333,-170.66666666666666
1820,-526.9333333333333,89.6,-170.66666666666666
1821,-529.0666666666666,89.6,-179.2
1822,-529.0666666666666,85.33333333333333,-179.2
1823,-526.9333333333333,85.33333333333333,-168.53333333333333
1824,-526.9333333333333,85.33333333333333,-183.46666666666667
1825,-529.0666666666666,89.6,-177.06666666666666
1826,-535.4666666666667,93.86666666666666,-166.4
1827,-526.9333333333333,96.0,-181.33333333333334
1828,-531.2,93.86666666666666,-179.2
1829,-531.2,93.86666666666666,-179.2
1830,-533.3333333333334,85.33333333333333,-177.06666666666666
1831,-533.3333333333334,87.46666666666667,-177.06666666666666
1832,-533.3333333333334,93.86666666666666,-174.93333333333334
1833,-531.2,89.6,-174.93333333333334
1834,-529.0666666666666,83.2,-181.33333333333334
1835,-533.3333333333334,87.46666666666667,-170.66666666666666
1836,-535.4666666666667,87.46666666666667,-172.8
1837,-526.9333333333333,91.73333333333333,-177.06666666666666
1838,-529.0666666666666,91.73333333333333,-179.2
1839,-533.3333333333334,91.73333333333333,-174.93333333333334
1840,-526.9333333333333,87.46666666666667,-168.53333333333333
1841,-531.2,89.6,-170.66666666666666
1842,-529.0666666666666,96.0,-172.8
1843,-531.2,85.33333333333333,-168.53333333333333
1844,-526.9333333333333,93.86666666666666,-168.53333333333333
1845,-526.9333333333333,89.6,-177.06666666666666
1846,-531.2,83.2,-181.33333333333334
1847,-524.8,87.46666666666667,-164.26666666666665
1848,-529.0666666666666,91.73333333333333,-172.8
1849,-535.4666666666667,96.0,-168.53333333333333
1850,-533.3333333333334,91.73333333333333,-170.66666666666666
1851,-531.2,89.6,-170.66666666666666
1852,-535.4666666666667,96.0,-170.66666666666666
1853,-529.0666666666666,87.46666666666667,-166.4
1854,-529.0666666666666,87.46666666666667,-177.06666666666666
1855,-529.0666666666666,93.86666666666666,-174.93333333333334
1856,-533.3333333333334,93.86666666666666,-164.26666666666665
1857,-533.3333333333334,91.73333333333333,-164.26666666666665
1858,-533.3333333333334,93.86666666666666,-170.66666666666666
1859,-541.8666666666667,98.13333333333333,-179.2
1860,-531.2,91.73333333333333,-172.8
1861,-533.3333333333334,87.46666666666667,-174.93333333333334
1862,-531.2,89.6,-172.8
1863,-531.2,87.46666666666667,-172.8
1864,-537.6,91.73333333333333,-172.8
1865,-526.9333333333333,89.6,-183.46666666666667
1866,-529.0666666666666,98.13333333333333,-170.66666666666666
1867,-529.0666666666666,83.2,-172.8
1868,-535.4666666666667,102.4,-170.66666666666666
1869,-531.2,93.86666666666666,-172.8
1870,-529.0666666666666,91.73333333333333,-168.53333333333333
1871,-533.3333333333334,87.46666666666667,-166.4
1872,-531.2,96.0,-174.93333333333334
1873,-531.2,93.86666666666666,-172.8
1874,-537.6,96.0,-174.93333333333334
1875,-529.0666666666666,91.73333333333333,-179.2
1876,-529.0666666666666,85.33333333333333,-174.93333333333334
1877,-526.9333333333333,89.6,-170.66666666666666
1878,-524.8,93.86666666666666,-168.53333333333333
1879,-526.9333333333333,91.73333333333333,-170.66666666666666
1880,-524.8,89.6,-177.06666666666666
1881,-529.0666666666666,93.86666666666666,-168.53333333333333
1882,-531.2,96.0,-170.66666666666666
1883,-529.0666666666666,93.86666666666666,-179.2
1884,-526.9333333333333,93.86666666666666,-179.2
1885,-537.6,93.86666666666666,-177.06666666666666
1886,-526.9333333333333,87.46666666666667,-162.13333333333333
1887,-531.2,93.86666666666666,-172.8
1888,-535.4666666666667,93.86666666666666,-174.93333333333334
1889,-531.2,93.86666666666666,-172.8
1890,-533.3333333333334,98.13333333333333,-174.93333333333334
1891,-529.0666666666666,96.0,-172.8
1892,-529.0666666666666,91.73333333333333,-168.53333333333333
1893,-531.2,98.13333333333333,-168.53333333333333
1894,-529.0666666666666,96.0,-177.06666666666666
1895,-529.0666666666666,89.6,-168.53333333333333
1896,-529.0666666666666,91.73333333333333,-170.66666666666666
1897,-526.9333333333333,89.6,-174.93333333333334
1898,-537.6,98.13333333333333,-174.93333333333334
1899,-524.8,93.86666666666666,-168.53333333333333
1900,-533.3333333333334,89.6,-177.06666666666666
1901,-526.9333333333333,89.6,-172.8
1902,-535.4666666666667,91.73333333333333,-172.8
1903,-537.6,87.46666666666667,-183.46666666666667
1904,-533.3333333333334,89.6,-179.2
1905,-533.3333333333334,91.73333333333333,-177.06666666666666
1906,-531.2,87.46666666666667,-177.06666666666666
1907,-531.2,89.6,-183.46666666666667
1908,-531.2,91.73333333333333,-170.66666666666666
1909,-533.3333333333334,87.46666666666667,-166.4
1910,-533.3333333333334,85.33333333333333,-172.8
1911,-526.9333333333333,87.46666666666667,-174.93333333333334
1912,-531.2,93.86666666666666,-174.93333333333334
1913,-529.0666666666666,96.0,-177.06666666666666
1914,-533.3333333333334,87.46666666666667,-172.8
1915,-531.2,87.46666666666667,-177.06666666666666
1916,-533.3333333333334,93.86666666666666,-166.4
1917,-533.3333333333334,96.0,-164.26666666666665
1918,-526.9333333333333,85.33333333333333,-170.66666666666666
1919,-535.4666666666667,91.73333333333333,-168.53333333333333
1920,-531.2,89.6,-162.13333333333333
1921,-533.3333333333334,89.6,-170.66666666666666
1922,-535.4666666666667,89.6,-172.8
1923,-535.4666666666667,87.46666666666667,-170.66666666666666
1924,-531.2,85.33333333333333,-164.26666666666665
1925,-529.0666666666666,93.86666666666666,-164.26666666666665
1926,-531.2,89.6,-174.93333333333334
1927,-535.4666666666667,93.86666666666666,-168.53333333333333
1928,-537.6,98.13333333333333,-166.4
1929,-529.0666666666666,91.73333333333333,-164.26666666666665
1930,-535.4666666666667,89.6,-168.53333333333333
1931,-539.7333333333333,89.6,-168.53333333333333
1932,-529.0666666666666,87.46666666666667,-160.0
1933,-535.4666666666667,93.86666666666666,-168.53333333333333
1934,-531.2,89.6,-164.26666666666665
1935,-531.2,93.86666666666666,-168.53333333333333
1936,-529.0666666666666,89.6,-170.66666666666666
1937,-535.4666666666667,93.86666666666666,-172.8
1938,-531.2,93.86666666666666,-164.26666666666665
1939,-535.4666666666667,96.0,-164.26666666666665
1940,-533.3333333333334,89.6,-166.4
1941,-531.2,89.6,-164.26666666666665
1942,-535.4666666666667,93.86666666666666,-172.8
1943,-531.2,96.0,-172.8
1944,-537.6,91.73333333333333,-166.4
1945,-537.6,89.6,-170.66666666666666
1946,-531.2,96.0,-164.26666666666665
1947,-526.9333333333333,91.73333333333333,-172.8
1948,-533.3333333333334,93.86666666666666,-172.8
1949,-537.6,96.0,-166.4
1950,-531.2,93.86666666666666,-164.26666666666665
1951,-529.0666666666666,96.0,-168.53333333333333
1952,-524.8,91.73333333333333,-162.13333333333333
1953,-529.0666666666666,91.73333333333333,-168.53333333333333
1954,-533.3333333333334,98.13333333333333,-168.53333333333333
1955,-533.3333333333334,96.0,-164.26666666666665
1956,-529.0666666666666,93.86666666666666,-174.93333333333334
1957,-535.4666666666667,96.0,-172.8
1958,-526.9333333333333,89.6,-170.66666666666666
1959,-541.8666666666667,100.26666666666667,-170.66666666666666
1960,-529.0666666666666,96.0,-174.93333333333334
1961,-535.4666666666667,93.86666666666666,-170.66666666666666
1962,-531.2,96.0,-174.93333333333334
1963,-531.2,91.73333333333333,-174.93333333333334
1964,-531.2,96.0,-172.8
1965,-529.0666666666666,96.0,-170.66666666666666
1966,-535.4666666666667,98.13333333333333,-168.53333333333333
1967,-531.2,89.6,-177.06666666666666
1968,-535.4666666666667,100.26666666666667,-172.8
1969,-529.0666666666666,91.73333333333333,-166.4
1970,-531.2,100.26666666666667,-164.26666666666665
1971,-533.3333333333334,87.46666666666667,-172.8
1972,-529.0666666666666,91.73333333333333,-166.4
1973,-529.0666666666666,96.0,-172.8
1974,-526.9333333333333,87.46666666666667,-166.4
1975,-531.2,91.73333333333333,-166.4
1976,-526.9333333333333,87.46666666666667,-164.26666666666665
1977,-531.2,91.73333333333333,-170.66666666666666
1978,-533.3333333333334,89.6,-166.4
1979,-533.3333333333334,93.86666666666666,-168.53333333333333
1980,-524.8,93.86666666666666,-164.26666666666665
1981,-529.0666666666666,96.0,-164.26666666666665
1982,-535.4666666666667,100.26666666666667,-172.8
1983,-531.2,89.6,-162.13333333333333
1984,-531.2,98.13333333333333,-160.0
1985,-537.6,87.46666666666667,-170.66666666666666
1986,-533.3333333333334,89.6,-162.13333333333333
1987,-535.4666666666667,98.13333333333333,-162.13333333333333
1988,-531.2,87.46666666666667,-162.13333333333333
1989,-535.4666666666667,87.46666666666667,-170.66666666666666
1990,-529.0666666666666,91.73333333333333,-164.26666666666665
1991,-535.4666666666667,96.0,-166.4
1992,-526.9333333333333,93.86666666666666,-170.66666666666666
1993,-537.6,93.86666666666666,-162.13333333333333
1994,-535.4666666666667,93.86666666666666,-166.4
1995,-531.2,89.6,-168.53333333333333
1996,-535.4666666666667,89.6,-166.4
1997,-533.3333333333334,89.6,-164.26666666666665
1998,-531.2,87.46666666666667,-164.26666666666665
1999,-531.2,89.6,-170.66666666666666
2000,-537.6,91.73333333333333,-172.8
2001,-531.2,89.6,-166.4
2002,-529.0666666666666,91.73333333333333,-166.4
2003,-533.3333333333334,89.6,-168.53333333333333
2004,-535.4666666666667,91.73333333333333,-160.0
2005,-535.4666666666667,98.13333333333333,-166.4
2006,-497.06666666666666,113.06666666666666,-177.06666666666666
2007,-531.2,91.73333333333333,-177.06666666666666
2008,-533.3333333333334,91.73333333333333,-172.8
2009,-531.2,85.33333333333333,-172.8
2010,-533.3333333333334,91.73333333333333,-174.93333333333334
2011,-531.2,96.0,-170.66666666666666
2012,-529.0666666666666,89.6,-174.93333333333334
2013,-531.2,89.6,-164.26666666666665
2014,-533.3333333333334,93.86666666666666,-170.66666666666666
2015,-535.4666666666667,96.0,-170.66666666666666
2016,-533.3333333333334,91.73333333333333,-170.66666666666666
2017,-529.0666666666666,89.6,-166.4
2018,-531.2,89.6,-166.4
2019,-533.3333333333334,89.6,-164.26666666666665
2020,-539.7333333333333,93.86666666666666,-172.8
2021,-533.3333333333334,96.0,-170.66666666666666
2022,-535.4666666666667,89.6,-174.93333333333334
2023,-533.3333333333334,93.86666666666666,-166.4
2024,-541.8666666666667,96.0,-172.8
2025,-537.6,91.73333333333333,-172.8
2026,-535.4666666666667,93.86666666666666,-172.8
2027,-533.3333333333334,93.86666666666666,-166.4
2028,-533.3333333333334,91.73333333333333,-166.4
2029,-529.0666666666666,89.6,-166.4
2030,-524.8,87.46666666666667,-164.26666666666665
2031,-529.0666666666666,91.73333333333333,-162.13333333333333
2032,-533.3333333333334,91.73333333333333,-170.66666666666666
2033,-529.0666666666666,85.33333333333333,-170.66666666666666
2034,-531.2,104.53333333333333,-168.53333333333333
2035,-535.4666666666667,96.0,-164.26666666666665
2036,-531.2,93.86666666666666,-168.53333333333333
2037,-524.8,98.13333333333333,-177.06666666666666
2038,-537.6,96.0,-168.53333333333333
2039,-531.2,93.86666666666666,-164.26666666666665
2040,-533.3333333333334,93.86666666666666,-162.13333333333333
2041,-535.4666666666667,98.13333333333333,-162.13333333333333
2042,-535.4666666666667,98.13333333333333,-164.26666666666665
2043,-531.2,100.26666666666667,-168.53333333333333
2044,-533.3333333333334,96.0,-170.66666666666666
2045,-531.2,89.6,-166.4
2046,-531.2,93.86666666666666,-170.66666666666666
2047,-529.0666666666666,91.73333333333333,-168.53333333333333
2048,-533.3333333333334,100.26666666666667,-164.26666666666665
2049,-535.4666666666667,91.73333333333333,-170.66666666666666
2050,-531.2,93.86666666666666,-166.4
2051,-526.9333333333333,87.46666666666667,-166.4
2052,-529.0666666666666,91.73333333333333,-164.26666666666665
2053,-535.4666666666667,93.86666666666666,-170.66666666666666
2054,-529.0666666666666,96.0,-166.4
2055,-533.3333333333334,89.6,-168.53333333333333
2056,-537.6,91.73333333333333,-168.53333333333333
2057,-529.0666666666666,98.13333333333333,-168.53333333333333
2058,-529.0666666666666,89.6,-168.53333333333333
2059,-529.0666666666666,89.6,-166.4
2060,-529.0666666666666,85.33333333333333,-164.26666666666665
2061,-526.9333333333333,83.2,-168.53333333333333
2062,-531.2,89.6,-168.53333333333333
2063,-531.2,89.6,-166.4
2064,-526.9333333333333,96.0,-162.13333333333333
2065,-533.3333333333334,93.86666666666666,-164.26666666666665
2066,-526.9333333333333,85.33333333333333,-172.8
2067,-529.0666666666666,93.86666666666666,-157.86666666666667
2068,-533.3333333333334,98.13333333333333,-166.4
2069,-531.2,98.13333333333333,-172.8
2070,-533.3333333333334,96.0,-170.66666666666666
2071,-531.2,91.73333333333333,-162.13333333333333
2072,-531.2,89.6,-164.26666666666665
2073,-531.2,91.73333333333333,-162.13333333333333
2074,-531.2,98.13333333333333,-160.0
2075,-533.3333333333334,96.0,-166.4
2076,-529.0666666666666,93.86666666666666,-162.13333333333333
2077,-535.4666666666667,96.0,-157.86666666666667
2078,-539.7333333333333,98.13333333333333,-162.13333333333333
2079,-535.4666666666667,96.0,-160.0
2080,-537.6,93.86666666666666,-168.53333333333333
2081,-535.4666666666667,89.6,-155.73333333333332
2082,-535.4666666666667,76.8,-174.93333333333334
2083,-541.8666666666667,117.33333333333333,-157.86666666666667
2084,-520.5333333333333,93.86666666666666,-185.6
2085,-531.2,115.2,-183.46666666666667
2086,-535.4666666666667,115.2,-174.93333333333334
2087,-526.9333333333333,91.73333333333333,-162.13333333333333
2088,-531.2,96.0,-166.4
2089,-533.3333333333334,93.86666666666666,-166.4
2090,-526.9333333333333,91.73333333333333,-172.8
2091,-531.2,96.0,-168.53333333333333
2092,-535.4666666666667,98.13333333333333,-166.4
2093,-531.2,85.33333333333333,-160.0
2094,-533.3333333333334,93.86666666666666,-166.4
2095,-531.2,91.73333333333333,-157.86666666666667
2096,-531.2,89.6,-164.26666666666665
2097,-529.0666666666666,93.86666666666666,-164.26666666666665
2098,-533.3333333333334,89.6,-168.53333333333333
2099,-531.2,96.0,-168.53333333333333
2100,-535.4666666666667,89.6,-172.8
2101,-537.6,96.0,-174.93333333333334
2102,-531.2,98.13333333333333,-160.0
2103,-529.0666666666666,83.2,-162.13333333333333
2104,-535.4666666666667,91.73333333333333,-164.26666666666665
2105,-531.2,93.86666666666666,-170.66666666666666
2106,-533.3333333333334,100.26666666666667,-168.53333333333333
2107,-531.2,93.86666666666666,-170.66666666666666
2108,-533.3333333333334,100.26666666666667,-174.93333333333334
2109,-535.4666666666667,100.26666666666667,-168.53333333333333
2110,-531.2,93.86666666666666,-164.26666666666665
2111,-531.2,91.73333333333333,-170.66666666666666
2112,-537.6,85.33333333333333,-166.4
2113,-539.7333333333333,98.13333333333333,-164.26666666666665
2114,-529.0666666666666,91.73333333333333,-160.0
2115,-535.4666666666667,91.73333333333333,-172.8
2116,-529.0666666666666,93.86666666666666,-170.66666666666666
2117,-535.4666666666667,100.26666666666667,-166.4
2118,-531.2,89.6,-162.13333333333333
2119,-529.0666666666666,93.86666666666666,-155.73333333333332
2120,-535.4666666666667,93.86666666666666,-157.86666666666667
2121,-535.4666666666667,91.73333333333333,-168.53333333333333
2122,-531.2,85.33333333333333,-164.26666666666665
2123,-533.3333333333334,98.13333333333333,-164.26666666666665
2124,-535.4666666666667,93.86666666666666,-162.13333333333333
2125,-535.4666666666667,93.86666666666666,-166.4
2126,-539.7333333333333,96.0,-160.0
2127,-535.4666666666667,93.86666666666666,-166.4
2128,-533.3333333333334,93.86666666666666,-164.26666666666665
2129,-537.6,96.0,-168.53333333333333
2130,-537.6,104.53333333333333,-160.0
2131,-533.3333333333334,87.46666666666667,-162.13333333333333
2132,-533.3333333333334,98.13333333333333,-166.4
2133,-533.3333333333334,91.73333333333333,-162.13333333333333
2134,-529.0666666666666,93.86666666666666,-170.66666666666666
2135,-531.2,91.73333333333333,-160.0
2136,-533.3333333333334,93.86666666666666,-168.53333333333333
2137,-529.0666666666666,96.0,-162.13333333333333
2138,-531.2,98.13333333333333,-166.4
2139,-526.9333333333333,91.73333333333333,-160.0
2140,-529.0666666666666,89.6,-164.26666666666665
2141,-526.9333333333333,96.0,-168.53333333333333
2142,-535.4666666666667,89.6,-166.4
2143,-529.0666666666666,96.0,-155.73333333333332
2144,-529.0666666666666,93.86666666666666,-153.6
2145,-529.0666666666666,87.46666666666667,-170.66666666666666
2146,-535.4666666666667,96.0,-160.0
2147,-535.4666666666667,98.13333333333333,-172.8
2148,-535.4666666666667,93.86666666666666,-170.66666666666666
2149,-529.0666666666666,89.6,-164.26666666666665
2150,-535.4666666666667,91.73333333333333,-164.26666666666665
2151,-535.4666666666667,91.73333333333333,-166.4
2152,-531.2,87.46666666666667,-164.26666666666665
2153,-531.2,96.0,-168.53333333333333
2154,-535.4666666666667,98.13333333333333,-164.26666666666665
2155,-533.3333333333334,93.86666666666666,-155.73333333333332
2156,-541.8666666666667,100.26666666666667,-157.86666666666667
2157,-533.3333333333334,89.6,-172.8
2158,-537.6,100.26666666666667,-164.26666666666665
2159,-531.2,96.0,-166.4
2160,-537.6,98.13333333333333,-164.26666666666665
2161,-533.3333333333334,93.86666666666666,-166.4
2162,-531.2,91.73333333333333,-160.0
2163,-531.2,91.73333333333333,-166.4
2164,-531.2,91.73333333333333,-157.86666666666667
2165,-531.2,91.73333333333333,-162.13333333333333
2166,-535.4666666666667,96.0,-160.0
2167,-537.6,89.6,-162.13333333333333
2168,-529.0666666666666,96.0,-168.53333333333333
2169,-539.7333333333333,98.13333333333333,-157.86666666666667
2170,-531.2,102.4,-168.53333333333333
2171,-535.4666666666667,100.26666666666667,-164.26666666666665
2172,-533.3333333333334,98.13333333333333,-157.86666666666667
2173,-533.3333333333334,98.13333333333333,-164.26666666666665
2174,-531.2,93.86666666666666,-164.26666666666665
2175,-531.2,96.0,-162.13333333333333
2176,-531.2,91.73333333333333,-160.0
2177,-529.0666666666666,98.13333333333333,-164.26666666666665
2178,-535.4666666666667,93.86666666666666,-164.26666666666665
2179,-531.2,98.13333333333333,-162.13333333333333
2180,-537.6,96.0,-160.0
2181,-535.4666666666667,98.13333333333333,-162.13333333333333
2182,-531.2,96.0,-170.66666666666666
2183,-537.6,96.0,-168.53333333333333
2184,-533.3333333333334,89.6,-164.26666666666665
2185,-533.3333333333334,96.0,-168.53333333333333
2186,-531.2,100.26666666666667,-157.86666666666667
2187,-537.6,98.13333333333333,-174.93333333333334
2188,-533.3333333333334,89.6,-160.0
2189,-533.3333333333334,93.86666666666666,-160.0
2190,-537.6,100.26666666666667,-166.4
2191,-531.2,96.0,-160.0
2192,-531.2,91.73333333333333,-164.26666666666665
2193,-531.2,91.73333333333333,-164.26666666666665
2194,-529.0666666666666,93.86666666666666,-162.13333333333333
2195,-531.2,96.0,-157.86666666666667
2196,-531.2,96.0,-162.13333333333333
2197,-535.4666666666667,91.73333333333333,-166.4
2198,-533.3333333333334,91.73333333333333,-157.86666666666667
2199,-533.3333333333334,93.86666666666666,-168.53333333333333
2200,-533.3333333333334,96.0,-162.13333333333333
2201,-537.6,98.13333333333333,-164.26666666666665
2202,-533.3333333333334,93.86666666666666,-160.0
2203,-537.6,96.0,-166.4
2204,-533.3333333333334,91.73333333333333,-166.4
2205,-537.6,98.13333333333333,-162.13333333333333
2206,-531.2,91.73333333333333,-166.4
2207,-531.2,96.0,-157.86666666666667
2208,-539.7333333333333,100.26666666666667,-157.86666666666667
2209,-526.9333333333333,96.0,-160.0
2210,-533.3333333333334,98.13333333333333,-162.13333333333333
2211,-535.4666666666667,96.0,-157.86666666666667
2212,-533.3333333333334,98.13333333333333,-168.53333333333333
2213,-535.4666666666667,98.13333333333333,-162.13333333333333
2214,-535.4666666666667,96.0,-162.13333333333333
2215,-531.2,96.0,-160.0
2216,-537.6,96.0,-168.53333333333333
2217,-533.3333333333334,96.0,-162.13333333333333
2218,-529.0666666666666,96.0,-160.0
2219,-531.2,93.86666666666666,-162.13333333333333
2220,-537.6,98.13333333333333,-160.0
2221,-535.4666666666667,98.13333333333333,-170.66666666666666
2222,-531.2,93.86666666666666,-168.53333333333333
2223,-529.0666666666666,89.6,-168.53333333333333
2224,-533.3333333333334,96.0,-166.4
2225,-533.3333333333334,93.86666666666666,-164.26666666666665
2226,-531.2,100.26666666666667,-168.53333333333333
2227,-531.2,89.6,-164.26666666666665
2228,-535.4666666666667,91.73333333333333,-164.26666666666665
2229,-531.2,93.86666666666666,-172.8
2230,-535.4666666666667,91.73333333333333,-172.8
2231,-529.0666666666666,89.6,-172.8
2232,-529.0666666666666,98.13333333333333,-160.0
2233,-533.3333333333334,87.46666666666667,-162.13333333333333
2234,-529.0666666666666,96.0,-168.53333333333333
2235,-541.8666666666667,93.86666666666666,-166.4
2236,-531.2,93.86666666666666,-168.53333333333333
2237,-535.4666666666667,96.0,-166.4
2238,-531.2,93.86666666666666,-164.26666666666665
2239,-541.8666666666667,100.26666666666667,-174.93333333333334
2240,-535.4666666666667,98.13333333333333,-168.53333333333333
2241,-533.3333333333334,89.6,-170.66666666666666
2242,-533.3333333333334,91.73333333333333,-170.66666666666666
2243,-531.2,91.73333333333333,-168.53333333333333
2244,-531.2,91.73333333333333,-168.53333333333333
2245,-531.2,91.73333333333333,-168.53333333333333
2246,-531.2,96.0,-164.26666666666665
2247,-529.0666666666666,89.6,-168.53333333333333
2248,-535.4666666666667,91.73333333333333,-166.4
2249,-535.4666666666667,100.26666666666667,-164.26666666666665
2250,-531.2,91.73333333333333,-168.53333333333333
2251,-529.0666666666666,96.0,-170.66666666666666
2252,-533.3333333333334,91.73333333333333,-164.26666666666665
2253,-529.0666666666666,89.6,-166.4
2254,-531.2,93.86666666666666,-155.73333333333332
2255,-531.2,91.73333333333333,-157.86666666666667
2256,-535.4666666666667,98.13333333333333,-162.13333333333333
2257,-539.7333333333333,98.13333333333333,-164.26666666666665
2258,-533.3333333333334,87.46666666666667,-164.26666666666665
2259,-529.0666666666666,89.6,-160.0
2260,-531.2,91.73333333333333,-155.73333333333332
2261,-531.2,89.6,-166.4
2262,-533.3333333333334,98.13333333333333,-164.26666666666665
2263,-537.6,102.4,-157.86666666666667
2264,-531.2,91.73333333333333,-151.46666666666667
2265,-535.4666666666667,98.13333333333333,-166.4
2266,-537.6,100.26666666666667,-164.26666666666665
2267,-529.0666666666666,91.73333333333333,-164.26666666666665
2268,-537.6,91.73333333333333,-168.53333333333333
2269,-529.0666666666666,91.73333333333333,-166.4
2270,-531.2,83.2,-166.4
2271,-529.0666666666666,89.6,-168.53333333333333
2272,-535.4666666666667,91.73333333333333,-166.4
2273,-535.4666666666667,91.73333333333333,-160.0
2274,-535.4666666666667,96.0,-162.13333333333333
2275,-537.6,98.13333333333333,-162.13333333333333
2276,-539.7333333333333,96.0,-164.26666666666665
2277,-535.4666666666667,89.6,-160.0
2278,-535.4666666666667,85.33333333333333,-172.8
2279,-531.2,93.86666666666666,-157.86666666666667
2280,-531.2,91.73333333333333,-166.4
2281,-535.4666666666667,96.0,-164.26666666666665
2282,-535.4666666666667,93.86666666666666,-162.13333333333333
2283,-526.9333333333333,87.46666666666667,-168.53333333333333
2284,-535.4666666666667,91.73333333333333,-162.13333333333333
2285,-533.3333333333334,96.0,-164.26666666666665
2286,-529.0666666666666,96.0,-170.66666666666666
2287,-533.3333333333334,98.13333333333333,-170.66666666666666
2288,-526.9333333333333,98.13333333333333,-166.4
2289,-533.3333333333334,96.0,-170.66666666666666
2290,-533.3333333333334,98.13333333333333,-166.4
2291,-531.2,91.73333333333333,-168.53333333333333
2292,-529.0666666666666,98.13333333333333,-177.06666666666666
2293,-531.2,93.86666666666666,-168.53333333333333
2294,-535.4666666666667,96.0,-168.53333333333333
2295,-529.0666666666666,91.73333333333333,-172.8
2296,-537.6,98.13333333333333,-166.4
2297,-531.2,91.73333333333333,-166.4
2298,-535.4666666666667,100.26666666666667,-164.26666666666665
2299,-531.2,93.86666666666666,-164.26666666666665
2300,-541.8666666666667,98.13333333333333,-166.4
2301,-535.4666666666667,93.86666666666666,-172.8
2302,-539.7333333333333,89.6,-172.8
2303,-529.0666666666666,93.86666666666666,-174.93333333333334
2304,-533.3333333333334,89.6,-162.13333333333333
2305,-539.7333333333333,98.13333333333333,-168.53333333333333
2306,-533.3333333333334,89.6,-168.53333333333333
2307,-531.2,91.73333333333333,-174.93333333333334
2308,-531.2,91.73333333333333,-166.4
2309,-533.3333333333334,93.86666666666666,-168.53333333333333
2310,-539.7333333333333,91.73333333333333,-170.66666666666666
2311,-529.0666666666666,91.73333333333333,-164.26666666666665
2312,-535.4666666666667,93.86666666666666,-168.53333333333333
2313,-531.2,91.73333333333333,-170.66666666666666
2314,-535.4666666666667,96.0,-172.8
2315,-526.9333333333333,96.0,-172.8
2316,-535.4666666666667,93.86666666666666,-168.53333333333333
2317,-529.0666666666666,89.6,-166.4
2318,-531.2,93.86666666666666,-162.13333333333333
2319,-526.9333333333333,93.86666666666666,-174.93333333333334
2320,-529.0666666666666,91.73333333333333,-170.66666666666666
2321,-533.3333333333334,89.6,-162.13333333333333
2322,-529.0666666666666,91.73333333333333,-170.66666666666666
2323,-535.4666666666667,93.86666666666666,-172.8
2324,-537.6,93.86666666666666,-166.4
2325,-537.6,89.6,-174.93333333333334
2326,-531.2,91.73333333333333,-164.26666666666665
2327,-531.2,89.6,-170.66666666666666
2328,-535.4666666666667,85.33333333333333,-170.66666666666666
2329,-531.2,91.73333333333333,-164.26666666666665
2330,-531.2,81.06666666666666,-177.06666666666666
2331,-535.4666666666667,89.6,-164.26666666666665
2332,-529.0666666666666,87.46666666666667,-164.26666666666665
2333,-529.0666666666666,87.46666666666667,-174.93333333333334
2334,-529.0666666666666,83.2,-157.86666666666667
2335,-533.3333333333334,76.8,-172.8
2336,-524.8,81.06666666666666,-168.53333333333333
2337,-524.8,85.33333333333333,-170.66666666666666
2338,-533.3333333333334,83.2,-166.4
2339,-531.2,85.33333333333333,-168.53333333333333
2340,-533.3333333333334,87.46666666666667,-172.8
2341,-535.4666666666667,81.06666666666666,-166.4
2342,-533.3333333333334,87.46666666666667,-166.4
2343,-535.4666666666667,83.2,-177.06666666666666
2344,-533.3333333333334,89.6,-174.93333333333334
2345,-535.4666666666667,89.6,-174.93333333333334
2346,-535.4666666666667,91.73333333333333,-168.53333333333333
2347,-535.4666666666667,91.73333333333333,-172.8
2348,-531.2,91.73333333333333,-179.2
2349,-524.8,91.73333333333333,-174.93333333333334
2350,-533.3333333333334,87.46666666666667,-172.8
2351,-535.4666666666667,93.86666666666666,-168.53333333333333
2352,-533.3333333333334,91.73333333333333,-172.8
2353,-533.3333333333334,96.0,-172.8
2354,-531.2,87.46666666666667,-174.93333333333334
2355,-533.3333333333334,83.2,-172.8
2356,-531.2,93.86666666666666,-177.06666666666666
2357,-529.0666666666666,87.46666666666667,-170.66666666666666
2358,-533.3333333333334,87.46666666666667,-179.2
2359,-533.3333333333334,93.86666666666666,-174.93333333333334
2360,-526.9333333333333,91.73333333333333,-172.8
2361,-529.0666666666666,96.0,-174.93333333333334
2362,-522.6666666666666,91.73333333333333,-164.26666666666665
2363,-529.0666666666666,93.86666666666666,-172.8
2364,-526.9333333333333,93.86666666666666,-177.06666666666666
2365,-531.2,87.46666666666667,-166.4
2366,-526.9333333333333,91.73333333333333,-172.8
2367,-526.9333333333333,89.6,-168.53333333333333
2368,-529.0666666666666,89.6,-166.4
2369,-531.2,93.86666666666666,-166.4
2370,-524.8,89.6,-174.93333333333334
2371,-529.0666666666666,89.6,-172.8
2372,-526.9333333333333,87.46666666666667,-170.66666666666666
2373,-535.4666666666667,89.6,-170.66666666666666
2374,-533.3333333333334,85.33333333333333,-170.66666666666666
2375,-529.0666666666666,89.6,-170.66666666666666
2376,-537.6,91.73333333333333,-166.4
2377,-533.3333333333334,93.86666666666666,-181.33333333333334
2378,-531.2,93.86666666666666,-172.8
2379,-533.3333333333334,91.73333333333333,-170.66666666666666
2380,-535.4666666666667,91.73333333333333,-172.8
2381,-537.6,93.86666666666666,-172.8
2382,-537.6,91.73333333333333,-160.0
2383,-526.9333333333333,89.6,-170.66666666666666
2384,-533.3333333333334,91.73333333333333,-164.26666666666665
2385,-529.0666666666666,91.73333333333333,-174.93333333333334
2386,-531.2,87.46666666666667,-170.66666666666666
2387,-535.4666666666667,91.73333333333333,-162.13333333333333
2388,-529.0666666666666,87.46666666666667,-174.93333333333334
2389,-533.3333333333334,91.73333333333333,-160.0
2390,-526.9333333333333,87.46666666666667,-166.4
2391,-533.3333333333334,93.86666666666666,-166.4
2392,-533.3333333333334,85.33333333333333,-170.66666666666666
2393,-535.4666666666667,91.73333333333333,-170.66666666666666
2394,-535.4666666666667,93.86666666666666,-166.4
2395,-535.4666666666667,89.6,-162.13333333333333
2396,-537.6,87.46666666666667,-168.53333333333333
2397,-533.3333333333334,85.33333333333333,-160.0
2398,-529.0666666666666,91.73333333333333,-166.4
2399,-526.9333333333333,89.6,-170.66666666666666
2400,-535.4666666666667,96.0,-164.26666666666665
2401,-531.2,93.86666666666666,-177.06666666666666
2402,-535.4666666666667,87.46666666666667,-166.4
2403,-537.6,100.26666666666667,-166.4
2404,-533.3333333333334,96.0,-166.4
2405,-531.2,93.86666666666666,-164.26666666666665
2406,-529.0666666666666,91.73333333333333,-166.4
2407,-535.4666666666667,89.6,-172.8
2408,-531.2,91.73333333333333,-162.13333333333333
2409,-526.9333333333333,98.13333333333333,-170.66666666666666
2410,-533.3333333333334,96.0,-166.4
2411,-529.0666666666666,89.6,-168.53333333333333
2412,-529.0666666666666,89.6,-166.4
2413,-533.3333333333334,91.73333333333333,-168.53333333333333
2414,-535.4666666666667,87.46666666666667,-157.86666666666667
2415,-533.3333333333334,93.86666666666666,-166.4
2416,-531.2,85.33333333333333,-164.26666666666665
2417,-533.3333333333334,91.73333333333333,-170.66666666666666
2418,-535.4666666666667,93.86666666666666,-164.26666666666665
2419,-531.2,96.0,-166.4
2420,-526.9333333333333,91.73333333333333,-174.93333333333334
2421,-531.2,89.6,-162.13333333333333
2422,-531.2,98.13333333333333,-168.53333333333333
2423,-533.3333333333334,96.0,-170.66666666666666
2424,-526.9333333333333,87.46666666666667,-170.66666666666666
2425,-535.4666666666667,91.73333333333333,-166.4
2426,-529.0666666666666,87.46666666666667,-168.53333333333333
2427,-531.2,89.6,-174.93333333333334
2428,-531.2,89.6,-170.66666666666666
2429,-524.8,89.6,-172.8
2430,-529.0666666666666,93.86666666666666,-166.4
2431,-531.2,91.73333333333333,-164.26666666666665
2432,-531.2,98.13333333333333,-174.93333333333334
2433,-526.9333333333333,87.46666666666667,-162.13333333333333
2434,-533.3333333333334,91.73333333333333,-172.8
2435,-533.3333333333334,98.13333333333333,-177.06666666666666
2436,-533.3333333333334,91.73333333333333,-172.8
2437,-531.2,91.73333333333333,-168.53333333333333
2438,-531.2,93.86666666666666,-170.66666666666666
2439,-533.3333333333334,91.73333333333333,-177.06666666666666
2440,-529.0666666666666,89.6,-168.53333333333333
2441,-533.3333333333334,89.6,-168.53333333333333
2442,-531.2,93.86666666666666,-166.4
2443,-535.4666666666667,91.73333333333333,-166.4
2444,-537.6,96.0,-166.4
2445,-531.2,98.13333333333333,-168.53333333333333
2446,-531.2,93.86666666666666,-170.66666666666666
2447,-533.3333333333334,91.73333333333333,-166.4
2448,-524.8,91.73333333333333,-172.8
2449,-529.0666666666666,81.06666666666666,-166.4
2450,-537.6,98.13333333333333,-174.93333333333334
2451,-537.6,87.46666666666667,-170.66666666666666
2452,-533.3333333333334,93.86666666666666,-168.53333333333333
2453,-539.7333333333333,98.13333333333333,-170.66666666666666
2454,-533.3333333333334,96.0,-166.4
2455,-533.3333333333334,91.73333333333333,-166.4
2456,-529.0666666666666,91.73333333333333,-164.26666666666665
2457,-529.0666666666666,91.73333333333333,-164.26666666666665
2458,-535.4666666666667,96.0,-166.4
2459,-535.4666666666667,89.6,-166.4
2460,-535.4666666666667,93.86666666666666,-168.53333333333333
2461,-533.3333333333334,93.86666666666666,-166.4
2462,-531.2,93.86666666666666,-157.86666666666667
2463,-535.4666666666667,91.73333333333333,-162.13333333333333
2464,-535.4666666666667,96.0,-160.0
2465,-531.2,89.6,-168.53333333333333
2466,-533.3333333333334,98.13333333333333,-166.4
2467,-533.3333333333334,93.86666666666666,-166.4
2468,-535.4666666666667,96.0,-166.4
2469,-524.8,91.73333333333333,-157.86666666666667
2470,-537.6,100.26666666666667,-170.66666666666666
2471,-531.2,96.0,-166.4
2472,-537.6,93.86666666666666,-164.26666666666665
2473,-529.0666666666666,91.73333333333333,-162.13333333333333
2474,-535.4666666666667,91.73333333333333,-172.8
2475,-535.4666666666667,91.73333333333333,-166.4
2476,-539.7333333333333,98.13333333333333,-170.66666666666666
2477,-533.3333333333334,91.73333333333333,-162.13333333333333
2478,-535.4666666666667,91.73333333333333,-177.06666666666666
2479,-529.0666666666666,87.46666666666667,-166.4
2480,-533.3333333333334,91.73333333333333,-162.13333333333333
2481,-535.4666666666667,96.0,-168.53333333333333
2482,-535.4666666666667,91.73333333333333,-162.13333333333333
2483,-535.4666666666667,96.0,-168.53333333333333
2484,-533.3333333333334,89.6,-166.4
2485,-531.2,91.73333333333333,-164.26666666666665
2486,-531.2,89.6,-162.13333333333333
2487,-531.2,83.2,-157.86666666666667
2488,-531.2,91.73333333333333,-160.0
2489,-533.3333333333334,96.0,-164.26666666666665
2490,-531.2,85.33333333333333,-168.53333333333333
2491,-531.2,91.73333333333333,-170.66666666666666
2492,-524.8,91.73333333333333,-162.13333333333333
2493,-533.3333333333334,98.13333333333333,-168.53333333333333
2494,-529.0666666666666,93.86666666666666,-162.13333333333333
2495,-526.9333333333333,89.6,-162.13333333333333
2496,-531.2,96.0,-172.8
2497,-533.3333333333334,98.13333333333333,-166.4
2498,-531.2,91.73333333333333,-166.4
2499,-535.4666666666667,87.46666666666667,-170.66666666666666
2500,-533.3333333333334,96.0,-164.26666666666665
2501,-533.3333333333334,98.13333333333333,-162.13333333333333
2502,-531.2,93.86666666666666,-164.26666666666665
2503,-529.0666666666666,87.46666666666667,-160.0
2504,-539.7333333333333,93.86666666666666,-157.86666666666667
2505,-529.0666666666666,96.0,-168.53333333333333
2506,-533.3333333333334,91.73333333333333,-162.13333333333333
2507,-529.0666666666666,93.86666666666666,-162.13333333333333
2508,-535.4666666666667,93.86666666666666,-164.26666666666665
2509,-526.9333333333333,91.73333333333333,-168.53333333333333
2510,-535.4666666666667,96.0,-166.4
2511,-535.4666666666667,96.0,-160.0
2512,-529.0666666666666,98.13333333333333,-164.26666666666665
2513,-531.2,91.73333333333333,-162.13333333333333
2514,-533.3333333333334,91.73333333333333,-160.0
2515,-531.2,89.6,-164.26666666666665
2516,-531.2,98.13333333333333,-174.93333333333334
2517,-533.3333333333334,98.13333333333333,-160.0
2518,-537.6,96.0,-164.26666666666665
2519,-526.9333333333333,93.86666666666666,-168.53333333333333
2520,-533.3333333333334,93.86666666666666,-168.53333333333333
2521,-531.2,96.0,-170.66666666666666
2522,-529.0666666666666,93.86666666666666,-164.26666666666665
2523,-531.2,102.4,-172.8
2524,-529.0666666666666,98.13333333333333,-164.26666666666665
2525,-531.2,91.73333333333333,-162.13333333333333
2526,-533.3333333333334,100.26666666666667,-166.4
2527,-535.4666666666667,89.6,-168.53333333333333
2528,-531.2,98.13333333333333,-162.13333333333333
2529,-533.3333333333334,93.86666666666666,-166.4
2530,-531.2,98.13333333333333,-166.4
2531,-535.4666666666667,93.86666666666666,-166.4
2532,-529.0666666666666,91.73333333333333,-164.26666666666665
2533,-529.0666666666666,98.13333333333333,-160.0
2534,-531.2,96.0,-164.26666666666665
2535,-529.0666666666666,93.86666666666666,-166.4
2536,-531.2,96.0,-160.0
2537,-529.0666666666666,93.86666666666666,-162.13333333333333
2538,-531.2,93.86666666666666,-164.26666666666665
2539,-531.2,98.13333333333333,-162.13333333333333
2540,-529.0666666666666,102.4,-164.26666666666665
2541,-533.3333333333334,96.0,-166.4
2542,-535.4666666666667,89.6,-172.8
2543,-535.4666666666667,96.0,-166.4
2544,-524.8,91.73333333333333,-162.13333333333333
2545,-531.2,98.13333333333333,-170.66666666666666
2546,-537.6,91.73333333333333,-164.26666666666665
2547,-526.9333333333333,91.73333333333333,-172.8
2548,-533.3333333333334,96.0,-170.66666666666666
2549,-526.9333333333333,89.6,-168.53333333333333
2550,-531.2,89.6,-162.13333333333333
2551,-537.6,98.13333333333333,-164.26666666666665
2552,-537.6,93.86666666666666,-164.26666666666665
2553,-533.3333333333334,96.0,-166.4
2554,-535.4666666666667,96.0,-172.8
2555,-533.3333333333334,96.0,-166.4
2556,-531.2,93.86666666666666,-157.86666666666667
2557,-535.4666666666667,98.13333333333333,-162.13333333333333
2558,-529.0666666666666,98.13333333333333,-170.66666666666666
2559,-531.2,91.73333333333333,-160.0
2560,-529.0666666666666,96.0,-172.8
2561,-531.2,96.0,-157.86666666666667
2562,-533.3333333333334,91.73333333333333,-170.66666666666666
2563,-529.0666666666666,96.0,-168.53333333333333
2564,-531.2,93.86666666666666,-166.4
2565,-537.6,100.26666666666667,-168.53333333333333
2566,-535.4666666666667,98.13333333333333,-164.26666666666665
2567,-529.0666666666666,89.6,-166.4
2568,-535.4666666666667,100.26666666666667,-164.26666666666665
2569,-533.3333333333334,93.86666666666666,-164.26666666666665
2570,-526.9333333333333,89.6,-172.8
2571,-531.2,93.86666666666666,-166.4
2572,-533.3333333333334,96.0,-166.4
2573,-531.2,93.86666666666666,-166.4
2574,-531.2,91.73333333333333,-162.13333333333333
2575,-533.3333333333334,98.13333333333333,-168.53333333333333
2576,-531.2,98.13333333333333,-160.0
2577,-533.3333333333334,98.13333333333333,-162.13333333333333
2578,-529.0666666666666,93.86666666666666,-164.26666666666665
2579,-533.3333333333334,96.0,-168.53333333333333
2580,-531.2,104.53333333333333,-166.4
2581,-529.0666666666666,96.0,-164.26666666666665
2582,-535.4666666666667,100.26666666666667,-164.26666666666665
2583,-531.2,93.86666666666666,-172.8
2584,-533.3333333333334,102.4,-162.13333333333333
2585,-533.3333333333334,98.13333333333333,-164.26666666666665
2586,-531.2,96.0,-172.8
2587,-531.2,96.0,-168.53333333333333
2588,-531.2,89.6,-168.53333333333333
2589,-533.3333333333334,100.26666666666667,-168.53333333333333
2590,-526.9333333333333,91.73333333333333,-174.93333333333334
2591,-531.2,91.73333333333333,-172.8
2592,-531.2,102.4,-170.66666666666666
2593,-541.8666666666667,100.26666666666667,-164.26666666666665
2594,-533.3333333333334,96.0,-164.26666666666665
2595,-533.3333333333334,91.73333333333333,-174.93333333333334
2596,-531.2,98.13333333333333,-168.53333333333333
2597,-533.3333333333334,98.13333333333333,-168.53333333333333
2598,-531.2,91.73333333333333,-155.73333333333332
2599,-535.4666666666667,96.0,-170.66666666666666
2600,-535.4666666666667,96.0,-162.13333333333333
2601,-533.3333333333334,91.73333333333333,-162.13333333333333
2602,-526.9333333333333,85.33333333333333,-166.4
2603,-531.2,93.86666666666666,-166.4
2604,-529.0666666666666,91.73333333333333,-164.26666666666665
2605,-529.0666666666666,91.73333333333333,-166.4
2606,-535.4666666666667,98.13333333333333,-177.06666666666666
2607,-535.4666666666667,98.13333333333333,-164.26666666666665
2608,-541.8666666666667,93.86666666666666,-172.8
2609,-539.7333333333333,96.0,-157.86666666666667
2610,-533.3333333333334,96.0,-174.93333333333334
2611,-533.3333333333334,98.13333333333333,-166.4
2612,-531.2,91.73333333333333,-172.8
2613,-531.2,93.86666666666666,-157.86666666666667
2614,-531.2,93.86666666666666,-164.26666666666665
2615,-535.4666666666667,96.0,-166.4
2616,-529.0666666666666,89.6,-170.66666666666666
2617,-526.9333333333333,93.86666666666666,-160.0
2618,-529.0666666666666,96.0,-164.26666666666665
2619,-533.3333333333334,89.6,-164.26666666666665
2620,-535.4666666666667,91.73333333333333,-162.13333333333333
2621,-533.3333333333334,91.73333333333333,-160.0
2622,-533.3333333333334,85.33333333333333,-160.0
2623,-531.2,96.0,-168.53333333333333
2624,-537.6,96.0,-168.53333333333333
2625,-533.3333333333334,91.73333333333333,-166.4
2626,-529.0666666666666,96.0,-170.66666666666666
2627,-531.2,93.86666666666666,-168.53333333333333
2628,-533.3333333333334,93.86666666666666,-168.53333333333333
2629,-533.3333333333334,93.86666666666666,-166.4
2630,-531.2,96.0,-166.4
2631,-544.0,102.4,-170.66666666666666
2632,-535.4666666666667,91.73333333333333,-166.4
2633,-531.2,98.13333333333333,-164.26666666666665
2634,-529.0666666666666,91.73333333333333,-174.93333333333334
2635,-529.0666666666666,93.86666666666666,-170.66666666666666
2636,-531.2,93.86666666666666,-170.66666666666666
2637,-526.9333333333333,93.86666666666666,-164.26666666666665
2638,-533.3333333333334,93.86666666666666,-166.4
2639,-533.3333333333334,91.73333333333333,-168.53333333333333
2640,-533.3333333333334,89.6,-162.13333333333333
2641,-533.3333333333334,93.86666666666666,-170.66666666666666
2642,-531.2,93.86666666666666,-166.4
2643,-533.3333333333334,96.0,-164.26666666666665
2644,-529.0666666666666,98.13333333333333,-168.53333333333333
2645,-526.9333333333333,96.0,-166.4
2646,-537.6,96.0,-157.86666666666667
2647,-533.3333333333334,98.13333333333333,-168.53333333333333
2648,-522.6666666666666,89.6,-170.66666666666666
2649,-531.2,93.86666666666666,-170.66666666666666
2650,-535.4666666666667,96.0,-168.53333333333333
2651,-533.3333333333334,93.86666666666666,-157.86666666666667
2652,-535.4666666666667,98.13333333333333,-164.26666666666665
2653,-537.6,100.26666666666667,-170.66666666666666
2654,-529.0666666666666,98.13333333333333,-164.26666666666665
2655,-535.4666666666667,104.53333333333333,-160.0
2656,-531.2,96.0,-168.53333333333333
2657,-533.3333333333334,91.73333333333333,-164.26666666666665
2658,-537.6,100.26666666666667,-157.86666666666667
2659,-529.0666666666666,102.4,-168.53333333333333
2660,-529.0666666666666,96.0,-166.4
2661,-533.3333333333334,96.0,-164.26666666666665
2662,-529.0666666666666,96.0,-168.53333333333333
2663,-529.0666666666666,91.73333333333333,-164.26666666666665
2664,-526.9333333333333,87.46666666666667,-164.26666666666665
2665,-526.9333333333333,91.73333333333333,-155.73333333333332
2666,-531.2,91.73333333333333,-166.4
2667,-535.4666666666667,98.13333333333333,-177.06666666666666
2668,-535.4666666666667,96.0,-164.26666666666665
2669,-533.3333333333334,98.13333333333333,-170.66666666666666
2670,-531.2,93.86666666666666,-164.26666666666665
2671,-531.2,96.0,-174.93333333333334
2672,-537.6,98.13333333333333,-164.26666666666665
2673,-531.2,93.86666666666666,-168.53333333333333
2674,-526.9333333333333,96.0,-168.53333333333333
2675,-533.3333333333334,98.13333333333333,-168.53333333333333
2676,-529.0666666666666,91.73333333333333,-166.4
2677,-526.9333333333333,100.26666666666667,-164.26666666666665
2678,-537.6,102.4,-164.26666666666665
2679,-535.4666666666667,96.0,-170.66666666666666
2680,-531.2,100.26666666666667,-157.86666666666667
2681,-529.0666666666666,93.86666666666666,-162.13333333333333
2682,-535.4666666666667,100.26666666666667,-177.06666666666666
2683,-533.3333333333334,93.86666666666666,-162.13333333333333
2684,-533.3333333333334,96.0,-166.4
2685,-537.6,91.73333333333333,-168.53333333333333
2686,-533.3333333333334,98.13333333333333,-168.53333333333333
2687,-526.9333333333333,91.73333333333333,-162.13333333333333
2688,-533.3333333333334,93.86666666666666,-168.53333333333333
2689,-533.3333333333334,98.13333333333333,-162.13333333333333
2690,-533.3333333333334,98.13333333333333,-162.13333333333333
2691,-531.2,93.86666666666666,-172.8
2692,-533.3333333333334,102.4,-172.8
2693,-531.2,98.13333333333333,-166.4
2694,-531.2,93.86666666666666,-166.4
2695,-533.3333333333334,91.73333333333333,-155.73333333333332
2696,-533.3333333333334,98.13333333333333,-160.0
2697,-535.4666666666667,98.13333333333333,-162.13333333333333
2698,-531.2,100.26666666666667,-164.26666666666665
2699,-531.2,93.86666666666666,-168.53333333333333
2700,-526.9333333333333,98.13333333333333,-174.93333333333334
2701,-537.6,98.13333333333333,-160.0
2702,-529.0666666666666,100.26666666666667,-164.26666666666665
2703,-531.2,98.13333333333333,-170.66666666666666
2704,-529.0666666666666,96.0,-168.53333333333333
2705,-537.6,98.13333333333333,-153.6
2706,-535.4666666666667,96.0,-164.26666666666665
2707,-535.4666666666667,96.0,-172.8
2708,-533.3333333333334,93.86666666666666,-170.66666666666666
2709,-529.0666666666666,91.73333333333333,-162.13333333333333
2710,-524.8,89.6,-170.66666666666666
2711,-541.8666666666667,93.86666666666666,-166.4
2712,-531.2,93.86666666666666,-162.13333333333333
2713,-529.0666666666666,91.73333333333333,-164.26666666666665
2714,-535.4666666666667,85.33333333333333,-168.53333333333333
2715,-533.3333333333334,96.0,-166.4
2716,-531.2,89.6,-166.4
2717,-531.2,96.0,-166.4
2718,-533.3333333333334,93.86666666666666,-168.53333333333333
2719,-529.0666666666666,96.0,-166.4
2720,-533.3333333333334,93.86666666666666,-170.66666666666666
2721,-529.0666666666666,93.86666666666666,-164.26666666666665
2722,-533.3333333333334,93.86666666666666,-162.13333333333333
2723,-535.4666666666667,98.13333333333333,-172.8
2724,-529.0666666666666,104.53333333333333,-200.53333333333333
2725,-533.3333333333334,89.6,-179.2
2726,-520.5333333333333,104.53333333333333,-179.2
2727,-531.2,87.46666666666667,-162.13333333333333
2728,-518.4,89.6,-172.8
2729,-524.8,104.53333333333333,-151.46666666666667
2730,-497.06666666666666,119.46666666666667,-157.86666666666667
2731,-531.2,93.86666666666666,-168.53333333333333
2732,-533.3333333333334,96.0,-172.8
2733,-529.0666666666666,93.86666666666666,-172.8
2734,-531.2,89.6,-172.8
2735,-529.0666666666666,93.86666666666666,-168.53333333333333
2736,-535.4666666666667,102.4,-170.66666666666666
2737,-533.3333333333334,96.0,-162.13333333333333
2738,-535.4666666666667,96.0,-164.26666666666665
2739,-526.9333333333333,91.73333333333333,-164.26666666666665
2740,-531.2,100.26666666666667,-164.26666666666665
2741,-529.0666666666666,87.46666666666667,-162.13333333333333
2742,-535.4666666666667,96.0,-168.53333333333333
2743,-531.2,98.13333333333333,-172.8
2744,-535.4666666666667,98.13333333333333,-166.4
2745,-531.2,93.86666666666666,-164.26666666666665
2746,-531.2,89.6,-166.4
2747,-533.3333333333334,91.73333333333333,-162.13333333333333
2748,-531.2,102.4,-174.93333333333334
2749,-529.0666666666666,98.13333333333333,-170.66666666666666
2750,-531.2,98.13333333333333,-170.66666666666666
2751,-533.3333333333334,91.73333333333333,-170.66666666666666
2752,-531.2,93.86666666666666,-166.4
2753,-524.8,91.73333333333333,-172.8
2754,-529.0666666666666,96.0,-166.4
2755,-533.3333333333334,96.0,-170.66666666666666
2756,-529.0666666666666,93.86666666666666,-172.8
2757,-531.2,91.73333333333333,-166.4
2758,-533.3333333333334,98.13333333333333,-172.8
2759,-535.4666666666667,89.6,-164.26666666666665
2760,-537.6,87.46666666666667,-166.4
2761,-529.0666666666666,91.73333333333333,-164.26666666666665
2762,-535.4666666666667,91.73333333333333,-168.53333333333333
2763,-539.7333333333333,98.13333333333333,-166.4
2764,-529.0666666666666,89.6,-168.53333333333333
2765,-535.4666666666667,93.86666666666666,-162.13333333333333
2766,-531.2,96.0,-168.53333333333333
2767,-529.0666666666666,87.46666666666667,-174.93333333333334
2768,-526.9333333333333,89.6,-172.8
2769,-531.2,93.86666666666666,-166.4
2770,-526.9333333333333,91.73333333333333,-162.13333333333333
2771,-526.9333333333333,89.6,-174.93333333333334
2772,-531.2,93.86666666666666,-170.66666666666666
2773,-529.0666666666666,96.0,-170.66666666666666
2774,-531.2,93.86666666666666,-174.93333333333334
2775,-529.0666666666666,91.73333333333333,-166.4
2776,-533.3333333333334,89.6,-168.53333333333333
2777,-531.2,96.0,-164.26666666666665
2778,-531.2,89.6,-168.53333333333333
2779,-533.3333333333334,91.73333333333333,-166.4
2780,-526.9333333333333,93.86666666666666,-164.26666666666665
2781,-526.9333333333333,87.46666666666667,-166.4
2782,-533.3333333333334,93.86666666666666,-172.8
2783,-531.2,91.73333333333333,-168.53333333333333
2784,-535.4666666666667,93.86666666666666,-172.8
2785,-535.4666666666667,98.13333333333333,-170.66666666666666
2786,-529.0666666666666,91.73333333333333,-168.53333333333333
2787,-531.2,96.0,-168.53333333333333
2788,-524.8,93.86666666666666,-172.8
2789,-526.9333333333333,87.46666666666667,-168.53333333333333
2790,-529.0666666666666,89.6,-164.26666666666665
2791,-535.4666666666667,87.46666666666667,-170.66666666666666
2792,-529.0666666666666,93.86666666666666,-164.26666666666665
2793,-531.2,89.6,-168.53333333333333
2794,-535.4666666666667,96.0,-166.4
2795,-537.6,91.73333333333333,-164.26666666666665
2796,-533.3333333333334,91.73333333333333,-168.53333333333333
2797,-533.3333333333334,91.73333333333333,-181.33333333333334
2798,-531.2,89.6,-166.4
2799,-533.3333333333334,91.73333333333333,-177.06666666666666
2800,-531.2,96.0,-174.93333333333334
2801,-531.2,93.86666666666666,-172.8
2802,-529.0666666666666,93.86666666666666,-164.26666666666665
2803,-526.9333333333333,87.46666666666667,-168.53333333333333
2804,-524.8,89.6,-168.53333333333333
2805,-533.3333333333334,91.73333333333333,-170.66666666666666
2806,-531.2,93.86666666666666,-168.53333333333333
2807,-535.4666666666667,96.0,-166.4
2808,-533.3333333333334,91.73333333333333,-172.8
2809,-526.9333333333333,91.73333333333333,-170.66666666666666
2810,-537.6,91.73333333333333,-170.66666666666666
2811,-524.8,93.86666666666666,-177.06666666666666
2812,-529.0666666666666,87.46666666666667,-168.53333333333333
2813,-524.8,83.2,-170.66666666666666
2814,-533.3333333333334,91.73333333333333,-172.8
2815,-526.9333333333333,87.46666666666667,-174.93333333333334
2816,-529.0666666666666,91.73333333333333,-166.4
2817,-535.4666666666667,89.6,-172.8
2818,-535.4666666666667,89.6,-168.53333333333333
2819,-529.0666666666666,87.46666666666667,-172.8
2820,-526.9333333333333,89.6,-170.66666666666666
2821,-533.3333333333334,91.73333333333333,-166.4
2822,-526.9333333333333,89.6,-166.4
2823,-537.6,85.33333333333333,-168.53333333333333
2824,-535.4666666666667,91.73333333333333,-179.2
2825,-533.3333333333334,87.46666666666667,-181.33333333333334
2826,-529.0666666666666,89.6,-170.66666666666666
2827,-533.3333333333334,93.86666666666666,-170.66666666666666
2828,-537.6,89.6,-168.53333333333333
2829,-531.2,91.73333333333333,-172.8
2830,-524.8,87.46666666666667,-170.66666666666666
2831,-533.3333333333334,93.86666666666666,-170.66666666666666
2832,-529.0666666666666,85.33333333333333,-170.66666666666666
2833,-535.4666666666667,85.33333333333333,-164.26666666666665
2834,-539.7333333333333,106.66666666666667,-183.46666666666667
2835,-539.7333333333333,96.0,-170.66666666666666
2836,-531.2,85.33333333333333,-170.66666666666666
2837,-533.3333333333334,89.6,-181.33333333333334
2838,-529.0666666666666,89.6,-179.2
2839,-531.2,85.33333333333333,-164.26666666666665
2840,-533.3333333333334,89.6,-166.4
2841,-526.9333333333333,89.6,-170.66666666666666
2842,-537.6,91.73333333333333,-172.8
2843,-533.3333333333334,89.6,-181.33333333333334
2844,-524.8,85.33333333333333,-170.66666666666666
2845,-535.4666666666667,89.6,-187.73333333333332
2846,-529.0666666666666,83.2,-177.06666666666666
2847,-529.0666666666666,93.86666666666666,-179.2
2848,-524.8,91.73333333333333,-179.2
2849,-529.0666666666666,83.2,-174.93333333333334
2850,-531.2,78.93333333333334,-177.06666666666666
2851,-531.2,85.33333333333333,-170.66666666666666
2852,-531.2,85.33333333333333,-172.8
2853,-526.9333333333333,83.2,-172.8
2854,-524.8,87.46666666666667,-172.8
2855,-533.3333333333334,89.6,-170.66666666666666
2856,-531.2,87.46666666666667,-164.26666666666665
2857,-526.9333333333333,85.33333333333333,-166.4
2858,-529.0666666666666,83.2,-177.06666666666666
2859,-535.4666666666667,87.46666666666667,-162.13333333333333
2860,-526.9333333333333,85.33333333333333,-181.33333333333334
2861,-533.3333333333334,85.33333333333333,-177.06666666666666
2862,-531.2,85.33333333333333,-170.66666666666666
2863,-529.0666666666666,78.93333333333334,-168.53333333333333
2864,-526.9333333333333,83.2,-181.33333333333334
2865,-537.6,91.73333333333333,-170.66666666666666
2866,-524.8,93.86666666666666,-166.4
2867,-533.3333333333334,87.46666666666667,-168.53333333333333
2868,-535.4666666666667,89.6,-174.93333333333334
2869,-535.4666666666667,89.6,-183.46666666666667
2870,-526.9333333333333,81.06666666666666,-172.8
2871,-526.9333333333333,87.46666666666667,-179.2
2872,-531.2,87.46666666666667,-174.93333333333334
2873,-531.2,85.33333333333333,-179.2
2874,-539.7333333333333,85.33333333333333,-170.66666666666666
2875,-531.2,87.46666666666667,-177.06666666666666
2876,-526.9333333333333,89.6,-172.8
2877,-531.2,85.33333333333333,-172.8
2878,-529.0666666666666,78.93333333333334,-170.66666666666666
2879,-524.8,87.46666666666667,-179.2
2880,-529.0666666666666,85.33333333333333,-179.2
2881,-529.0666666666666,83.2,-170.66666666666666
2882,-533.3333333333334,83.2,-174.93333333333334
2883,-529.0666666666666,93.86666666666666,-185.6
2884,-526.9333333333333,85.33333333333333,-185.6
2885,-531.2,85.33333333333333,-168.53333333333333
2886,-529.0666666666666,89.6,-179.2
2887,-522.6666666666666,85.33333333333333,-177.06666666666666
2888,-529.0666666666666,87.46666666666667,-172.8
2889,-529.0666666666666,83.2,-181.33333333333334
2890,-526.9333333333333,83.2,-168.53333333333333
2891,-533.3333333333334,89.6,-177.06666666666666
2892,-535.4666666666667,78.93333333333334,-177.06666666666666
2893,-533.3333333333334,83.2,-177.06666666666666
2894,-526.9333333333333,87.46666666666667,-177.06666666666666
2895,-520.5333333333333,81.06666666666666,-166.4
2896,-529.0666666666666,89.6,-183.46666666666667
2897,-535.4666666666667,85.33333333333333,-181.33333333333334
2898,-526.9333333333333,89.6,-179.2
2899,-529.0666666666666,89.6,-170.66666666666666
2900,-533.3333333333334,89.6,-179.2
2901,-529.0666666666666,89.6,-174.93333333333334
2902,-535.4666666666667,91.73333333333333,-179.2
2903,-535.4666666666667,91.73333333333333,-177.06666666666666
2904,-535.4666666666667,85.33333333333333,-183.46666666666667
2905,-529.0666666666666,85.33333333333333,-172.8
2906,-531.2,85.33333333333333,-177.06666666666666
2907,-533.3333333333334,89.6,-179.2
2908,-529.0666666666666,85.33333333333333,-172.8
2909,-526.9333333333333,83.2,-166.4
2910,-526.9333333333333,74.66666666666667,-181.33333333333334
2911,-526.9333333333333,81.06666666666666,-170.66666666666666
2912,-526.9333333333333,85.33333333333333,-172.8
2913,-535.4666666666667,83.2,-174.93333333333334
2914,-526.9333333333333,87.46666666666667,-179.2
2915,-531.2,85.33333333333333,-170.66666666666666
2916,-531.2,87.46666666666667,-181.33333333333334
2917,-529.0666666666666,87.46666666666667,-179.2
2918,-529.0666666666666,87.46666666666667,-177.06666666666666
2919,-533.3333333333334,87.46666666666667,-179.2
2920,-526.9333333333333,89.6,-172.8
2921,-526.9333333333333,91.73333333333333,-183.46666666666667
2922,-526.9333333333333,87.46666666666667,-183.46666666666667
2923,-531.2,91.73333333333333,-174.93333333333334
2924,-539.7333333333333,96.0,-172.8
2925,-526.9333333333333,87.46666666666667,-177.06666666666666
2926,-533.3333333333334,85.33333333333333,-177.06666666666666
2927,-529.0666666666666,89.6,-172.8
2928,-529.0666666666666,87.46666666666667,-177.06666666666666
2929,-531.2,91.73333333333333,-179.2
2930,-526.9333333333333,89.6,-172.8
2931,-535.4666666666667,96.0,-170.66666666666666
2932,-533.3333333333334,89.6,-172.8
2933,-535.4666666666667,93.86666666666666,-179.2
2934,-526.9333333333333,87.46666666666667,-174.93333333333334
2935,-531.2,85.33333333333333,-174.93333333333334
2936,-533.3333333333334,85.33333333333333,-172.8
2937,-535.4666666666667,93.86666666666666,-177.06666666666666
2938,-531.2,91.73333333333333,-172.8
2939,-533.3333333333334,89.6,-179.2
2940,-526.9333333333333,89.6,-177.06666666666666
2941,-526.9333333333333,89.6,-168.53333333333333
2942,-531.2,91.73333333333333,-172.8
2943,-533.3333333333334,89.6,-168.53333333333333
2944,-531.2,83.2,-170.66666666666666
2945,-526.9333333333333,85.33333333333333,-172.8
2946,-529.0666666666666,87.46666666666667,-168.53333333333333
2947,-529.0666666666666,85.33333333333333,-172.8
2948,-526.9333333333333,89.6,-164.26666666666665
2949,-533.3333333333334,85.33333333333333,-166.4
2950,-535.4666666666667,91.73333333333333,-179.2
2951,-531.2,89.6,-174.93333333333334
2952,-531.2,85.33333333333333,-168.53333333333333
2953,-535.4666666666667,93.86666666666666,-170.66666666666666
2954,-531.2,89.6,-172.8
2955,-535.4666666666667,91.73333333333333,-177.06666666666666
2956,-529.0666666666666,91.73333333333333,-181.33333333333334
2957,-533.3333333333334,85.33333333333333,-177.06666666666666
2958,-531.2,91.73333333333333,-177.06666666666666
2959,-533.3333333333334,91.73333333333333,-170.66666666666666
2960,-529.0666666666666,91.73333333333333,-170.66666666666666
2961,-535.4666666666667,89.6,-174.93333333333334
2962,-537.6,93.86666666666666,-164.26666666666665
2963,-533.3333333333334,85.33333333333333,-168.53333333333333
2964,-533.3333333333334,96.0,-172.8
2965,-522.6666666666666,87.46666666666667,-177.06666666666666
2966,-533.3333333333334,87.46666666666667,-166.4
2967,-531.2,85.33333333333333,-172.8
2968,-526.9333333333333,89.6,-172.8
2969,-531.2,91.73333333333333,-166.4
2970,-531.2,87.46666666666667,-164.26666666666665
2971,-539.7333333333333,85.33333333333333,-168.53333333333333
2972,-535.4666666666667,91.73333333333333,-174.93333333333334
2973,-535.4666666666667,96.0,-164.26666666666665
2974,-533.3333333333334,93.86666666666666,-162.13333333333333
2975,-531.2,91.73333333333333,-168.53333333333333
2976,-529.0666666666666,89.6,-172.8
2977,-535.4666666666667,93.86666666666666,-168.53333333333333
2978,-533.3333333333334,89.6,-166.4
2979,-533.3333333333334,89.6,-164.26666666666665
2980,-531.2,89.6,-172.8
2981,-531.2,89.6,-172.8
2982,-533.3333333333334,91.73333333333333,-177.06666666666666
2983,-533.3333333333334,93.86666666666666,-168.53333333333333
2984,-535.4666666666667,89.6,-164.26666666666665
2985,-533.3333333333334,96.0,-164.26666666666665
2986,-531.2,93.86666666666666,-166.4
2987,-526.9333333333333,89.6,-177.06666666666666
2988,-526.9333333333333,89.6,-168.53333333333333
2989,-533.3333333333334,98.13333333333333,-164.26666666666665
2990,-529.0666666666666,91.73333333333333,-164.26666666666665
2991,-529.0666666666666,93.86666666666666,-170.66666666666666
2992,-529.0666666666666,91.73333333333333,-177.06666666666666
2993,-533.3333333333334,91.73333333333333,-162.13333333333333
2994,-533.3333333333334,93.86666666666666,-170.66666666666666
2995,-529.0666666666666,89.6,-168.53333333333333
2996,-533.3333333333334,93.86666666666666,-170.66666666666666
2997,-531.2,89.6,-164.26666666666665
2998,-526.9333333333333,96.0,-174.93333333333334
2999,-535.4666666666667,96.0,-170.66666666666666
